,n_pixels_l1_mu,n_pixels_l1_std,n_pixels_l2_mu,n_pixels_l2_std,pred_err_l1_mu,pred_err_l1_std,pred_err_l1_thr_0.1_mu,pred_err_l1_thr_0.1_std,pred_err_l1_thr_0.2_mu,pred_err_l1_thr_0.2_std,pred_err_l1_thr_0.3_mu,pred_err_l1_thr_0.3_std,pred_err_l1_thr_0.4_mu,pred_err_l1_thr_0.4_std,pred_err_l1_thr_0.5_mu,pred_err_l1_thr_0.5_std,pred_err_l1_thr_0.6_mu,pred_err_l1_thr_0.6_std,pred_err_l1_thr_0.7_mu,pred_err_l1_thr_0.7_std,pred_err_l1_thr_0.8_mu,pred_err_l1_thr_0.8_std,pred_err_l1_thr_0.9_mu,pred_err_l1_thr_0.9_std,pred_err_l2_mu,pred_err_l2_std,pred_err_l2_thr_0.1_mu,pred_err_l2_thr_0.1_std,pred_err_l2_thr_0.2_mu,pred_err_l2_thr_0.2_std,pred_err_l2_thr_0.3_mu,pred_err_l2_thr_0.3_std,pred_err_l2_thr_0.4_mu,pred_err_l2_thr_0.4_std,pred_err_l2_thr_0.5_mu,pred_err_l2_thr_0.5_std,pred_err_l2_thr_0.6_mu,pred_err_l2_thr_0.6_std,pred_err_l2_thr_0.7_mu,pred_err_l2_thr_0.7_std,pred_err_l2_thr_0.8_mu,pred_err_l2_thr_0.8_std,pred_err_l2_thr_0.9_mu,pred_err_l2_thr_0.9_std,pw_pred_err_mu,pw_pred_err_std,pw_pred_err_thr_0.1_mu,pw_pred_err_thr_0.1_std,pw_pred_err_thr_0.2_mu,pw_pred_err_thr_0.2_std,pw_pred_err_thr_0.3_mu,pw_pred_err_thr_0.3_std,pw_pred_err_thr_0.4_mu,pw_pred_err_thr_0.4_std,pw_pred_err_thr_0.5_mu,pw_pred_err_thr_0.5_std,pw_pred_err_thr_0.6_mu,pw_pred_err_thr_0.6_std,pw_pred_err_thr_0.7_mu,pw_pred_err_thr_0.7_std,pw_pred_err_thr_0.8_mu,pw_pred_err_thr_0.8_std,pw_pred_err_thr_0.9_mu,pw_pred_err_thr_0.9_std,pred_err_wd_mu,pred_err_wd_std,mahalanobis_mu,mahalanobis_std,mahalanobis_thr_0.1_mu,mahalanobis_thr_0.1_std,mahalanobis_thr_0.2_mu,mahalanobis_thr_0.2_std,mahalanobis_thr_0.3_mu,mahalanobis_thr_0.3_std,mahalanobis_thr_0.4_mu,mahalanobis_thr_0.4_std,mahalanobis_thr_0.5_mu,mahalanobis_thr_0.5_std,mahalanobis_thr_0.6_mu,mahalanobis_thr_0.6_std,mahalanobis_thr_0.7_mu,mahalanobis_thr_0.7_std,mahalanobis_thr_0.8_mu,mahalanobis_thr_0.8_std,mahalanobis_thr_0.9_mu,mahalanobis_thr_0.9_std,kalmanw_pred_err_mu,kalmanw_pred_err_std,kalmanw_pred_err_thr_0.1_mu,kalmanw_pred_err_thr_0.1_std,kalmanw_pred_err_thr_0.2_mu,kalmanw_pred_err_thr_0.2_std,kalmanw_pred_err_thr_0.3_mu,kalmanw_pred_err_thr_0.3_std,kalmanw_pred_err_thr_0.4_mu,kalmanw_pred_err_thr_0.4_std,kalmanw_pred_err_thr_0.5_mu,kalmanw_pred_err_thr_0.5_std,kalmanw_pred_err_thr_0.6_mu,kalmanw_pred_err_thr_0.6_std,kalmanw_pred_err_thr_0.7_mu,kalmanw_pred_err_thr_0.7_std,kalmanw_pred_err_thr_0.8_mu,kalmanw_pred_err_thr_0.8_std,kalmanw_pred_err_thr_0.9_mu,kalmanw_pred_err_thr_0.9_std
Abart,357.3176470588235,0.0,17.417987759148723,0.0,374.6798419601908,0.0,359.0,0.0,334.0,0.0,287.0,0.0,226.0,0.0,178.0,0.0,111.0,0.0,64.0,0.0,22.0,0.0,10.0,0.0,12.664433893707928,0.0,18.947295321496416,0.0,18.275666882497067,0.0,16.941074346097416,0.0,15.033296378372908,0.0,13.341664064126334,0.0,10.535653752852738,0.0,8.0,0.0,4.69041575982343,0.0,3.1622776601683795,0.0,,,,,,,,,,,,,,,,,,,,,7.81445116752921,0.0,,,,,,,,,,,,,,,,,,,,,12.664502994629299,0.0,17.05102610473771,0.0,16.491466055940357,0.0,15.02651974627447,0.0,13.078605888752103,0.0,11.295678294358712,0.0,8.522854171008754,0.0,5.9142398575102275,0.0,3.277671019673082,0.0,2.1709853771735363,0.0
Abend,424.53333333333336,0.0,19.08894980384228,0.0,381.5284703830597,0.0,437.0,0.0,411.0,0.0,353.0,0.0,286.0,0.0,200.0,0.0,118.0,0.0,63.0,0.0,37.0,0.0,19.0,0.0,12.890550049553402,0.0,20.904544960366874,0.0,20.273134932713294,0.0,18.788294228055936,0.0,16.911534525287763,0.0,14.142135623730951,0.0,10.862780491200215,0.0,7.937253933193772,0.0,6.082762530298219,0.0,4.358898943540674,0.0,,,,,,,,,,,,,,,,,,,,,3.9355587980872957,0.0,,,,,,,,,,,,,,,,,,,,,12.890637498865471,0.0,19.0855453756844,0.0,18.590858513902816,0.0,16.957709476029034,0.0,14.974059915834642,0.0,12.072566823940237,0.0,8.946649217296672,0.0,6.188067979483546,0.0,4.777581657183169,0.0,3.1875484413229156,0.0
Aboln,385.80784313725496,0.0,18.20417627450199,0.0,387.9975894474552,0.0,397.0,0.0,370.0,0.0,323.0,0.0,258.0,0.0,200.0,0.0,121.0,0.0,72.0,0.0,35.0,0.0,15.0,0.0,13.116073611042887,0.0,19.924858845171276,0.0,19.235384061671343,0.0,17.97220075561143,0.0,16.06237840420901,0.0,14.142135623730951,0.0,11.0,0.0,8.48528137423857,0.0,5.916079783099616,0.0,3.872983346207417,0.0,,,,,,,,,,,,,,,,,,,,,4.297295777295849,0.0,,,,,,,,,,,,,,,,,,,,,13.11637189626006,0.0,18.237228587091764,0.0,17.589097435354084,0.0,16.193486739186884,0.0,14.17183197968727,0.0,12.09283778474482,0.0,9.054618489727819,0.0,6.5730063981425975,0.0,4.930594487016656,0.0,2.76413053525097,0.0
Abtäs,374.89019607843136,0.0,17.747932608618,0.0,371.2364644329441,0.0,387.0,0.0,351.0,0.0,293.0,0.0,232.0,0.0,170.0,0.0,114.0,0.0,62.0,0.0,28.0,0.0,16.0,0.0,12.567248042703039,0.0,19.672315572906,0.0,18.734993995195193,0.0,17.11724276862369,0.0,15.231546211727817,0.0,13.038404810405298,0.0,10.677078252031311,0.0,7.874007874011811,0.0,5.291502622129181,0.0,4.0,0.0,,,,,,,,,,,,,,,,,,,,,4.552003801679707,0.0,,,,,,,,,,,,,,,,,,,,,12.567569745306816,0.0,17.651112539697,0.0,16.884804469174398,0.0,15.26238508516516,0.0,13.275594238749171,0.0,11.065458628403857,0.0,8.826942608338555,0.0,5.875152588569393,0.0,3.952779943539463,0.0,3.094357470601241,0.0
Acker,352.2705882352941,0.0,17.436157176560904,0.0,379.3594126016099,0.0,354.0,0.0,323.0,0.0,291.0,0.0,245.0,0.0,172.0,0.0,108.0,0.0,61.0,0.0,32.0,0.0,5.0,0.0,12.800965339712272,0.0,18.81488772222678,0.0,17.97220075561143,0.0,17.05872210923198,0.0,15.652475842498529,0.0,13.114877048604,0.0,10.392304845413264,0.0,7.810249675906654,0.0,5.656854249492381,0.0,2.23606797749979,0.0,,,,,,,,,,,,,,,,,,,,,4.894348781581017,0.0,,,,,,,,,,,,,,,,,,,,,12.800757545688347,0.0,16.879112036976384,0.0,16.22450569065933,0.0,15.183660731843055,0.0,13.522073306595855,0.0,11.023068618552651,0.0,8.364059716861536,0.0,5.890667453797216,0.0,4.432963351839527,0.0,1.1384154671062026,0.0
Adern,379.69803921568626,0.0,18.124467352207354,0.0,369.70217270992134,0.0,377.0,0.0,351.0,0.0,309.0,0.0,250.0,0.0,182.0,0.0,103.0,0.0,56.0,0.0,26.0,0.0,12.0,0.0,12.536754145693905,0.0,19.4164878389476,0.0,18.734993995195193,0.0,17.578395831246947,0.0,15.811388300841896,0.0,13.490737563232042,0.0,10.14889156509222,0.0,7.483314773547883,0.0,5.0990195135927845,0.0,3.4641016151377544,0.0,,,,,,,,,,,,,,,,,,,,,4.510341781205278,0.0,,,,,,,,,,,,,,,,,,,,,12.537117616533196,0.0,17.662328303989018,0.0,17.026102747322124,0.0,15.837181275893752,0.0,13.894734574769588,0.0,11.396887843877776,0.0,8.216838497387675,0.0,5.760515108546731,0.0,4.088762859036279,0.0,2.671324083784704,0.0
Adler,355.85490196078433,0.0,17.58814173582129,0.0,384.7104213405038,0.0,358.0,0.0,328.0,0.0,290.0,0.0,238.0,0.0,168.0,0.0,119.0,0.0,73.0,0.0,42.0,0.0,17.0,0.0,13.022088939097669,0.0,18.920887928424502,0.0,18.110770276274835,0.0,17.029386365926403,0.0,15.427248620541512,0.0,12.96148139681572,0.0,10.908712114635714,0.0,8.54400374531753,0.0,6.48074069840786,0.0,4.123105625617661,0.0,,,,,,,,,,,,,,,,,,,,,7.189990226213533,0.0,,,,,,,,,,,,,,,,,,,,,13.022207900119216,0.0,16.995629894315385,0.0,16.30467209892149,0.0,15.271569225514178,0.0,13.526573653471116,0.0,11.10480614815296,0.0,9.117700306345563,0.0,6.920525680471624,0.0,5.604098945317417,0.0,3.182441053153892,0.0
Adria,350.5450980392157,0.0,17.353909799043585,0.0,377.59180131366895,0.0,347.0,0.0,317.0,0.0,281.0,0.0,231.0,0.0,171.0,0.0,121.0,0.0,70.0,0.0,30.0,0.0,12.0,0.0,12.846508375572862,0.0,18.627936010197157,0.0,17.804493814764857,0.0,16.76305461424021,0.0,15.198684153570664,0.0,13.076696830622021,0.0,11.0,0.0,8.366600265340756,0.0,5.477225575051661,0.0,3.4641016151377544,0.0,,,,,,,,,,,,,,,,,,,,,6.400245944796635,0.0,,,,,,,,,,,,,,,,,,,,,12.846641609832048,0.0,16.844765029719476,0.0,16.07275345439205,0.0,14.986394925043273,0.0,13.329812532378117,0.0,11.132677231191842,0.0,8.967801242983066,0.0,6.384342955062131,0.0,4.461378361341178,0.0,2.671324083784704,0.0
Affen,359.964705882353,0.0,17.607111649070593,0.0,389.3399564810096,0.0,357.0,0.0,327.0,0.0,292.0,0.0,242.0,0.0,186.0,0.0,127.0,0.0,82.0,0.0,41.0,0.0,18.0,0.0,13.33436693265631,0.0,18.894443627691185,0.0,18.083141320025124,0.0,17.08800749063506,0.0,15.556349186104045,0.0,13.638181696985855,0.0,11.269427669584644,0.0,9.055385138137417,0.0,6.4031242374328485,0.0,4.242640687119285,0.0,,,,,,,,,,,,,,,,,,,,,3.4761901766510586,0.0,,,,,,,,,,,,,,,,,,,,,13.334595848947066,0.0,17.018123774567474,0.0,16.363613391814084,0.0,15.42147036411249,0.0,13.63528642632505,0.0,11.636701313984567,0.0,9.36211776025704,0.0,7.2900871027483705,0.0,5.145946831919984,0.0,3.2524240624617633,0.0
Agenk,433.4980392156863,0.0,19.37423903083259,0.0,401.30969620396706,0.0,459.0,0.0,418.0,0.0,362.0,0.0,297.0,0.0,218.0,0.0,139.0,0.0,83.0,0.0,50.0,0.0,25.0,0.0,13.579269089414707,0.0,21.42428528562855,0.0,20.445048300260872,0.0,19.026297590440446,0.0,17.233687939614086,0.0,14.7648230602334,0.0,11.789826122551595,0.0,9.1104335791443,0.0,7.0710678118654755,0.0,5.0,0.0,,,,,,,,,,,,,,,,,,,,,3.9272038796742783,0.0,,,,,,,,,,,,,,,,,,,,,13.579569587457058,0.0,19.489616859292926,0.0,18.787645882053617,0.0,17.18296135954466,0.0,15.302666676321712,0.0,12.700767491046548,0.0,9.83281763822328,0.0,7.221491022006869,0.0,5.513934056345636,0.0,3.29607596678204,0.0
Agent,392.6627450980392,0.0,18.363731954261535,0.0,381.93321427703677,0.0,406.0,0.0,370.0,0.0,315.0,0.0,257.0,0.0,186.0,0.0,116.0,0.0,68.0,0.0,35.0,0.0,20.0,0.0,12.952216029675295,0.0,20.149441679609886,0.0,19.235384061671343,0.0,17.74823934929885,0.0,16.0312195418814,0.0,13.638181696985855,0.0,10.770329614269007,0.0,8.246211251235321,0.0,5.916079783099616,0.0,4.47213595499958,0.0,,,,,,,,,,,,,,,,,,,,,5.989299106996723,0.0,,,,,,,,,,,,,,,,,,,,,12.952344278411264,0.0,18.051239318330857,0.0,17.48240352922238,0.0,15.895760667178987,0.0,14.111454572881861,0.0,11.592732851867867,0.0,8.758494464311358,0.0,6.2939344892551805,0.0,4.099960297171161,0.0,2.9510003174626482,0.0
Ahnen,406.91372549019604,0.0,18.808191054689754,0.0,357.80178692432537,0.0,403.0,0.0,374.0,0.0,332.0,0.0,266.0,0.0,180.0,0.0,90.0,0.0,46.0,0.0,27.0,0.0,14.0,0.0,12.239577490482294,0.0,20.074859899884732,0.0,19.339079605813716,0.0,18.2208671582886,0.0,16.30950643030009,0.0,13.416407864998739,0.0,9.486832980505138,0.0,6.782329983125268,0.0,5.196152422706632,0.0,3.7416573867739413,0.0,,,,,,,,,,,,,,,,,,,,,3.1668379600171606,0.0,,,,,,,,,,,,,,,,,,,,,12.239745808373348,0.0,18.39520161661407,0.0,17.74040717804324,0.0,16.504172689710842,0.0,14.30121347245314,0.0,11.298680604793422,0.0,7.616752956747216,0.0,5.261466511007977,0.0,4.23904974147515,0.0,3.0476554563234997,0.0
Aigön,398.4588235294118,0.0,18.468604447816404,0.0,403.0644942267148,0.0,419.0,0.0,376.0,0.0,336.0,0.0,277.0,0.0,202.0,0.0,137.0,0.0,85.0,0.0,46.0,0.0,22.0,0.0,13.636396991909612,0.0,20.46948949045872,0.0,19.390719429665317,0.0,18.33030277982336,0.0,16.64331697709324,0.0,14.212670403551895,0.0,11.704699910719626,0.0,9.219544457292887,0.0,6.782329983125268,0.0,4.69041575982343,0.0,,,,,,,,,,,,,,,,,,,,,4.721193891591151,0.0,,,,,,,,,,,,,,,,,,,,,13.63671027187016,0.0,18.53632191411223,0.0,17.629011189555325,0.0,16.556129127893666,0.0,14.662997061371003,0.0,12.077087570277174,0.0,9.55592967610277,0.0,6.997204732403766,0.0,5.1803793124301265,0.0,3.128511129965238,0.0
Akkus,410.6705882352941,0.0,18.866313714037467,0.0,397.34577269156296,0.0,435.0,0.0,395.0,0.0,344.0,0.0,279.0,0.0,205.0,0.0,134.0,0.0,75.0,0.0,49.0,0.0,19.0,0.0,13.44328773872674,0.0,20.85665361461421,0.0,19.87460691435179,0.0,18.547236990991408,0.0,16.703293088490067,0.0,14.317821063276353,0.0,11.575836902790225,0.0,8.660254037844387,0.0,7.0,0.0,4.358898943540674,0.0,,,,,,,,,,,,,,,,,,,,,5.298194068673216,0.0,,,,,,,,,,,,,,,,,,,,,13.44309952703334,0.0,18.826124583756933,0.0,18.087704763604137,0.0,16.62518100605813,0.0,14.55663592123753,0.0,12.287717260203165,0.0,9.55375313878665,0.0,6.95422929395322,0.0,5.885708628182616,0.0,3.2778104200363614,0.0
Aktie,347.7450980392157,0.0,17.33307115408141,0.0,389.92083242218865,0.0,355.0,0.0,323.0,0.0,285.0,0.0,235.0,0.0,182.0,0.0,122.0,0.0,76.0,0.0,38.0,0.0,16.0,0.0,13.2333259972552,0.0,18.841443681416774,0.0,17.97220075561143,0.0,16.881943016134134,0.0,15.329709716755891,0.0,13.490737563232042,0.0,11.045361017187261,0.0,8.717797887081348,0.0,6.164414002968976,0.0,4.0,0.0,,,,,,,,,,,,,,,,,,,,,6.9798422894979115,0.0,,,,,,,,,,,,,,,,,,,,,13.233654225126683,0.0,16.867162545221788,0.0,16.132918878008766,0.0,15.099441585338734,0.0,13.448663321413662,0.0,11.552525232955256,0.0,9.121426006712655,0.0,6.751171953827693,0.0,4.899371359768078,0.0,3.120929000128102,0.0
Alahn,387.75686274509803,0.0,18.358479975341044,0.0,391.514068080764,0.0,396.0,0.0,358.0,0.0,320.0,0.0,263.0,0.0,195.0,0.0,130.0,0.0,77.0,0.0,42.0,0.0,11.0,0.0,13.37123035263311,0.0,19.8997487421324,0.0,18.920887928424502,0.0,17.88854381999832,0.0,16.217274740226856,0.0,13.96424004376894,0.0,11.40175425099138,0.0,8.774964387392123,0.0,6.48074069840786,0.0,3.3166247903554,0.0,,,,,,,,,,,,,,,,,,,,,4.980222431585234,0.0,,,,,,,,,,,,,,,,,,,,,13.371695585839012,0.0,18.052594432055407,0.0,17.242703847188185,0.0,16.124248596047472,0.0,14.272294155938578,0.0,11.90812234887866,0.0,9.395960613425327,0.0,7.073843031930484,0.0,5.5591141805796,0.0,2.3830767014234646,0.0
Alarm,383.0352941176471,0.0,18.19721176321806,0.0,457.32821769214354,0.0,407.0,0.0,371.0,0.0,329.0,0.0,287.0,0.0,243.0,0.0,187.0,0.0,141.0,0.0,80.0,0.0,55.0,0.0,15.338047703781875,0.0,20.174241001832016,0.0,19.261360284258224,0.0,18.138357147217054,0.0,16.941074346097416,0.0,15.588457268119896,0.0,13.674794331177344,0.0,11.874342087037917,0.0,8.94427190999916,0.0,7.416198487095663,0.0,,,,,,,,,,,,,,,,,,,,,7.826237331472286,0.0,,,,,,,,,,,,,,,,,,,,,15.338330674847521,0.0,18.130756940900064,0.0,17.43106019179577,0.0,16.418886196495865,0.0,15.151823631909968,0.0,13.757543124789017,0.0,11.753091776594479,0.0,9.975573435524181,0.0,7.546760778343145,0.0,6.25633225611234,0.0
Alben,382.27058823529416,0.0,18.15983671066288,0.0,386.51991560771404,0.0,392.0,0.0,367.0,0.0,324.0,0.0,256.0,0.0,184.0,0.0,117.0,0.0,68.0,0.0,36.0,0.0,11.0,0.0,13.093974910647528,0.0,19.79898987322333,0.0,19.157244060668017,0.0,18.0,0.0,16.0,0.0,13.564659966250536,0.0,10.816653826391969,0.0,8.246211251235321,0.0,6.0,0.0,3.3166247903554,0.0,,,,,,,,,,,,,,,,,,,,,3.1774762192777417,0.0,,,,,,,,,,,,,,,,,,,,,13.094300465959401,0.0,18.029441744924476,0.0,17.440114335278658,0.0,16.22321771927398,0.0,13.976615392238951,0.0,11.552315250673049,0.0,9.05252484778056,0.0,6.426678969370062,0.0,4.750533971548585,0.0,2.3853768299491405,0.0
Algen,393.4901960784314,0.0,18.467708030714796,0.0,399.70396908315894,0.0,408.0,0.0,373.0,0.0,328.0,0.0,272.0,0.0,198.0,0.0,130.0,0.0,81.0,0.0,49.0,0.0,25.0,0.0,13.54523088663308,0.0,20.199009876724155,0.0,19.313207915827967,0.0,18.110770276274835,0.0,16.492422502470642,0.0,14.071247279470288,0.0,11.40175425099138,0.0,9.0,0.0,7.0,0.0,5.0,0.0,,,,,,,,,,,,,,,,,,,,,3.8464578261775806,0.0,,,,,,,,,,,,,,,,,,,,,13.545494386676738,0.0,18.313939835844668,0.0,17.603927465462945,0.0,16.400273730447285,0.0,14.550297652399594,0.0,12.030970210262852,0.0,9.491410374117736,0.0,7.048047009389279,0.0,5.40897219476201,0.0,3.473723439020757,0.0
Alibi,328.80392156862746,0.0,16.837342014722005,0.0,416.5177067219567,0.0,342.0,0.0,318.0,0.0,284.0,0.0,233.0,0.0,188.0,0.0,145.0,0.0,94.0,0.0,48.0,0.0,13.0,0.0,14.046530030280827,0.0,18.49324200890693,0.0,17.832554500127006,0.0,16.852299546352718,0.0,15.264337522473747,0.0,13.711309200802088,0.0,12.041594578792296,0.0,9.695359714832659,0.0,6.928203230275509,0.0,3.605551275463989,0.0,,,,,,,,,,,,,,,,,,,,,4.902941333944437,0.0,,,,,,,,,,,,,,,,,,,,,14.04628586080505,0.0,16.554590323998898,0.0,15.979692465417214,0.0,14.93812456317866,0.0,13.259781735002544,0.0,11.799853727404848,0.0,10.068640509124057,0.0,7.51139554122264,0.0,5.505149154581241,0.0,2.569468269723688,0.0
Allas,324.42352941176466,0.0,16.733130682497045,0.0,390.536172596534,0.0,328.0,0.0,294.0,0.0,251.0,0.0,211.0,0.0,168.0,0.0,133.0,0.0,84.0,0.0,42.0,0.0,14.0,0.0,13.336837831060427,0.0,18.110770276274835,0.0,17.146428199482248,0.0,15.84297951775486,0.0,14.52583904633395,0.0,12.96148139681572,0.0,11.532562594670797,0.0,9.16515138991168,0.0,6.48074069840786,0.0,3.7416573867739413,0.0,,,,,,,,,,,,,,,,,,,,,3.7314345619598854,0.0,,,,,,,,,,,,,,,,,,,,,13.337599892240508,0.0,16.11067485740268,0.0,15.391543633679667,0.0,14.034901158996878,0.0,12.624450536656186,0.0,11.09121753429141,0.0,9.651381815097864,0.0,7.396414003213433,0.0,5.621733827644107,0.0,2.868625345004904,0.0
Alpen,384.4039215686274,0.0,18.288986523755995,0.0,389.85642377562397,0.0,386.0,0.0,354.0,0.0,316.0,0.0,261.0,0.0,193.0,0.0,121.0,0.0,77.0,0.0,46.0,0.0,23.0,0.0,13.324052630201198,0.0,19.6468827043885,0.0,18.81488772222678,0.0,17.776388834631177,0.0,16.15549442140351,0.0,13.892443989449804,0.0,11.0,0.0,8.774964387392123,0.0,6.782329983125268,0.0,4.795831523312719,0.0,,,,,,,,,,,,,,,,,,,,,3.3070733690554808,0.0,,,,,,,,,,,,,,,,,,,,,13.324391427447974,0.0,17.814611753158868,0.0,17.11029872896305,0.0,16.063122943359417,0.0,14.22955526848349,0.0,11.880175502343628,0.0,9.25983400277297,0.0,7.137304878890594,0.0,5.647255989759683,0.0,4.027874971788813,0.0
Altar,317.4509803921569,0.0,16.533122184907608,0.0,389.47190271399757,0.0,317.0,0.0,291.0,0.0,256.0,0.0,216.0,0.0,167.0,0.0,126.0,0.0,78.0,0.0,29.0,0.0,9.0,0.0,13.235242117596554,0.0,17.804493814764857,0.0,17.05872210923198,0.0,16.0,0.0,14.696938456699069,0.0,12.922847983320086,0.0,11.224972160321824,0.0,8.831760866327848,0.0,5.385164807134504,0.0,3.0,0.0,,,,,,,,,,,,,,,,,,,,,4.450212180179315,0.0,,,,,,,,,,,,,,,,,,,,,13.23586256590165,0.0,15.732300031230011,0.0,15.167304061485796,0.0,14.14786040334021,0.0,12.696118210920382,0.0,10.938005351198983,0.0,9.231084106314773,0.0,6.787143323611222,0.0,4.244880000700364,0.0,2.289180338892289,0.0
Alten,341.57647058823534,0.0,17.201974082686185,0.0,381.01049126245607,0.0,343.0,0.0,316.0,0.0,277.0,0.0,230.0,0.0,169.0,0.0,110.0,0.0,68.0,0.0,30.0,0.0,9.0,0.0,12.968804106587747,0.0,18.520259177452136,0.0,17.776388834631177,0.0,16.64331697709324,0.0,15.165750888103101,0.0,13.0,0.0,10.488088481701515,0.0,8.246211251235321,0.0,5.477225575051661,0.0,3.0,0.0,,,,,,,,,,,,,,,,,,,,,4.120507095668753,0.0,,,,,,,,,,,,,,,,,,,,,12.969193765432186,0.0,16.529920272493975,0.0,15.922861897687447,0.0,14.944858146151107,0.0,13.247950776541387,0.0,11.004585282453728,0.0,8.67299110145651,0.0,6.398652911403878,0.0,4.273848884107223,0.0,2.289180338892289,0.0
Alter,312.7647058823529,0.0,16.459186062618837,0.0,385.5012467165031,0.0,313.0,0.0,288.0,0.0,252.0,0.0,214.0,0.0,156.0,0.0,112.0,0.0,72.0,0.0,30.0,0.0,9.0,0.0,13.051201595327662,0.0,17.69180601295413,0.0,16.97056274847714,0.0,15.874507866387544,0.0,14.628738838327793,0.0,12.489995996796797,0.0,10.583005244258363,0.0,8.48528137423857,0.0,5.477225575051661,0.0,3.0,0.0,,,,,,,,,,,,,,,,,,,,,4.9747197064840485,0.0,,,,,,,,,,,,,,,,,,,,,13.051392653972426,0.0,15.559350404194449,0.0,14.993726766372628,0.0,14.032917761530904,0.0,12.627458898553252,0.0,10.558055389367631,0.0,8.748112249400727,0.0,6.588103874584667,0.0,4.273848884107223,0.0,2.289180338892289,0.0
Amche,422.65490196078434,0.0,19.088896229128693,0.0,439.50840035311984,0.0,456.0,0.0,404.0,0.0,358.0,0.0,308.0,0.0,235.0,0.0,164.0,0.0,119.0,0.0,76.0,0.0,52.0,0.0,14.750993957565672,0.0,21.354156504062622,0.0,20.09975124224178,0.0,18.920887928424502,0.0,17.549928774784245,0.0,15.329709716755891,0.0,12.806248474865697,0.0,10.908712114635714,0.0,8.717797887081348,0.0,7.211102550927978,0.0,,,,,,,,,,,,,,,,,,,,,4.269647974215804,0.0,,,,,,,,,,,,,,,,,,,,,14.750830611431422,0.0,19.246951887581417,0.0,18.164258560465985,0.0,17.132027015235312,0.0,15.670501056094292,0.0,13.43030138977796,0.0,11.00969710983029,0.0,9.308590141455223,0.0,7.500000979501136,0.0,6.078647804577902,0.0
Amtig,413.9490196078431,0.0,18.8555491553145,0.0,477.8551786789345,0.0,459.0,0.0,418.0,0.0,361.0,0.0,319.0,0.0,264.0,0.0,201.0,0.0,152.0,0.0,90.0,0.0,66.0,0.0,15.824354337209915,0.0,21.42428528562855,0.0,20.445048300260872,0.0,19.0,0.0,17.86057109949175,0.0,16.24807680927192,0.0,14.177446878757825,0.0,12.328828005937952,0.0,9.486832980505138,0.0,8.12403840463596,0.0,,,,,,,,,,,,,,,,,,,,,5.92168573878817,0.0,,,,,,,,,,,,,,,,,,,,,15.824306443950126,0.0,19.236543526382533,0.0,18.512564326417774,0.0,17.35829165162416,0.0,16.124446401362718,0.0,14.437079762951194,0.0,12.22902385595658,0.0,10.203490221549885,0.0,7.6693509641504765,0.0,6.581245997619671,0.0
Andam,454.10980392156864,0.0,19.767396331044047,0.0,441.24569089097827,0.0,489.0,0.0,444.0,0.0,393.0,0.0,329.0,0.0,251.0,0.0,177.0,0.0,128.0,0.0,81.0,0.0,57.0,0.0,14.850916626944295,0.0,22.11334438749598,0.0,21.071307505705477,0.0,19.82422760159901,0.0,18.138357147217054,0.0,15.84297951775486,0.0,13.30413469565007,0.0,11.313708498984761,0.0,9.0,0.0,7.54983443527075,0.0,,,,,,,,,,,,,,,,,,,,,6.882350382748984,0.0,,,,,,,,,,,,,,,,,,,,,14.851122463470764,0.0,20.11048452675088,0.0,19.32955237764302,0.0,18.13994497644614,0.0,16.264460498877053,0.0,13.89221668640591,0.0,11.32624186690193,0.0,9.534509835677795,0.0,7.541748695288025,0.0,6.3631347891789725,0.0
Anein,356.25098039215686,0.0,17.557540269066298,0.0,359.51705771665746,0.0,347.0,0.0,329.0,0.0,290.0,0.0,232.0,0.0,170.0,0.0,92.0,0.0,44.0,0.0,17.0,0.0,2.0,0.0,12.240241570339771,0.0,18.627936010197157,0.0,18.138357147217054,0.0,17.029386365926403,0.0,15.231546211727817,0.0,13.038404810405298,0.0,9.591663046625438,0.0,6.6332495807108,0.0,4.123105625617661,0.0,1.4142135623730951,0.0,,,,,,,,,,,,,,,,,,,,,4.532690521159603,0.0,,,,,,,,,,,,,,,,,,,,,12.240613976989525,0.0,16.98332184924113,0.0,16.574313708879938,0.0,15.326954369052713,0.0,13.184624806473318,0.0,10.869026630867872,0.0,7.406639681848757,0.0,4.6076338851391965,0.0,2.7479929266509266,0.0,0.528653975641444,0.0
Angel,393.4901960784314,0.0,18.467708030714796,0.0,395.00961116375527,0.0,407.0,0.0,374.0,0.0,330.0,0.0,265.0,0.0,187.0,0.0,127.0,0.0,80.0,0.0,55.0,0.0,26.0,0.0,13.377945657787544,0.0,20.174241001832016,0.0,19.339079605813716,0.0,18.16590212458495,0.0,16.278820596099706,0.0,13.674794331177344,0.0,11.269427669584644,0.0,8.94427190999916,0.0,7.416198487095663,0.0,5.0990195135927845,0.0,,,,,,,,,,,,,,,,,,,,,5.223616606482759,0.0,,,,,,,,,,,,,,,,,,,,,13.378315593532188,0.0,18.296589860498596,0.0,17.674835600599515,0.0,16.446430809335467,0.0,14.256381038821582,0.0,11.677653924689348,0.0,9.295816944038531,0.0,7.015448048696953,0.0,5.67216947143639,0.0,3.4155437097320145,0.0
Angst,384.2078431372549,0.0,18.119569968408783,0.0,381.0004646165227,0.0,397.0,0.0,358.0,0.0,312.0,0.0,250.0,0.0,181.0,0.0,115.0,0.0,67.0,0.0,38.0,0.0,18.0,0.0,12.890329225714487,0.0,19.924858845171276,0.0,18.920887928424502,0.0,17.663521732655695,0.0,15.811388300841896,0.0,13.45362404707371,0.0,10.723805294763608,0.0,8.18535277187245,0.0,6.164414002968976,0.0,4.242640687119285,0.0,,,,,,,,,,,,,,,,,,,,,5.498543090258347,0.0,,,,,,,,,,,,,,,,,,,,,12.890575554186926,0.0,17.874179908436226,0.0,17.1990797638101,0.0,15.908931979106805,0.0,13.754841626967016,0.0,11.328978156362028,0.0,8.565783966069803,0.0,6.030675743961505,0.0,4.2006336373127775,0.0,2.663582846149581,0.0
Angur,399.43921568627457,0.0,18.573539735764754,0.0,384.7636970084743,0.0,415.0,0.0,387.0,0.0,342.0,0.0,268.0,0.0,182.0,0.0,116.0,0.0,60.0,0.0,33.0,0.0,18.0,0.0,12.930644169623504,0.0,20.37154878746336,0.0,19.672315572906,0.0,18.49324200890693,0.0,16.3707055437449,0.0,13.490737563232042,0.0,10.770329614269007,0.0,7.745966692414834,0.0,5.744562646538029,0.0,4.242640687119285,0.0,,,,,,,,,,,,,,,,,,,,,5.250655601838389,0.0,,,,,,,,,,,,,,,,,,,,,12.930755941350263,0.0,18.449712802610367,0.0,17.874227892257807,0.0,16.62951274781487,0.0,14.07482714623741,0.0,11.349474533016213,0.0,8.518715239167848,0.0,5.663687387333087,0.0,3.993419455067584,0.0,2.663582846149581,0.0
Anker,377.443137254902,0.0,18.11609449251324,0.0,373.12460874753344,0.0,379.0,0.0,350.0,0.0,316.0,0.0,256.0,0.0,177.0,0.0,107.0,0.0,57.0,0.0,31.0,0.0,5.0,0.0,12.635951306796965,0.0,19.467922333931785,0.0,18.708286933869708,0.0,17.776388834631177,0.0,16.0,0.0,13.30413469565007,0.0,10.344080432788601,0.0,7.54983443527075,0.0,5.5677643628300215,0.0,2.23606797749979,0.0,,,,,,,,,,,,,,,,,,,,,5.779442306370652,0.0,,,,,,,,,,,,,,,,,,,,,12.635879970937662,0.0,17.660090336235754,0.0,17.061909608791943,0.0,15.976204027357737,0.0,13.867917203975535,0.0,11.196631066206693,0.0,8.288598154205095,0.0,5.734497352170332,0.0,4.395478090316838,0.0,1.1384154671062026,0.0
Anmas,413.0235294117647,0.0,18.791382271508702,0.0,409.92458175064064,0.0,430.0,0.0,385.0,0.0,338.0,0.0,279.0,0.0,215.0,0.0,156.0,0.0,102.0,0.0,60.0,0.0,46.0,0.0,13.937074176785737,0.0,20.73644135332772,0.0,19.621416870348583,0.0,18.384776310850235,0.0,16.703293088490067,0.0,14.66287829861518,0.0,12.489995996796797,0.0,10.099504938362077,0.0,7.745966692414834,0.0,6.782329983125268,0.0,,,,,,,,,,,,,,,,,,,,,5.088899182246496,0.0,,,,,,,,,,,,,,,,,,,,,13.93721683272906,0.0,18.747241935424494,0.0,17.941344777257214,0.0,16.702719478271877,0.0,14.781881027635668,0.0,12.76594097205987,0.0,10.514625652503602,0.0,8.415210642914696,0.0,6.415011568988854,0.0,5.6864105555119995,0.0
Anmut,417.25098039215686,0.0,18.96423919696957,0.0,428.21496086800414,0.0,445.0,0.0,407.0,0.0,362.0,0.0,296.0,0.0,227.0,0.0,161.0,0.0,107.0,0.0,63.0,0.0,46.0,0.0,14.400180599170897,0.0,21.095023109728988,0.0,20.174241001832016,0.0,19.026297590440446,0.0,17.204650534085253,0.0,15.066519173319364,0.0,12.68857754044952,0.0,10.344080432788601,0.0,7.937253933193772,0.0,6.782329983125268,0.0,,,,,,,,,,,,,,,,,,,,,5.2697661128017845,0.0,,,,,,,,,,,,,,,,,,,,,14.400013443785486,0.0,18.948954448913042,0.0,18.30460572036425,0.0,17.24988146352981,0.0,15.141843976754743,0.0,13.125195701288774,0.0,10.67075266594453,0.0,8.635224684451899,0.0,6.502485051766201,0.0,5.6864105555119995,0.0
Annag,422.01960784313724,0.0,19.043349241317753,0.0,373.14838059139424,0.0,433.0,0.0,396.0,0.0,347.0,0.0,273.0,0.0,196.0,0.0,117.0,0.0,62.0,0.0,33.0,0.0,18.0,0.0,12.718741835248759,0.0,20.808652046684813,0.0,19.8997487421324,0.0,18.627936010197157,0.0,16.522711641858304,0.0,14.0,0.0,10.816653826391969,0.0,7.874007874011811,0.0,5.744562646538029,0.0,4.242640687119285,0.0,,,,,,,,,,,,,,,,,,,,,5.408975774614903,0.0,,,,,,,,,,,,,,,,,,,,,12.71916652631745,0.0,19.04138946745195,0.0,18.365499039758102,0.0,16.881637896575977,0.0,14.460208883985647,0.0,11.878294454264807,0.0,8.616014393180967,0.0,5.8407319420147115,0.0,3.99358271870962,0.0,2.662125410438033,0.0
Anper,379.435294117647,0.0,18.128361995793195,0.0,366.0021125068509,0.0,373.0,0.0,346.0,0.0,311.0,0.0,247.0,0.0,168.0,0.0,99.0,0.0,55.0,0.0,31.0,0.0,16.0,0.0,12.43597608139223,0.0,19.313207915827967,0.0,18.601075237738275,0.0,17.635192088548397,0.0,15.716233645501712,0.0,12.96148139681572,0.0,9.9498743710662,0.0,7.416198487095663,0.0,5.5677643628300215,0.0,4.0,0.0,,,,,,,,,,,,,,,,,,,,,5.714290722632706,0.0,,,,,,,,,,,,,,,,,,,,,12.436013317568161,0.0,17.50660625404143,0.0,16.900330915264593,0.0,15.835564830916203,0.0,13.604725013106078,0.0,10.885280851550645,0.0,8.015640900573565,0.0,5.738205992386199,0.0,4.341553329938851,0.0,3.3587729245436866,0.0
Antus,353.67058823529413,0.0,17.39689614231199,0.0,354.00553193327437,0.0,360.0,0.0,332.0,0.0,282.0,0.0,215.0,0.0,142.0,0.0,87.0,0.0,41.0,0.0,14.0,0.0,2.0,0.0,11.930188074394954,0.0,18.973665961010276,0.0,18.2208671582886,0.0,16.792855623746664,0.0,14.66287829861518,0.0,11.916375287812984,0.0,9.327379053088816,0.0,6.4031242374328485,0.0,3.7416573867739413,0.0,1.4142135623730951,0.0,,,,,,,,,,,,,,,,,,,,,3.9160040991443488,0.0,,,,,,,,,,,,,,,,,,,,,11.930194017825313,0.0,16.87755265134801,0.0,16.26116503949493,0.0,14.939319597557708,0.0,12.36489835706904,0.0,9.832585016950702,0.0,7.20033763659094,0.0,4.505802916461967,0.0,2.2180776603289365,0.0,0.528653975641444,0.0
Anzug,413.31764705882347,0.0,18.907082537727167,0.0,385.4440915950577,0.0,441.0,0.0,405.0,0.0,350.0,0.0,267.0,0.0,187.0,0.0,119.0,0.0,63.0,0.0,36.0,0.0,18.0,0.0,12.94752235904013,0.0,21.0,0.0,20.12461179749811,0.0,18.708286933869708,0.0,16.34013463836819,0.0,13.674794331177344,0.0,10.908712114635714,0.0,7.937253933193772,0.0,6.0,0.0,4.242640687119285,0.0,,,,,,,,,,,,,,,,,,,,,5.784369856715492,0.0,,,,,,,,,,,,,,,,,,,,,12.947124132222013,0.0,19.066427934122036,0.0,18.328802684250878,0.0,16.78340863728866,0.0,14.016083224217835,0.0,11.553500086608109,0.0,8.596527521959372,0.0,5.872930220836226,0.0,4.109679670571192,0.0,2.662125410438033,0.0
Apfel,369.34117647058827,0.0,17.901672570323452,0.0,405.68164049317977,0.0,375.0,0.0,342.0,0.0,304.0,0.0,250.0,0.0,192.0,0.0,143.0,0.0,101.0,0.0,65.0,0.0,33.0,0.0,13.838647886279468,0.0,19.364916731037084,0.0,18.49324200890693,0.0,17.435595774162696,0.0,15.811388300841896,0.0,13.856406460551018,0.0,11.958260743101398,0.0,10.04987562112089,0.0,8.06225774829855,0.0,5.744562646538029,0.0,,,,,,,,,,,,,,,,,,,,,6.451362668819837,0.0,,,,,,,,,,,,,,,,,,,,,13.838627320472813,0.0,17.39150983516843,0.0,16.763929750166955,0.0,15.695977214190446,0.0,13.947214441167628,0.0,11.996529607899923,0.0,10.15503021376862,0.0,8.384574763003705,0.0,6.727645782561557,0.0,4.544473419044938,0.0
Arahn,382.7882352941177,0.0,18.19846882540915,0.0,375.46359631006464,0.0,382.0,0.0,349.0,0.0,312.0,0.0,255.0,0.0,183.0,0.0,116.0,0.0,62.0,0.0,33.0,0.0,4.0,0.0,12.814705880361329,0.0,19.544820285692065,0.0,18.681541692269406,0.0,17.663521732655695,0.0,15.968719422671311,0.0,13.527749258468683,0.0,10.770329614269007,0.0,7.874007874011811,0.0,5.744562646538029,0.0,2.0,0.0,,,,,,,,,,,,,,,,,,,,,5.196499053153626,0.0,,,,,,,,,,,,,,,,,,,,,12.814841778652614,0.0,17.75409432990522,0.0,17.01280242153267,0.0,15.861254846491493,0.0,13.948193141307286,0.0,11.380370873410568,0.0,8.625619233207091,0.0,6.045108941742396,0.0,4.539370696795697,0.0,0.847155641287034,0.0
Arcer,307.2941176470588,0.0,16.243926851411814,0.0,361.29233612211283,0.0,293.0,0.0,273.0,0.0,242.0,0.0,201.0,0.0,140.0,0.0,89.0,0.0,50.0,0.0,18.0,0.0,2.0,0.0,12.192878865561664,0.0,17.11724276862369,0.0,16.522711641858304,0.0,15.556349186104045,0.0,14.177446878757825,0.0,11.832159566199232,0.0,9.433981132056603,0.0,7.0710678118654755,0.0,4.242640687119285,0.0,1.4142135623730951,0.0,,,,,,,,,,,,,,,,,,,,,4.663130683253534,0.0,,,,,,,,,,,,,,,,,,,,,12.192507380715043,0.0,15.177918475302626,0.0,14.657128607793432,0.0,13.595168876341571,0.0,11.980145719987641,0.0,9.725380857803444,0.0,7.4106762462567985,0.0,5.009670762431734,0.0,2.6189990882471497,0.0,0.528653975641444,0.0
Arche,352.9294117647059,0.0,17.451981024407466,0.0,370.7244041110872,0.0,356.0,0.0,315.0,0.0,283.0,0.0,231.0,0.0,161.0,0.0,103.0,0.0,59.0,0.0,33.0,0.0,4.0,0.0,12.540732127363075,0.0,18.867962264113206,0.0,17.74823934929885,0.0,16.822603841260722,0.0,15.198684153570664,0.0,12.68857754044952,0.0,10.14889156509222,0.0,7.681145747868608,0.0,5.744562646538029,0.0,2.0,0.0,,,,,,,,,,,,,,,,,,,,,4.1532204313164724,0.0,,,,,,,,,,,,,,,,,,,,,12.54029249296226,0.0,16.945566705374848,0.0,15.96186904963363,0.0,14.894163202876447,0.0,13.111332690547336,0.0,10.59545618687382,0.0,8.19771283634208,0.0,5.967330923798542,0.0,4.539370696795697,0.0,0.847155641287034,0.0
Ardal,360.5411764705882,0.0,17.65735124690328,0.0,403.09744825370575,0.0,368.0,0.0,338.0,0.0,297.0,0.0,253.0,0.0,191.0,0.0,139.0,0.0,95.0,0.0,54.0,0.0,19.0,0.0,13.696268157423908,0.0,19.183326093250876,0.0,18.384776310850235,0.0,17.233687939614086,0.0,15.905973720586866,0.0,13.820274961085254,0.0,11.789826122551595,0.0,9.746794344808963,0.0,7.3484692283495345,0.0,4.358898943540674,0.0,,,,,,,,,,,,,,,,,,,,,4.188930639304945,0.0,,,,,,,,,,,,,,,,,,,,,13.696197659079,0.0,17.294987146725155,0.0,16.67863728916662,0.0,15.402690511491533,0.0,13.99018962135006,0.0,11.781781592471052,0.0,9.77980916952541,0.0,7.790470950989117,0.0,5.965930014247738,0.0,3.341760800096683,0.0
Arena,351.7529411764706,0.0,17.384175722527395,0.0,355.5504555725637,0.0,338.0,0.0,316.0,0.0,276.0,0.0,227.0,0.0,158.0,0.0,97.0,0.0,44.0,0.0,18.0,0.0,2.0,0.0,12.132303045920208,0.0,18.384776310850235,0.0,17.776388834631177,0.0,16.61324772583615,0.0,15.066519173319364,0.0,12.569805089976535,0.0,9.848857801796104,0.0,6.6332495807108,0.0,4.242640687119285,0.0,1.4142135623730951,0.0,,,,,,,,,,,,,,,,,,,,,3.507828730679184,0.0,,,,,,,,,,,,,,,,,,,,,12.132133465902278,0.0,16.550804188589673,0.0,16.092092911929115,0.0,14.758813207179143,0.0,13.023470692846955,0.0,10.414897807433086,0.0,7.677059438044886,0.0,4.576459167390564,0.0,2.6157563728838618,0.0,0.528653975641444,0.0
Argon,392.0588235294117,0.0,18.35263155428453,0.0,390.77876451420445,0.0,401.0,0.0,369.0,0.0,329.0,0.0,270.0,0.0,192.0,0.0,127.0,0.0,74.0,0.0,39.0,0.0,18.0,0.0,13.205749036688383,0.0,20.024984394500787,0.0,19.209372712298546,0.0,18.138357147217054,0.0,16.431676725154983,0.0,13.856406460551018,0.0,11.269427669584644,0.0,8.602325267042627,0.0,6.244997998398398,0.0,4.242640687119285,0.0,,,,,,,,,,,,,,,,,,,,,3.9234142116235935,0.0,,,,,,,,,,,,,,,,,,,,,13.2057360851401,0.0,18.17749888480486,0.0,17.449156526137696,0.0,16.322345141154297,0.0,14.414174050732989,0.0,11.653872224052204,0.0,9.042412568596939,0.0,6.3032939964446815,0.0,4.320963597559797,0.0,2.663582846149581,0.0
Arier,298.6274509803922,0.0,16.070501152885143,0.0,372.25976491105905,0.0,287.0,0.0,267.0,0.0,236.0,0.0,203.0,0.0,145.0,0.0,102.0,0.0,57.0,0.0,22.0,0.0,2.0,0.0,12.596034353222583,0.0,16.941074346097416,0.0,16.34013463836819,0.0,15.362291495737216,0.0,14.247806848775006,0.0,12.041594578792296,0.0,10.099504938362077,0.0,7.54983443527075,0.0,4.69041575982343,0.0,1.4142135623730951,0.0,,,,,,,,,,,,,,,,,,,,,5.028328057103167,0.0,,,,,,,,,,,,,,,,,,,,,12.595803714420878,0.0,14.987159041789434,0.0,14.4739300381753,0.0,13.44109758828157,0.0,12.15075434980992,0.0,10.007974766198018,0.0,8.009273728359533,0.0,5.425774263298966,0.0,3.1783228997529447,0.0,0.528653975641444,0.0
Arman,406.878431372549,0.0,18.716092087754145,0.0,429.79310850321156,0.0,419.0,0.0,382.0,0.0,344.0,0.0,296.0,0.0,239.0,0.0,173.0,0.0,115.0,0.0,66.0,0.0,46.0,0.0,14.564840232404237,0.0,20.46948949045872,0.0,19.544820285692065,0.0,18.547236990991408,0.0,17.204650534085253,0.0,15.459624833740307,0.0,13.152946437965905,0.0,10.723805294763608,0.0,8.12403840463596,0.0,6.782329983125268,0.0,,,,,,,,,,,,,,,,,,,,,4.012668962417427,0.0,,,,,,,,,,,,,,,,,,,,,14.565023491967889,0.0,18.58499794283958,0.0,17.91295875830238,0.0,16.90030351247155,0.0,15.357608242344156,0.0,13.473912875212475,0.0,11.122021798371334,0.0,8.838690088117804,0.0,6.624766486768168,0.0,5.6864105555119995,0.0
Armee,387.98039215686276,0.0,18.29156781927665,0.0,417.52706114526273,0.0,404.0,0.0,360.0,0.0,318.0,0.0,274.0,0.0,208.0,0.0,149.0,0.0,106.0,0.0,67.0,0.0,46.0,0.0,14.098744722723072,0.0,20.09975124224178,0.0,18.973665961010276,0.0,17.832554500127006,0.0,16.55294535724685,0.0,14.422205101855956,0.0,12.206555615733702,0.0,10.295630140987,0.0,8.18535277187245,0.0,6.782329983125268,0.0,,,,,,,,,,,,,,,,,,,,,4.170358152579097,0.0,,,,,,,,,,,,,,,,,,,,,14.09853748582712,0.0,18.04971907800834,0.0,17.170758425977414,0.0,16.140971517280654,0.0,14.724070201969695,0.0,12.589710065159467,0.0,10.453251910808369,0.0,8.634875299911927,0.0,6.644739318990803,0.0,5.6864105555119995,0.0
Armen,402.1921568627451,0.0,18.650811770540052,0.0,425.8224525057171,0.0,415.0,0.0,379.0,0.0,340.0,0.0,294.0,0.0,228.0,0.0,159.0,0.0,109.0,0.0,67.0,0.0,46.0,0.0,14.397805394084985,0.0,20.37154878746336,0.0,19.467922333931785,0.0,18.439088914585774,0.0,17.146428199482248,0.0,15.0996688705415,0.0,12.609520212918492,0.0,10.44030650891055,0.0,8.18535277187245,0.0,6.782329983125268,0.0,,,,,,,,,,,,,,,,,,,,,3.9258607850547746,0.0,,,,,,,,,,,,,,,,,,,,,14.397756425971476,0.0,18.43311189962999,0.0,17.75505053630491,0.0,16.802277734891014,0.0,15.307445479523766,0.0,13.169890632764297,0.0,10.714981584334389,0.0,8.685842685804282,0.0,6.644739318990803,0.0,5.6864105555119995,0.0
Armöt,392.48627450980393,0.0,18.31738469552392,0.0,446.88839241603284,0.0,417.0,0.0,375.0,0.0,336.0,0.0,292.0,0.0,232.0,0.0,182.0,0.0,133.0,0.0,77.0,0.0,50.0,0.0,14.965437382057274,0.0,20.42057785666214,0.0,19.364916731037084,0.0,18.33030277982336,0.0,17.08800749063506,0.0,15.231546211727817,0.0,13.490737563232042,0.0,11.532562594670797,0.0,8.774964387392123,0.0,7.0710678118654755,0.0,,,,,,,,,,,,,,,,,,,,,4.954052815582162,0.0,,,,,,,,,,,,,,,,,,,,,14.965183418884822,0.0,18.222309359735508,0.0,17.45753529711078,0.0,16.517307818812306,0.0,15.216067104718492,0.0,13.316223445750959,0.0,11.47941373006939,0.0,9.59906120730825,0.0,7.242364585014736,0.0,5.919870491580016,0.0
Aroma,396.20392156862744,0.0,18.401987422546977,0.0,431.1925772043634,0.0,412.0,0.0,373.0,0.0,333.0,0.0,289.0,0.0,230.0,0.0,168.0,0.0,116.0,0.0,66.0,0.0,46.0,0.0,14.537762563278406,0.0,20.29778313018444,0.0,19.313207915827967,0.0,18.24828759089466,0.0,17.0,0.0,15.165750888103101,0.0,12.96148139681572,0.0,10.770329614269007,0.0,8.12403840463596,0.0,6.782329983125268,0.0,,,,,,,,,,,,,,,,,,,,,6.030388986829289,0.0,,,,,,,,,,,,,,,,,,,,,14.53795815338157,0.0,18.31535104744528,0.0,17.520230347749155,0.0,16.52324626446189,0.0,15.204717259016903,0.0,13.260787180389785,0.0,10.922429998971605,0.0,8.88269335242753,0.0,6.624407676061952,0.0,5.68571252361385,0.0
Arten,336.6078431372549,0.0,17.031100754965834,0.0,364.9600194917568,0.0,329.0,0.0,307.0,0.0,269.0,0.0,222.0,0.0,157.0,0.0,96.0,0.0,53.0,0.0,21.0,0.0,2.0,0.0,12.394223074159889,0.0,18.138357147217054,0.0,17.52141546793523,0.0,16.401219466856727,0.0,14.89966442575134,0.0,12.529964086141668,0.0,9.797958971132712,0.0,7.280109889280518,0.0,4.58257569495584,0.0,1.4142135623730951,0.0,,,,,,,,,,,,,,,,,,,,,4.405295466082989,0.0,,,,,,,,,,,,,,,,,,,,,12.394195554691557,0.0,16.198385152073257,0.0,15.67758495936209,0.0,14.664705925720893,0.0,12.9082216005984,0.0,10.425045372470153,0.0,7.822401035542729,0.0,5.2124917560869655,0.0,2.8117065064836373,0.0,0.528653975641444,0.0
Artis,294.3137254901961,0.0,15.854750160529992,0.0,375.56507492987566,0.0,289.0,0.0,266.0,0.0,227.0,0.0,194.0,0.0,148.0,0.0,107.0,0.0,65.0,0.0,25.0,0.0,2.0,0.0,12.751773894782158,0.0,17.0,0.0,16.30950643030009,0.0,15.066519173319364,0.0,13.92838827718412,0.0,12.165525060596439,0.0,10.344080432788601,0.0,8.06225774829855,0.0,5.0,0.0,1.4142135623730951,0.0,,,,,,,,,,,,,,,,,,,,,5.89828475143737,0.0,,,,,,,,,,,,,,,,,,,,,12.751807581250393,0.0,14.892871341465698,0.0,14.357379256508258,0.0,13.231811435995645,0.0,11.96144721503967,0.0,10.18228062702037,0.0,8.297480181552006,0.0,5.876541622191565,0.0,3.3304778563772133,0.0,0.528653975641444,0.0
Asien,333.58431372549023,0.0,16.914137827245643,0.0,355.5847389265501,0.0,325.0,0.0,297.0,0.0,259.0,0.0,209.0,0.0,149.0,0.0,89.0,0.0,43.0,0.0,16.0,0.0,3.0,0.0,12.082810758867128,0.0,18.027756377319946,0.0,17.233687939614086,0.0,16.09347693943108,0.0,14.45683229480096,0.0,12.206555615733702,0.0,9.433981132056603,0.0,6.557438524302,0.0,4.0,0.0,1.7320508075688772,0.0,,,,,,,,,,,,,,,,,,,,,4.6775019059243,0.0,,,,,,,,,,,,,,,,,,,,,12.082956846236486,0.0,16.09681274078859,0.0,15.440354715602243,0.0,14.330698406104725,0.0,12.41511690317024,0.0,10.087309537356722,0.0,7.293782306405742,0.0,4.507825381035247,0.0,2.685077287021227,0.0,0.6566287392690772,0.0
Astän,358.8666666666667,0.0,17.438478447535704,0.0,364.90354739169527,0.0,356.0,0.0,326.0,0.0,284.0,0.0,227.0,0.0,167.0,0.0,107.0,0.0,55.0,0.0,20.0,0.0,9.0,0.0,12.455428822207551,0.0,18.867962264113206,0.0,18.05547008526779,0.0,16.852299546352718,0.0,15.066519173319364,0.0,12.922847983320086,0.0,10.344080432788601,0.0,7.416198487095663,0.0,4.47213595499958,0.0,3.0,0.0,,,,,,,,,,,,,,,,,,,,,4.416651362672509,0.0,,,,,,,,,,,,,,,,,,,,,12.45555648669326,0.0,16.905903514397863,0.0,16.27936996564378,0.0,15.133495077545236,0.0,13.079569654367601,0.0,10.784041831848569,0.0,8.235597937087984,0.0,5.294538185926867,0.0,3.1035633315572966,0.0,2.3017490001160232,0.0
Athen,382.24313725490197,0.0,18.18694243263717,0.0,375.9170949723686,0.0,396.0,0.0,352.0,0.0,313.0,0.0,259.0,0.0,182.0,0.0,101.0,0.0,58.0,0.0,35.0,0.0,8.0,0.0,12.771043321268733,0.0,19.8997487421324,0.0,18.76166303929372,0.0,17.69180601295413,0.0,16.09347693943108,0.0,13.490737563232042,0.0,10.04987562112089,0.0,7.615773105863909,0.0,5.916079783099616,0.0,2.8284271247461903,0.0,,,,,,,,,,,,,,,,,,,,,3.0563684644414946,0.0,,,,,,,,,,,,,,,,,,,,,12.77136339747757,0.0,17.89990790985047,0.0,16.978809609910442,0.0,15.941933911626858,0.0,14.129052920761007,0.0,11.393357277075316,0.0,8.315554189611055,0.0,6.009718768999159,0.0,4.7183166750185235,0.0,1.5679625898655036,0.0
Atmen,406.3333333333333,0.0,18.704884669410905,0.0,429.8799159316766,0.0,429.0,0.0,386.0,0.0,345.0,0.0,295.0,0.0,231.0,0.0,161.0,0.0,110.0,0.0,68.0,0.0,49.0,0.0,14.509608487399305,0.0,20.71231517720798,0.0,19.6468827043885,0.0,18.57417562100671,0.0,17.175564037317667,0.0,15.198684153570664,0.0,12.68857754044952,0.0,10.488088481701515,0.0,8.246211251235321,0.0,7.0,0.0,,,,,,,,,,,,,,,,,,,,,3.8726229278500943,0.0,,,,,,,,,,,,,,,,,,,,,14.509518113070396,0.0,18.594574542497643,0.0,17.800813253021328,0.0,16.906601321882686,0.0,15.366595595081495,0.0,13.31293645331789,0.0,10.880365837538418,0.0,8.79605938017772,0.0,6.741679631168503,0.0,5.788383359911883,0.0
Augen,414.0392156862745,0.0,18.886719101014215,0.0,369.0898437689827,0.0,429.0,0.0,390.0,0.0,340.0,0.0,264.0,0.0,179.0,0.0,100.0,0.0,53.0,0.0,33.0,0.0,18.0,0.0,12.477331169774658,0.0,20.71231517720798,0.0,19.748417658131498,0.0,18.439088914585774,0.0,16.24807680927192,0.0,13.379088160259652,0.0,10.0,0.0,7.280109889280518,0.0,5.744562646538029,0.0,4.242640687119285,0.0,,,,,,,,,,,,,,,,,,,,,3.5341092652980066,0.0,,,,,,,,,,,,,,,,,,,,,12.477166434126133,0.0,18.810978743738872,0.0,17.998195439741863,0.0,16.671530779235784,0.0,14.18983676668445,0.0,11.257761689169765,0.0,8.009686261063386,0.0,5.308096514203994,0.0,3.98828288898624,0.0,2.663582846149581,0.0
Aurer,329.17254901960786,0.0,16.868218445969504,0.0,351.8201367122648,0.0,324.0,0.0,298.0,0.0,259.0,0.0,204.0,0.0,136.0,0.0,82.0,0.0,43.0,0.0,11.0,0.0,2.0,0.0,11.825973643298505,0.0,18.0,0.0,17.26267650163207,0.0,16.09347693943108,0.0,14.2828568570857,0.0,11.661903789690601,0.0,9.055385138137417,0.0,6.557438524302,0.0,3.3166247903554,0.0,1.4142135623730951,0.0,,,,,,,,,,,,,,,,,,,,,6.304387627811455,0.0,,,,,,,,,,,,,,,,,,,,,11.825862996968205,0.0,16.013831128032123,0.0,15.331211729294887,0.0,14.105595415620327,0.0,12.143943820045822,0.0,9.583176538946907,0.0,7.0338349304665355,0.0,4.576170402196912,0.0,1.9544024591980214,0.0,0.528653975641444,0.0
Autor,336.8509803921569,0.0,16.975543844366086,0.0,362.01238860407176,0.0,341.0,0.0,310.0,0.0,273.0,0.0,212.0,0.0,143.0,0.0,93.0,0.0,52.0,0.0,13.0,0.0,2.0,0.0,12.167005326731875,0.0,18.466185312619388,0.0,17.60681686165901,0.0,16.522711641858304,0.0,14.560219778561036,0.0,11.958260743101398,0.0,9.643650760992955,0.0,7.211102550927978,0.0,3.605551275463989,0.0,1.4142135623730951,0.0,,,,,,,,,,,,,,,,,,,,,5.703846596762311,0.0,,,,,,,,,,,,,,,,,,,,,12.167137424216147,0.0,16.327457540267552,0.0,15.528052433548833,0.0,14.564308572117508,0.0,12.42039677805448,0.0,9.865104986414071,0.0,7.512779209989266,0.0,5.08170055476062,0.0,2.1517921412606733,0.0,0.528653975641444,0.0
Babys,408.0941176470588,0.0,18.546353910349477,0.0,355.9844290022204,0.0,426.0,0.0,399.0,0.0,340.0,0.0,232.0,0.0,153.0,0.0,86.0,0.0,47.0,0.0,22.0,0.0,12.0,0.0,11.969327247992146,0.0,20.639767440550294,0.0,19.974984355438178,0.0,18.439088914585774,0.0,15.231546211727817,0.0,12.36931687685298,0.0,9.273618495495704,0.0,6.855654600401044,0.0,4.69041575982343,0.0,3.4641016151377544,0.0,,,,,,,,,,,,,,,,,,,,,5.415028587899931,0.0,,,,,,,,,,,,,,,,,,,,,11.968826135338134,0.0,18.734477342548526,0.0,18.187784440421126,0.0,16.512706857650606,0.0,13.00136185714531,0.0,10.369053479123648,0.0,7.518262182904884,0.0,5.205360825824129,0.0,3.658676473497961,0.0,2.5582161463348,0.0
Backe,395.1058823529412,0.0,18.39363679818624,0.0,337.9327142945837,0.0,405.0,0.0,366.0,0.0,320.0,0.0,223.0,0.0,143.0,0.0,67.0,0.0,35.0,0.0,19.0,0.0,2.0,0.0,11.354268754258554,0.0,20.12461179749811,0.0,19.131126469708992,0.0,17.88854381999832,0.0,14.933184523068078,0.0,11.958260743101398,0.0,8.18535277187245,0.0,5.916079783099616,0.0,4.358898943540674,0.0,1.4142135623730951,0.0,,,,,,,,,,,,,,,,,,,,,4.034998261264326,0.0,,,,,,,,,,,,,,,,,,,,,11.354079810835009,0.0,18.28391212058489,0.0,17.451506449398256,0.0,15.918642233417064,0.0,12.726040028304173,0.0,9.939723957947017,0.0,6.535457882487595,0.0,4.647536105958398,0.0,3.89689503470532,0.0,0.6618696519470317,0.0
Bahre,392.12549019607843,0.0,18.38608537270956,0.0,336.7417793111998,0.0,403.0,0.0,361.0,0.0,313.0,0.0,225.0,0.0,143.0,0.0,59.0,0.0,34.0,0.0,16.0,0.0,3.0,0.0,11.304284141906075,0.0,20.074859899884732,0.0,19.0,0.0,17.69180601295413,0.0,15.0,0.0,11.958260743101398,0.0,7.681145747868608,0.0,5.830951894845301,0.0,4.0,0.0,1.7320508075688772,0.0,,,,,,,,,,,,,,,,,,,,,6.4743402702032,0.0,,,,,,,,,,,,,,,,,,,,,11.304200238954987,0.0,18.2861315786492,0.0,17.361095579214577,0.0,15.814567677239049,0.0,12.850183539310176,0.0,9.858025288902404,0.0,6.073715277997597,0.0,4.751246497500827,0.0,3.7606640050939055,0.0,1.0076972804339992,0.0
Banco,382.47843137254904,0.0,18.021845857308154,0.0,320.41023911147715,0.0,379.0,0.0,353.0,0.0,303.0,0.0,211.0,0.0,129.0,0.0,47.0,0.0,20.0,0.0,1.0,0.0,0.0,0.0,10.710689455876093,0.0,19.467922333931785,0.0,18.788294228055936,0.0,17.406895185529212,0.0,14.52583904633395,0.0,11.357816691600547,0.0,6.855654600401044,0.0,4.47213595499958,0.0,1.0,0.0,0.0,0.0,,,,,,,,,,,,,,,,,,,,,5.747241021660591,0.0,,,,,,,,,,,,,,,,,,,,,10.710223330808905,0.0,17.715569611372885,0.0,17.108896330302215,0.0,15.502025458979542,0.0,12.298676161666155,0.0,9.193050824038268,0.0,4.6890201343637035,0.0,2.8611940271976675,0.0,0.30530506159266757,0.0,0.0,0.0
Banda,427.2196078431373,0.0,19.111303925066522,0.0,336.2481832441069,0.0,432.0,0.0,399.0,0.0,344.0,0.0,251.0,0.0,154.0,0.0,77.0,0.0,34.0,0.0,16.0,0.0,9.0,0.0,11.402001381632877,0.0,20.784609690826528,0.0,19.974984355438178,0.0,18.547236990991408,0.0,15.84297951775486,0.0,12.409673645990857,0.0,8.774964387392123,0.0,5.830951894845301,0.0,4.0,0.0,3.0,0.0,,,,,,,,,,,,,,,,,,,,,2.305639863928076,0.0,,,,,,,,,,,,,,,,,,,,,11.401805139576421,0.0,19.04431947570574,0.0,18.364558329374017,0.0,16.710498162992064,0.0,13.7332105897077,0.0,10.311754648550323,0.0,6.749097732052708,0.0,4.610725041905393,0.0,3.619940692728586,0.0,2.4773383361263903,0.0
Bande,422.5333333333333,0.0,19.04737814973717,0.0,332.56370186791366,0.0,431.0,0.0,396.0,0.0,339.0,0.0,245.0,0.0,146.0,0.0,65.0,0.0,31.0,0.0,16.0,0.0,9.0,0.0,11.19545145810765,0.0,20.760539492026695,0.0,19.8997487421324,0.0,18.411952639521967,0.0,15.652475842498529,0.0,12.083045973594572,0.0,8.06225774829855,0.0,5.5677643628300215,0.0,4.0,0.0,3.0,0.0,,,,,,,,,,,,,,,,,,,,,2.552229372842709,0.0,,,,,,,,,,,,,,,,,,,,,11.195434922922646,0.0,18.99154020598689,0.0,18.234139534809835,0.0,16.555673559265944,0.0,13.558733780433863,0.0,9.97814335776338,0.0,6.209172697099403,0.0,4.5038744516752915,0.0,3.619940692728586,0.0,2.4773383361263903,0.0
Bands,414.07843137254906,0.0,18.812091296056913,0.0,333.2851614279179,0.0,422.0,0.0,389.0,0.0,327.0,0.0,238.0,0.0,142.0,0.0,68.0,0.0,32.0,0.0,16.0,0.0,9.0,0.0,11.243466660833773,0.0,20.54263858417414,0.0,19.72308292331602,0.0,18.083141320025124,0.0,15.427248620541512,0.0,11.916375287812984,0.0,8.246211251235321,0.0,5.656854249492381,0.0,4.0,0.0,3.0,0.0,,,,,,,,,,,,,,,,,,,,,3.4116327198300773,0.0,,,,,,,,,,,,,,,,,,,,,11.243490000323343,0.0,18.700377151916765,0.0,18.039493196226072,0.0,16.21617927735496,0.0,13.313856775622991,0.0,9.837299012292837,0.0,6.309143361802782,0.0,4.541175997229657,0.0,3.619940692728586,0.0,2.4773383361263903,0.0
Banja,384.3921568627451,0.0,18.120261249308072,0.0,343.6370194890553,0.0,382.0,0.0,357.0,0.0,313.0,0.0,226.0,0.0,151.0,0.0,74.0,0.0,34.0,0.0,14.0,0.0,6.0,0.0,11.67920460992066,0.0,19.544820285692065,0.0,18.894443627691185,0.0,17.69180601295413,0.0,15.033296378372908,0.0,12.288205727444508,0.0,8.602325267042627,0.0,5.830951894845301,0.0,3.7416573867739413,0.0,2.449489742783178,0.0,,,,,,,,,,,,,,,,,,,,,5.594183292207175,0.0,,,,,,,,,,,,,,,,,,,,,11.678942249509836,0.0,17.891369342676576,0.0,17.357262323712536,0.0,15.862587198093589,0.0,12.884651691719029,0.0,10.240410095371907,0.0,6.587740880070646,0.0,4.225470634378878,0.0,3.1332068835109985,0.0,1.7318788713163795,0.0
Banjo,383.24313725490197,0.0,18.097428239426712,0.0,347.84188864861517,0.0,387.0,0.0,363.0,0.0,317.0,0.0,228.0,0.0,151.0,0.0,70.0,0.0,39.0,0.0,15.0,0.0,6.0,0.0,11.749728587734404,0.0,19.672315572906,0.0,19.05255888325765,0.0,17.804493814764857,0.0,15.0996688705415,0.0,12.288205727444508,0.0,8.366600265340756,0.0,6.244997998398398,0.0,3.872983346207417,0.0,2.449489742783178,0.0,,,,,,,,,,,,,,,,,,,,,5.777735768368706,0.0,,,,,,,,,,,,,,,,,,,,,11.74957942779704,0.0,17.950471170464244,0.0,17.42220791685495,0.0,15.939705595789908,0.0,12.952843591083996,0.0,10.242140191876624,0.0,6.378276124577811,0.0,4.563715284227084,0.0,3.1482816301883285,0.0,1.7318788713163795,0.0
Bantu,390.3607843137255,0.0,18.27934211965973,0.0,332.50326824382364,0.0,399.0,0.0,376.0,0.0,316.0,0.0,223.0,0.0,142.0,0.0,54.0,0.0,22.0,0.0,3.0,0.0,0.0,0.0,11.180944660975209,0.0,19.974984355438178,0.0,19.390719429665317,0.0,17.776388834631177,0.0,14.933184523068078,0.0,11.916375287812984,0.0,7.3484692283495345,0.0,4.69041575982343,0.0,1.7320508075688772,0.0,0.0,0.0,,,,,,,,,,,,,,,,,,,,,4.794432782402337,0.0,,,,,,,,,,,,,,,,,,,,,11.180692401199165,0.0,18.129878042282034,0.0,17.659634358637728,0.0,15.944134006112996,0.0,12.586800638549065,0.0,9.676637433755218,0.0,5.369005844280086,0.0,3.2949544355353932,0.0,1.0634663993176967,0.0,0.0,0.0
Barde,393.721568627451,0.0,18.379322835229377,0.0,338.91659283016395,0.0,402.0,0.0,369.0,0.0,313.0,0.0,225.0,0.0,135.0,0.0,74.0,0.0,41.0,0.0,16.0,0.0,9.0,0.0,11.35445331121673,0.0,20.049937655763422,0.0,19.209372712298546,0.0,17.69180601295413,0.0,15.0,0.0,11.61895003862225,0.0,8.602325267042627,0.0,6.4031242374328485,0.0,4.0,0.0,3.0,0.0,,,,,,,,,,,,,,,,,,,,,4.238839565659266,0.0,,,,,,,,,,,,,,,,,,,,,11.35449455508966,0.0,18.230675993686514,0.0,17.46554661625181,0.0,15.766192300938982,0.0,12.886041347252384,0.0,9.524706334551704,0.0,6.78197936810853,0.0,5.115610861848565,0.0,3.619940692728586,0.0,2.4773383361263903,0.0
Bares,352.63529411764705,0.0,17.325287814261035,0.0,313.5578241044442,0.0,348.0,0.0,321.0,0.0,260.0,0.0,179.0,0.0,101.0,0.0,45.0,0.0,19.0,0.0,1.0,0.0,0.0,0.0,10.397771294428383,0.0,18.65475810617763,0.0,17.916472867168917,0.0,16.1245154965971,0.0,13.379088160259652,0.0,10.04987562112089,0.0,6.708203932499369,0.0,4.358898943540674,0.0,1.0,0.0,0.0,0.0,,,,,,,,,,,,,,,,,,,,,7.640453150564084,0.0,,,,,,,,,,,,,,,,,,,,,10.398291426218188,0.0,16.72277421632957,0.0,16.133801650522237,0.0,14.171405984092447,0.0,11.107193417261245,0.0,7.957296149351127,0.0,4.842635872010328,0.0,2.905228145335772,0.0,0.506765260158523,0.0,0.0,0.0
Bargs,394.0901960784314,0.0,18.319445300678932,0.0,346.64158412366584,0.0,408.0,0.0,372.0,0.0,310.0,0.0,218.0,0.0,140.0,0.0,81.0,0.0,47.0,0.0,22.0,0.0,16.0,0.0,11.645250087693583,0.0,20.199009876724155,0.0,19.28730152198591,0.0,17.60681686165901,0.0,14.7648230602334,0.0,11.832159566199232,0.0,9.0,0.0,6.855654600401044,0.0,4.69041575982343,0.0,4.0,0.0,,,,,,,,,,,,,,,,,,,,,4.806837228302411,0.0,,,,,,,,,,,,,,,,,,,,,11.645690713929296,0.0,18.23773535141108,0.0,17.554122251334157,0.0,15.6709382450367,0.0,12.54783608874556,0.0,9.8475844551006,0.0,7.131071451638689,0.0,5.183721873415567,0.0,3.4824499122077657,0.0,2.609431180892979,0.0
Barke,391.4666666666667,0.0,18.371066129705763,0.0,343.0241684282127,0.0,401.0,0.0,365.0,0.0,317.0,0.0,226.0,0.0,146.0,0.0,76.0,0.0,41.0,0.0,19.0,0.0,2.0,0.0,11.546564373640388,0.0,20.024984394500787,0.0,19.1049731745428,0.0,17.804493814764857,0.0,15.033296378372908,0.0,12.083045973594572,0.0,8.717797887081348,0.0,6.4031242374328485,0.0,4.358898943540674,0.0,1.4142135623730951,0.0,,,,,,,,,,,,,,,,,,,,,4.312235402899926,0.0,,,,,,,,,,,,,,,,,,,,,11.54647727249894,0.0,18.263734369330464,0.0,17.47559679791303,0.0,15.85909907570087,0.0,12.871817389550667,0.0,10.047738170798723,0.0,7.000473619107014,0.0,5.018318206564976,0.0,3.89689503470532,0.0,0.6618696519470317,0.0
Basam,427.0470588235295,0.0,19.037311752301722,0.0,391.40934011495096,0.0,455.0,0.0,409.0,0.0,342.0,0.0,261.0,0.0,191.0,0.0,127.0,0.0,89.0,0.0,56.0,0.0,46.0,0.0,13.34464480230878,0.0,21.330729007701542,0.0,20.223748416156685,0.0,18.49324200890693,0.0,16.15549442140351,0.0,13.820274961085254,0.0,11.269427669584644,0.0,9.433981132056603,0.0,7.483314773547883,0.0,6.782329983125268,0.0,,,,,,,,,,,,,,,,,,,,,5.79002793436757,0.0,,,,,,,,,,,,,,,,,,,,,13.344737901120212,0.0,19.23419903538462,0.0,18.474310436295564,0.0,16.630748222070462,0.0,14.119372446473749,0.0,11.937016264951284,0.0,9.506912843830808,0.0,8.021247497246847,0.0,6.3746400526902445,0.0,5.823196449690414,0.0
Basar,357.32156862745103,0.0,17.395543141395727,0.0,321.8065491761882,0.0,353.0,0.0,323.0,0.0,267.0,0.0,188.0,0.0,117.0,0.0,60.0,0.0,24.0,0.0,2.0,0.0,0.0,0.0,10.784099770228048,0.0,18.788294228055936,0.0,17.97220075561143,0.0,16.34013463836819,0.0,13.711309200802088,0.0,10.816653826391969,0.0,7.745966692414834,0.0,4.898979485566356,0.0,1.4142135623730951,0.0,0.0,0.0,,,,,,,,,,,,,,,,,,,,,7.940861868521486,0.0,,,,,,,,,,,,,,,,,,,,,10.784441800683151,0.0,16.883967504659363,0.0,16.28627803124548,0.0,14.315701348662797,0.0,11.370803841351728,0.0,8.580452624852647,0.0,5.597331999476641,0.0,3.1268698874388474,0.0,0.764939659859042,0.0,0.0,0.0
Basen,381.44705882352935,0.0,18.0324347869189,0.0,313.34513772464663,0.0,379.0,0.0,348.0,0.0,288.0,0.0,202.0,0.0,119.0,0.0,44.0,0.0,14.0,0.0,3.0,0.0,0.0,0.0,10.455383967022833,0.0,19.467922333931785,0.0,18.65475810617763,0.0,16.97056274847714,0.0,14.212670403551895,0.0,10.908712114635714,0.0,6.6332495807108,0.0,3.7416573867739413,0.0,1.7320508075688772,0.0,0.0,0.0,,,,,,,,,,,,,,,,,,,,,4.387811784900555,0.0,,,,,,,,,,,,,,,,,,,,,10.455089355318217,0.0,17.61827130755037,0.0,16.997735471528568,0.0,15.132082944437563,0.0,11.952903917778587,0.0,8.64539949879202,0.0,4.59857744528933,0.0,2.1363105506131443,0.0,0.9190078189597055,0.0,0.0,0.0
Basis,339.15294117647056,0.0,16.92582092755063,0.0,323.95019316276546,0.0,339.0,0.0,307.0,0.0,246.0,0.0,174.0,0.0,110.0,0.0,55.0,0.0,26.0,0.0,7.0,0.0,0.0,0.0,10.876857347114946,0.0,18.411952639521967,0.0,17.52141546793523,0.0,15.684387141358123,0.0,13.19090595827292,0.0,10.488088481701515,0.0,7.416198487095663,0.0,5.0990195135927845,0.0,2.6457513110645907,0.0,0.0,0.0,,,,,,,,,,,,,,,,,,,,,9.651700539502897,0.0,,,,,,,,,,,,,,,,,,,,,10.876990045516578,0.0,16.48336659386186,0.0,15.83698227716942,0.0,13.733262216630077,0.0,10.921878842077291,0.0,8.357758914480877,0.0,5.384759534836982,0.0,3.4454797420768624,0.0,2.004874668835103,0.0,0.0,0.0
Batik,375.98039215686276,0.0,17.972475431217617,0.0,367.527273880775,0.0,390.0,0.0,364.0,0.0,313.0,0.0,229.0,0.0,163.0,0.0,97.0,0.0,59.0,0.0,26.0,0.0,5.0,0.0,12.459235929041602,0.0,19.748417658131498,0.0,19.078784028338912,0.0,17.69180601295413,0.0,15.132745950421556,0.0,12.767145334803704,0.0,9.848857801796104,0.0,7.681145747868608,0.0,5.0990195135927845,0.0,2.23606797749979,0.0,,,,,,,,,,,,,,,,,,,,,5.975544995984327,0.0,,,,,,,,,,,,,,,,,,,,,12.459626606779489,0.0,17.88569661999791,0.0,17.37384883088383,0.0,15.856978090533932,0.0,13.019487715224809,0.0,10.796615402377222,0.0,8.0754400201816,0.0,6.0127284710915765,0.0,4.39382700995016,0.0,1.4706755745363886,0.0
Bauch,406.6823529411765,0.0,18.672107462149174,0.0,340.2740543663412,0.0,426.0,0.0,392.0,0.0,333.0,0.0,237.0,0.0,143.0,0.0,61.0,0.0,27.0,0.0,16.0,0.0,5.0,0.0,11.392324262864907,0.0,20.639767440550294,0.0,19.79898987322333,0.0,18.24828759089466,0.0,15.394804318340652,0.0,11.958260743101398,0.0,7.810249675906654,0.0,5.196152422706632,0.0,4.0,0.0,2.23606797749979,0.0,,,,,,,,,,,,,,,,,,,,,3.8102029419698744,0.0,,,,,,,,,,,,,,,,,,,,,11.39180454401042,0.0,18.791815255953306,0.0,18.095358610913273,0.0,16.332218210601756,0.0,13.11448498919419,0.0,9.652576675665548,0.0,6.093434782335346,0.0,4.256818441511638,0.0,3.764954608733687,0.0,1.4706755745363886,0.0
Bauda,423.9254901960785,0.0,19.019470789884213,0.0,339.1584423332857,0.0,441.0,0.0,407.0,0.0,343.0,0.0,248.0,0.0,143.0,0.0,72.0,0.0,33.0,0.0,16.0,0.0,9.0,0.0,11.383737488581517,0.0,21.0,0.0,20.174241001832016,0.0,18.520259177452136,0.0,15.748015748023622,0.0,11.958260743101398,0.0,8.48528137423857,0.0,5.744562646538029,0.0,4.0,0.0,3.0,0.0,,,,,,,,,,,,,,,,,,,,,2.4830253769074835,0.0,,,,,,,,,,,,,,,,,,,,,11.38360107350309,0.0,19.134588625891165,0.0,18.42849363042658,0.0,16.63756384425355,0.0,13.543756437033027,0.0,9.736999076182315,0.0,6.596164265529393,0.0,4.5840518033199675,0.0,3.619940692728586,0.0,2.4773383361263903,0.0
Bauts,367.6941176470588,0.0,17.662253153738444,0.0,325.546730541313,0.0,380.0,0.0,351.0,0.0,284.0,0.0,198.0,0.0,116.0,0.0,45.0,0.0,21.0,0.0,3.0,0.0,0.0,0.0,10.838209330269382,0.0,19.493588689617926,0.0,18.734993995195193,0.0,16.852299546352718,0.0,14.071247279470288,0.0,10.770329614269007,0.0,6.708203932499369,0.0,4.58257569495584,0.0,1.7320508075688772,0.0,0.0,0.0,,,,,,,,,,,,,,,,,,,,,7.840795945319669,0.0,,,,,,,,,,,,,,,,,,,,,10.83785585332397,0.0,17.461627635486316,0.0,16.877862639960156,0.0,14.985146352648615,0.0,11.727800739256947,0.0,8.52658767086882,0.0,4.890725308383208,0.0,3.230902285387417,0.0,1.0634663993176967,0.0,0.0,0.0
Bcckt,369.00000000000006,0.0,17.755920868112234,0.0,366.6963149241513,0.0,381.0,0.0,349.0,0.0,315.0,0.0,233.0,0.0,159.0,0.0,89.0,0.0,53.0,0.0,25.0,0.0,2.0,0.0,12.345604608689818,0.0,19.519221295943137,0.0,18.681541692269406,0.0,17.74823934929885,0.0,15.264337522473747,0.0,12.609520212918492,0.0,9.433981132056603,0.0,7.280109889280518,0.0,5.0,0.0,1.4142135623730951,0.0,,,,,,,,,,,,,,,,,,,,,5.024680807703615,0.0,,,,,,,,,,,,,,,,,,,,,12.345263014558025,0.0,17.493170044737596,0.0,16.91667349292219,0.0,15.756267265779977,0.0,12.937761869568854,0.0,10.57384350053831,0.0,7.511450994283976,0.0,5.593341315942241,0.0,4.131824836354478,0.0,0.6618696519470317,0.0
Bcdfw,427.0627450980392,0.0,19.084544493480706,0.0,426.2180520122124,0.0,454.0,0.0,424.0,0.0,386.0,0.0,303.0,0.0,219.0,0.0,147.0,0.0,111.0,0.0,70.0,0.0,41.0,0.0,14.345211844086313,0.0,21.307275752662516,0.0,20.591260281974,0.0,19.6468827043885,0.0,17.406895185529212,0.0,14.798648586948742,0.0,12.12435565298214,0.0,10.535653752852738,0.0,8.366600265340756,0.0,6.4031242374328485,0.0,,,,,,,,,,,,,,,,,,,,,3.9187024543000213,0.0,,,,,,,,,,,,,,,,,,,,,14.344843361578947,0.0,19.410909634457827,0.0,18.83662968651322,0.0,17.881784510360742,0.0,15.402670435241664,0.0,12.836390070470934,0.0,10.186070726615377,0.0,8.766351371839635,0.0,6.908593083550645,0.0,4.828198110940754,0.0
Bdhnf,448.03137254901964,0.0,19.7127413679946,0.0,380.94038033222216,0.0,469.0,0.0,428.0,0.0,384.0,0.0,290.0,0.0,189.0,0.0,110.0,0.0,73.0,0.0,52.0,0.0,22.0,0.0,12.990179422098324,0.0,21.656407827707714,0.0,20.688160865577203,0.0,19.595917942265423,0.0,17.029386365926403,0.0,13.74772708486752,0.0,10.488088481701515,0.0,8.54400374531753,0.0,7.211102550927978,0.0,4.69041575982343,0.0,,,,,,,,,,,,,,,,,,,,,5.333505307547412,0.0,,,,,,,,,,,,,,,,,,,,,12.990383444599015,0.0,19.80583293373993,0.0,19.038333946503272,0.0,17.780994386901366,0.0,14.959938083890084,0.0,11.823200605893103,0.0,8.825007890445324,0.0,7.258220557138759,0.0,6.379143685144135,0.0,3.6275945741348896,0.0
Beben,415.45098039215685,0.0,18.86258529955548,0.0,333.5085094205652,0.0,424.0,0.0,399.0,0.0,345.0,0.0,238.0,0.0,142.0,0.0,60.0,0.0,23.0,0.0,11.0,0.0,2.0,0.0,11.127097214154944,0.0,20.591260281974,0.0,19.974984355438178,0.0,18.57417562100671,0.0,15.427248620541512,0.0,11.916375287812984,0.0,7.745966692414834,0.0,4.795831523312719,0.0,3.3166247903554,0.0,1.4142135623730951,0.0,,,,,,,,,,,,,,,,,,,,,2.919317026538277,0.0,,,,,,,,,,,,,,,,,,,,,11.12700236635898,0.0,18.8478446458265,0.0,18.26597807575639,0.0,16.74436739225803,0.0,13.112997924995863,0.0,9.823238781443639,0.0,6.061059090320777,0.0,3.277848306625875,0.0,2.4247574722227108,0.0,0.668680288732816,0.0
Beere,356.4039215686274,0.0,17.51097113119968,0.0,322.3151576753511,0.0,354.0,0.0,325.0,0.0,274.0,0.0,194.0,0.0,120.0,0.0,45.0,0.0,19.0,0.0,2.0,0.0,0.0,0.0,10.679679960152248,0.0,18.81488772222678,0.0,18.027756377319946,0.0,16.55294535724685,0.0,13.92838827718412,0.0,10.954451150103322,0.0,6.708203932499369,0.0,4.358898943540674,0.0,1.4142135623730951,0.0,0.0,0.0,,,,,,,,,,,,,,,,,,,,,7.215159110682926,0.0,,,,,,,,,,,,,,,,,,,,,10.680037652039612,0.0,16.978454804817876,0.0,16.249722645337677,0.0,14.636082676466684,0.0,11.656716861428789,0.0,8.830253876961512,0.0,4.870528272522512,0.0,2.954070220110357,0.0,0.691979663602971,0.0,0.0,0.0
Beete,360.54509803921565,0.0,17.568552608384003,0.0,323.80787796324597,0.0,365.0,0.0,332.0,0.0,276.0,0.0,195.0,0.0,120.0,0.0,45.0,0.0,21.0,0.0,5.0,0.0,0.0,0.0,10.751804348394284,0.0,19.1049731745428,0.0,18.2208671582886,0.0,16.61324772583615,0.0,13.96424004376894,0.0,10.954451150103322,0.0,6.708203932499369,0.0,4.58257569495584,0.0,2.23606797749979,0.0,0.0,0.0,,,,,,,,,,,,,,,,,,,,,6.67426531792141,0.0,,,,,,,,,,,,,,,,,,,,,10.752183226983355,0.0,17.120511988067598,0.0,16.36609127313333,0.0,14.77827810115315,0.0,11.719060423056696,0.0,8.894905364038836,0.0,4.989405142769478,0.0,3.232167514850116,0.0,1.2686973251337426,0.0,0.0,0.0
Beine,365.5882352941177,0.0,17.751931952411837,0.0,329.0413838067235,0.0,364.0,0.0,334.0,0.0,291.0,0.0,207.0,0.0,123.0,0.0,58.0,0.0,23.0,0.0,5.0,0.0,0.0,0.0,11.051656044120712,0.0,19.078784028338912,0.0,18.275666882497067,0.0,17.05872210923198,0.0,14.38749456993816,0.0,11.090536506409418,0.0,7.615773105863909,0.0,4.795831523312719,0.0,2.23606797749979,0.0,0.0,0.0,,,,,,,,,,,,,,,,,,,,,5.039121576039637,0.0,,,,,,,,,,,,,,,,,,,,,11.051009020729238,0.0,17.279376085353462,0.0,16.568855923429098,0.0,15.234359418961555,0.0,12.135624489264634,0.0,9.031364384707652,0.0,5.679344376781878,0.0,3.1747759837771086,0.0,1.873982684532562,0.0,0.0,0.0
Bekem,456.5058823529411,0.0,19.871362937025975,0.0,418.0610602219675,0.0,496.0,0.0,448.0,0.0,392.0,0.0,309.0,0.0,221.0,0.0,141.0,0.0,103.0,0.0,75.0,0.0,49.0,0.0,14.100743826058743,0.0,22.271057451320086,0.0,21.166010488516726,0.0,19.79898987322333,0.0,17.578395831246947,0.0,14.866068747318506,0.0,11.874342087037917,0.0,10.14889156509222,0.0,8.660254037844387,0.0,7.0,0.0,,,,,,,,,,,,,,,,,,,,,4.332549226529329,0.0,,,,,,,,,,,,,,,,,,,,,14.100842248564264,0.0,20.162732714192636,0.0,19.4080736843003,0.0,18.07423802864593,0.0,15.51818236880981,0.0,13.087458492906205,0.0,10.277848355137802,0.0,8.801352909645825,0.0,7.464629089410984,0.0,5.909250860390504,0.0
Betel,350.9137254901961,0.0,17.400338504884978,0.0,351.6497938787237,0.0,357.0,0.0,329.0,0.0,280.0,0.0,203.0,0.0,128.0,0.0,74.0,0.0,48.0,0.0,26.0,0.0,8.0,0.0,11.877163136894293,0.0,18.894443627691185,0.0,18.138357147217054,0.0,16.73320053068151,0.0,14.247806848775006,0.0,11.313708498984761,0.0,8.602325267042627,0.0,6.928203230275509,0.0,5.0990195135927845,0.0,2.8284271247461903,0.0,,,,,,,,,,,,,,,,,,,,,7.83803873571668,0.0,,,,,,,,,,,,,,,,,,,,,11.877186646493293,0.0,16.836305238626625,0.0,16.275596798622484,0.0,14.935718677222233,0.0,12.029045116980779,0.0,9.47125900368931,0.0,7.01050759076434,0.0,5.5495589121230955,0.0,4.196644863063185,0.0,2.1360381094173597,0.0
Beule,372.2901960784314,0.0,17.951414629416586,0.0,342.4492172250967,0.0,388.0,0.0,353.0,0.0,300.0,0.0,216.0,0.0,132.0,0.0,58.0,0.0,34.0,0.0,17.0,0.0,5.0,0.0,11.462280632797741,0.0,19.697715603592208,0.0,18.788294228055936,0.0,17.320508075688775,0.0,14.696938456699069,0.0,11.489125293076057,0.0,7.615773105863909,0.0,5.830951894845301,0.0,4.123105625617661,0.0,2.23606797749979,0.0,,,,,,,,,,,,,,,,,,,,,6.1900443293968594,0.0,,,,,,,,,,,,,,,,,,,,,11.462643586034767,0.0,17.836468323836066,0.0,17.000852820629056,0.0,15.47096066458666,0.0,12.455325646709998,0.0,9.359755974857784,0.0,6.034814127793026,0.0,4.677117614295205,0.0,3.854037135960114,0.0,1.7074736544341382,0.0
Beuns,387.678431372549,0.0,18.234556173135083,0.0,320.44423683833884,0.0,395.0,0.0,367.0,0.0,307.0,0.0,218.0,0.0,117.0,0.0,43.0,0.0,12.0,0.0,1.0,0.0,0.0,0.0,10.65949440967039,0.0,19.87460691435179,0.0,19.157244060668017,0.0,17.52141546793523,0.0,14.7648230602334,0.0,10.816653826391969,0.0,6.557438524302,0.0,3.4641016151377544,0.0,1.0,0.0,0.0,0.0,,,,,,,,,,,,,,,,,,,,,5.053672270624029,0.0,,,,,,,,,,,,,,,,,,,,,10.659344544595204,0.0,17.96054146645696,0.0,17.380296044448993,0.0,15.617931607165215,0.0,12.377605086049059,0.0,8.54987558191586,0.0,4.548499574485301,0.0,1.8622315868924466,0.0,0.4727811548919008,0.0,0.0,0.0
Bezug,422.6549019607843,0.0,19.087735272462346,0.0,360.777752130729,0.0,456.0,0.0,417.0,0.0,351.0,0.0,247.0,0.0,157.0,0.0,86.0,0.0,44.0,0.0,26.0,0.0,16.0,0.0,12.042396323517998,0.0,21.354156504062622,0.0,20.42057785666214,0.0,18.734993995195193,0.0,15.716233645501712,0.0,12.529964086141668,0.0,9.273618495495704,0.0,6.6332495807108,0.0,5.0990195135927845,0.0,4.0,0.0,,,,,,,,,,,,,,,,,,,,,4.915121332101831,0.0,,,,,,,,,,,,,,,,,,,,,12.042053304888178,0.0,19.351898415968385,0.0,18.527610179677247,0.0,16.718695209016733,0.0,13.177920079524704,0.0,10.457003199350071,0.0,7.170949769065986,0.0,4.940885702318887,0.0,3.6515766983079603,0.0,2.6082804696299,0.0
Bgrkq,457.9568627450981,0.0,19.903385634303646,0.0,407.4370205689314,0.0,499.0,0.0,453.0,0.0,396.0,0.0,308.0,0.0,213.0,0.0,137.0,0.0,93.0,0.0,57.0,0.0,31.0,0.0,13.669550885007586,0.0,22.338307903688676,0.0,21.283796653792763,0.0,19.8997487421324,0.0,17.549928774784245,0.0,14.594519519326424,0.0,11.704699910719626,0.0,9.643650760992955,0.0,7.54983443527075,0.0,5.5677643628300215,0.0,,,,,,,,,,,,,,,,,,,,,3.9677731827871527,0.0,,,,,,,,,,,,,,,,,,,,,13.669268334914106,0.0,20.436514978638073,0.0,19.607493376358267,0.0,17.995386443048655,0.0,15.439273598408125,0.0,12.63483947503782,0.0,9.791144116755678,0.0,7.928201574614414,0.0,6.245630563579934,0.0,3.9228375318669415,0.0
Bgtts,383.0862745098039,0.0,18.040810244955797,0.0,368.81006795117753,0.0,411.0,0.0,369.0,0.0,306.0,0.0,226.0,0.0,154.0,0.0,93.0,0.0,63.0,0.0,28.0,0.0,18.0,0.0,12.420636802533851,0.0,20.273134932713294,0.0,19.209372712298546,0.0,17.4928556845359,0.0,15.033296378372908,0.0,12.409673645990857,0.0,9.643650760992955,0.0,7.937253933193772,0.0,5.291502622129181,0.0,4.242640687119285,0.0,,,,,,,,,,,,,,,,,,,,,10.266069157934913,0.0,,,,,,,,,,,,,,,,,,,,,12.420910627128947,0.0,18.04895537470354,0.0,17.27365908573849,0.0,15.69303254288294,0.0,12.902294885011784,0.0,10.519934515837576,0.0,7.904345896458761,0.0,6.253114460232933,0.0,3.782937828401449,0.0,2.903287701079112,0.0
Bhrps,411.3529411764706,0.0,18.856517254876838,0.0,360.51594598461617,0.0,419.0,0.0,386.0,0.0,335.0,0.0,245.0,0.0,156.0,0.0,91.0,0.0,61.0,0.0,36.0,0.0,28.0,0.0,12.244607729782164,0.0,20.46948949045872,0.0,19.6468827043885,0.0,18.303005217723125,0.0,15.652475842498529,0.0,12.489995996796797,0.0,9.539392014169456,0.0,7.810249675906654,0.0,6.0,0.0,5.291502622129181,0.0,,,,,,,,,,,,,,,,,,,,,5.960380261723965,0.0,,,,,,,,,,,,,,,,,,,,,12.24514473012982,0.0,18.654106149035663,0.0,17.913142183231606,0.0,16.38814165088153,0.0,13.50834653286048,0.0,10.620172565969233,0.0,7.941078357595516,0.0,6.570490964074914,0.0,5.397303326837835,0.0,4.5708187003882195,0.0
Bhthl,412.9843137254902,0.0,18.99266132378342,0.0,393.0842435335678,0.0,439.0,0.0,400.0,0.0,356.0,0.0,268.0,0.0,179.0,0.0,119.0,0.0,81.0,0.0,57.0,0.0,22.0,0.0,13.334704879530518,0.0,20.952326839756964,0.0,20.0,0.0,18.867962264113206,0.0,16.3707055437449,0.0,13.379088160259652,0.0,10.908712114635714,0.0,9.0,0.0,7.54983443527075,0.0,4.69041575982343,0.0,,,,,,,,,,,,,,,,,,,,,6.296238382810991,0.0,,,,,,,,,,,,,,,,,,,,,13.3347930382986,0.0,19.008837427510148,0.0,18.238077976468517,0.0,17.04185647631406,0.0,14.275962345853126,0.0,11.591231337535945,0.0,9.276927013851157,0.0,7.7798589833451555,0.0,6.759722064477386,0.0,3.7439986126116978,0.0
Bhwxz,438.2941176470588,0.0,19.44656219587373,0.0,411.87424712415486,0.0,464.0,0.0,440.0,0.0,397.0,0.0,298.0,0.0,216.0,0.0,141.0,0.0,85.0,0.0,58.0,0.0,37.0,0.0,13.914820128890808,0.0,21.540659228538015,0.0,20.97617696340303,0.0,19.924858845171276,0.0,17.26267650163207,0.0,14.696938456699069,0.0,11.874342087037917,0.0,9.219544457292887,0.0,7.615773105863909,0.0,6.082762530298219,0.0,,,,,,,,,,,,,,,,,,,,,6.175156778687282,0.0,,,,,,,,,,,,,,,,,,,,,13.915244499877103,0.0,19.697513309004705,0.0,19.18513757600665,0.0,17.98561088140798,0.0,15.050780874336727,0.0,12.544575007439606,0.0,9.858712009302428,0.0,7.472133224039621,0.0,6.24169224728484,0.0,4.59756655445384,0.0
Bibel,371.98039215686265,0.0,17.89238409740205,0.0,378.23193111472773,0.0,391.0,0.0,364.0,0.0,318.0,0.0,231.0,0.0,155.0,0.0,99.0,0.0,64.0,0.0,38.0,0.0,10.0,0.0,12.79197975667521,0.0,19.77371993328519,0.0,19.078784028338912,0.0,17.832554500127006,0.0,15.198684153570664,0.0,12.449899597988733,0.0,9.9498743710662,0.0,8.0,0.0,6.164414002968976,0.0,3.1622776601683795,0.0,,,,,,,,,,,,,,,,,,,,,5.738774494421761,0.0,,,,,,,,,,,,,,,,,,,,,12.79195108222304,0.0,17.892880335979783,0.0,17.297225625176818,0.0,15.921055756127506,0.0,12.956113962382485,0.0,10.513737629795475,0.0,8.307774143902872,0.0,6.3497585674930965,0.0,5.062522040035784,0.0,2.2386181575997384,0.0
Biegi,373.20392156862744,0.0,17.910614492405852,0.0,383.44330652541805,0.0,395.0,0.0,361.0,0.0,310.0,0.0,234.0,0.0,166.0,0.0,104.0,0.0,68.0,0.0,39.0,0.0,18.0,0.0,12.96363079218181,0.0,19.87460691435179,0.0,19.0,0.0,17.60681686165901,0.0,15.297058540778355,0.0,12.884098726725126,0.0,10.198039027185569,0.0,8.246211251235321,0.0,6.244997998398398,0.0,4.242640687119285,0.0,,,,,,,,,,,,,,,,,,,,,5.007060181585608,0.0,,,,,,,,,,,,,,,,,,,,,12.963449850889788,0.0,17.80078444458298,0.0,17.1941358672672,0.0,15.679630402881978,0.0,13.066716097846184,0.0,10.90050727516104,0.0,8.291045732771627,0.0,6.320095624843543,0.0,4.627512504722743,0.0,2.781298545806739,0.0
Biere,336.77647058823527,0.0,17.03314361900232,0.0,343.3878705660972,0.0,339.0,0.0,309.0,0.0,265.0,0.0,196.0,0.0,132.0,0.0,63.0,0.0,35.0,0.0,8.0,0.0,0.0,0.0,11.548203624826048,0.0,18.411952639521967,0.0,17.578395831246947,0.0,16.278820596099706,0.0,14.0,0.0,11.489125293076057,0.0,7.937253933193772,0.0,5.916079783099616,0.0,2.8284271247461903,0.0,0.0,0.0,,,,,,,,,,,,,,,,,,,,,6.323141479307322,0.0,,,,,,,,,,,,,,,,,,,,,11.548428070580103,0.0,16.53680334849722,0.0,15.815021122173153,0.0,14.372286130797814,0.0,11.786650667598296,0.0,9.377315193939628,0.0,6.110700272506772,0.0,4.3094102224334545,0.0,2.0700452325721046,0.0,0.0,0.0
Biest,332.46274509803925,0.0,16.829737873582655,0.0,347.3860061606899,0.0,339.0,0.0,305.0,0.0,254.0,0.0,191.0,0.0,132.0,0.0,68.0,0.0,39.0,0.0,13.0,0.0,0.0,0.0,11.738072193636834,0.0,18.411952639521967,0.0,17.46424919657298,0.0,15.937377450509228,0.0,13.820274961085254,0.0,11.489125293076057,0.0,8.246211251235321,0.0,6.244997998398398,0.0,3.605551275463989,0.0,0.0,0.0,,,,,,,,,,,,,,,,,,,,,7.333388333391464,0.0,,,,,,,,,,,,,,,,,,,,,11.737839348920359,0.0,16.219483013772088,0.0,15.64484952251625,0.0,14.034540734736128,0.0,11.577989047740813,0.0,9.365256545489018,0.0,6.357877475275121,0.0,4.490516946264274,0.0,2.442211686035815,0.0,0.0,0.0
Binde,398.2196078431373,0.0,18.543385953750676,0.0,357.4367592390107,0.0,413.0,0.0,374.0,0.0,329.0,0.0,251.0,0.0,159.0,0.0,84.0,0.0,48.0,0.0,23.0,0.0,9.0,0.0,12.122062932994938,0.0,20.322401432901575,0.0,19.339079605813716,0.0,18.138357147217054,0.0,15.84297951775486,0.0,12.609520212918492,0.0,9.16515138991168,0.0,6.928203230275509,0.0,4.795831523312719,0.0,3.0,0.0,,,,,,,,,,,,,,,,,,,,,3.788484455978886,0.0,,,,,,,,,,,,,,,,,,,,,12.122403988289111,0.0,18.477626842012903,0.0,17.61150380396356,0.0,16.285255355585328,0.0,13.710481317088911,0.0,10.507358959859033,0.0,7.244783650023682,0.0,5.488385675002101,0.0,4.13707333973454,0.0,2.4773383361263903,0.0
Blama,425.8705882352941,0.0,19.11661093220387,0.0,423.4622167688485,0.0,451.0,0.0,409.0,0.0,362.0,0.0,286.0,0.0,221.0,0.0,156.0,0.0,113.0,0.0,66.0,0.0,51.0,0.0,14.37179894097111,0.0,21.236760581595302,0.0,20.223748416156685,0.0,19.026297590440446,0.0,16.911534525287763,0.0,14.866068747318506,0.0,12.489995996796797,0.0,10.63014581273465,0.0,8.12403840463596,0.0,7.14142842854285,0.0,,,,,,,,,,,,,,,,,,,,,4.3543539409047325,0.0,,,,,,,,,,,,,,,,,,,,,14.371898599194301,0.0,19.288485384615434,0.0,18.53696320023178,0.0,17.361381694050763,0.0,14.990182115664764,0.0,13.065960115848787,0.0,10.705658661091066,0.0,9.108343676588927,0.0,7.137230444598315,0.0,6.083154216166065,0.0
Blete,350.91372549019604,0.0,17.400338504884978,0.0,356.81294150043254,0.0,362.0,0.0,332.0,0.0,280.0,0.0,208.0,0.0,142.0,0.0,75.0,0.0,49.0,0.0,21.0,0.0,7.0,0.0,12.049283021802092,0.0,19.026297590440446,0.0,18.2208671582886,0.0,16.73320053068151,0.0,14.422205101855956,0.0,11.916375287812984,0.0,8.660254037844387,0.0,7.0,0.0,4.58257569495584,0.0,2.6457513110645907,0.0,,,,,,,,,,,,,,,,,,,,,6.208771094607594,0.0,,,,,,,,,,,,,,,,,,,,,12.049299800004412,0.0,17.029280236524095,0.0,16.390552439761287,0.0,14.946502172887207,0.0,12.300048540268108,0.0,9.966049815633614,0.0,7.109812584684983,0.0,5.674306102742915,0.0,3.8751831327346093,0.0,2.2271431221184588,0.0
Bljts,332.2627450980392,0.0,16.902424360141016,0.0,386.2858741458847,0.0,348.0,0.0,321.0,0.0,277.0,0.0,211.0,0.0,153.0,0.0,106.0,0.0,71.0,0.0,33.0,0.0,14.0,0.0,13.064490471635617,0.0,18.65475810617763,0.0,17.916472867168917,0.0,16.64331697709324,0.0,14.52583904633395,0.0,12.36931687685298,0.0,10.295630140987,0.0,8.426149773176359,0.0,5.744562646538029,0.0,3.7416573867739413,0.0,,,,,,,,,,,,,,,,,,,,,8.159356108151474,0.0,,,,,,,,,,,,,,,,,,,,,13.064833427373207,0.0,16.590983303428047,0.0,16.044454835813266,0.0,14.849818806678265,0.0,12.396139549278704,0.0,10.522267684452592,0.0,8.579498738948777,0.0,6.797455746966032,0.0,4.940145479128078,0.0,2.9932958654459414,0.0
Bllly,352.73333333333335,0.0,17.567841806663235,0.0,426.84808875498345,0.0,375.0,0.0,350.0,0.0,316.0,0.0,245.0,0.0,197.0,0.0,153.0,0.0,111.0,0.0,61.0,0.0,23.0,0.0,14.396614650334703,0.0,19.364916731037084,0.0,18.708286933869708,0.0,17.776388834631177,0.0,15.652475842498529,0.0,14.035668847618199,0.0,12.36931687685298,0.0,10.535653752852738,0.0,7.810249675906654,0.0,4.795831523312719,0.0,,,,,,,,,,,,,,,,,,,,,6.129032563425535,0.0,,,,,,,,,,,,,,,,,,,,,14.396799381992638,0.0,17.42078655067243,0.0,17.010592295151227,0.0,16.034061365596585,0.0,13.666720278169269,0.0,12.237523677983194,0.0,10.600048556989707,0.0,8.866072325220516,0.0,7.063714880973807,0.0,3.7083037369445826,0.0
Bllsd,375.9176470588235,0.0,18.0670863130483,0.0,397.6461304003899,0.0,396.0,0.0,363.0,0.0,314.0,0.0,248.0,0.0,178.0,0.0,124.0,0.0,87.0,0.0,52.0,0.0,21.0,0.0,13.476544890335733,0.0,19.8997487421324,0.0,19.05255888325765,0.0,17.72004514666935,0.0,15.748015748023622,0.0,13.341664064126334,0.0,11.135528725660043,0.0,9.327379053088816,0.0,7.211102550927978,0.0,4.58257569495584,0.0,,,,,,,,,,,,,,,,,,,,,6.19882662080096,0.0,,,,,,,,,,,,,,,,,,,,,13.476647078634517,0.0,17.950674937929357,0.0,17.36929186700466,0.0,16.006179846218018,0.0,13.717893423979168,0.0,11.433114009977114,0.0,9.42455643147591,0.0,7.885256819644946,0.0,6.465992114426873,0.0,3.661690079917574,0.0
Block,384.3254901960784,0.0,18.210344728550343,0.0,384.250961224362,0.0,404.0,0.0,376.0,0.0,329.0,0.0,249.0,0.0,175.0,0.0,109.0,0.0,72.0,0.0,35.0,0.0,12.0,0.0,12.972086268033276,0.0,20.09975124224178,0.0,19.390719429665317,0.0,18.138357147217054,0.0,15.7797338380595,0.0,13.228756555322953,0.0,10.44030650891055,0.0,8.48528137423857,0.0,5.916079783099616,0.0,3.4641016151377544,0.0,,,,,,,,,,,,,,,,,,,,,4.405540949336489,0.0,,,,,,,,,,,,,,,,,,,,,12.971743672274549,0.0,18.203011253680383,0.0,17.58345694718488,0.0,16.214622364383608,0.0,13.60210684854166,0.0,11.227324417217526,0.0,8.64137484534143,0.0,6.911160569844819,0.0,5.325367050150531,0.0,2.6707677091228623,0.0
Blogs,397.9098039215687,0.0,18.456018982386226,0.0,378.5738284023495,0.0,425.0,0.0,387.0,0.0,327.0,0.0,242.0,0.0,163.0,0.0,105.0,0.0,71.0,0.0,39.0,0.0,23.0,0.0,12.760583561695332,0.0,20.615528128088304,0.0,19.672315572906,0.0,18.083141320025124,0.0,15.556349186104045,0.0,12.767145334803704,0.0,10.246950765959598,0.0,8.426149773176359,0.0,6.244997998398398,0.0,4.795831523312719,0.0,,,,,,,,,,,,,,,,,,,,,4.176914845799903,0.0,,,,,,,,,,,,,,,,,,,,,12.760726785660925,0.0,18.51952537092524,0.0,17.80737145233663,0.0,16.18316001217727,0.0,13.330450764508322,0.0,10.891339813683661,0.0,8.427151115892736,0.0,6.756553312965158,0.0,5.073670084435356,0.0,3.4290407951979125,0.0
Bloht,385.4862745098039,0.0,18.258117279650236,0.0,381.0552791073731,0.0,408.0,0.0,372.0,0.0,324.0,0.0,246.0,0.0,166.0,0.0,106.0,0.0,69.0,0.0,36.0,0.0,9.0,0.0,12.882543155836927,0.0,20.199009876724155,0.0,19.28730152198591,0.0,18.0,0.0,15.684387141358123,0.0,12.884098726725126,0.0,10.295630140987,0.0,8.306623862918075,0.0,6.0,0.0,3.0,0.0,,,,,,,,,,,,,,,,,,,,,4.229789122732789,0.0,,,,,,,,,,,,,,,,,,,,,12.882812226956279,0.0,18.080720958479148,0.0,17.37907606820658,0.0,16.03228930371574,0.0,13.48432712228025,0.0,10.93793546119752,0.0,8.439075952935719,0.0,6.868362130969207,0.0,5.356380870555869,0.0,2.323520649544872,0.0
Bluff,370.5882352941176,0.0,17.909819807048688,0.0,400.8244286782579,0.0,389.0,0.0,363.0,0.0,318.0,0.0,244.0,0.0,179.0,0.0,121.0,0.0,92.0,0.0,52.0,0.0,23.0,0.0,13.628626795044374,0.0,19.72308292331602,0.0,19.05255888325765,0.0,17.832554500127006,0.0,15.620499351813308,0.0,13.379088160259652,0.0,11.0,0.0,9.591663046625438,0.0,7.211102550927978,0.0,4.795831523312719,0.0,,,,,,,,,,,,,,,,,,,,,5.389560007594114,0.0,,,,,,,,,,,,,,,,,,,,,13.62828193932214,0.0,17.821371332527765,0.0,17.281681595737297,0.0,16.01938059533466,0.0,13.465723901969604,0.0,11.35590664900849,0.0,9.330745285525284,0.0,8.042411112046038,0.0,6.185521863778054,0.0,3.7722191287489264,0.0
Blume,427.41568627450977,0.0,19.244111428767354,0.0,424.98275681468954,0.0,469.0,0.0,425.0,0.0,372.0,0.0,296.0,0.0,214.0,0.0,136.0,0.0,105.0,0.0,66.0,0.0,51.0,0.0,14.277908547488211,0.0,21.656407827707714,0.0,20.615528128088304,0.0,19.28730152198591,0.0,17.204650534085253,0.0,14.628738838327793,0.0,11.661903789690601,0.0,10.246950765959598,0.0,8.12403840463596,0.0,7.14142842854285,0.0,,,,,,,,,,,,,,,,,,,,,4.217130002283096,0.0,,,,,,,,,,,,,,,,,,,,,14.277822216841514,0.0,19.64376823924917,0.0,18.794826076077356,0.0,17.553765351981237,0.0,15.18435815397681,0.0,12.699266309953213,0.0,10.138909361599524,0.0,8.913319951196465,0.0,7.137230444598315,0.0,6.083154216166065,0.0
Bluse,363.8352941176471,0.0,17.701566364288986,0.0,350.06763882477037,0.0,382.0,0.0,345.0,0.0,289.0,0.0,214.0,0.0,133.0,0.0,64.0,0.0,40.0,0.0,19.0,0.0,7.0,0.0,11.777798652124964,0.0,19.544820285692065,0.0,18.57417562100671,0.0,17.0,0.0,14.628738838327793,0.0,11.532562594670797,0.0,8.0,0.0,6.324555320336759,0.0,4.358898943540674,0.0,2.6457513110645907,0.0,,,,,,,,,,,,,,,,,,,,,5.45270270633853,0.0,,,,,,,,,,,,,,,,,,,,,11.777935960126879,0.0,17.53765686382202,0.0,16.72976476522137,0.0,15.138098240082332,0.0,12.342117113713408,0.0,9.291586260019693,0.0,6.416930903446855,0.0,5.04974865156001,0.0,3.770336098000125,0.0,2.2271431221184588,0.0
Blöße,423.6627450980392,0.0,19.03285166553102,0.0,409.06522638244235,0.0,457.0,0.0,423.0,0.0,364.0,0.0,287.0,0.0,200.0,0.0,138.0,0.0,101.0,0.0,59.0,0.0,25.0,0.0,13.776721499192142,0.0,21.37755832643195,0.0,20.566963801203133,0.0,19.078784028338912,0.0,16.941074346097416,0.0,14.142135623730951,0.0,11.74734012447073,0.0,10.04987562112089,0.0,7.681145747868608,0.0,5.0,0.0,,,,,,,,,,,,,,,,,,,,,3.920366997054701,0.0,,,,,,,,,,,,,,,,,,,,,13.777117907579889,0.0,19.39111780960545,0.0,18.641248191749966,0.0,17.266947747142048,0.0,14.933704461168427,0.0,12.239332547216984,0.0,9.954242483959424,0.0,8.262781323725763,0.0,6.348302376440445,0.0,3.7584580488165864,0.0
Bmlll,397.2352941176471,0.0,18.676232101817366,0.0,479.7724790976547,0.0,437.0,0.0,406.0,0.0,359.0,0.0,300.0,0.0,250.0,0.0,196.0,0.0,159.0,0.0,104.0,0.0,66.0,0.0,15.960466587770329,0.0,20.904544960366874,0.0,20.149441679609886,0.0,18.947295321496416,0.0,17.320508075688775,0.0,15.811388300841896,0.0,14.0,0.0,12.609520212918492,0.0,10.198039027185569,0.0,8.12403840463596,0.0,,,,,,,,,,,,,,,,,,,,,11.247631254485723,0.0,,,,,,,,,,,,,,,,,,,,,15.960417295557757,0.0,18.95830505578522,0.0,18.399345681117044,0.0,17.32277479606573,0.0,15.505599048931499,0.0,14.114571273869414,0.0,12.308593306508634,0.0,10.986250631647154,0.0,9.171890799353468,0.0,6.833752386305895,0.0
Boden,421.3843137254902,0.0,19.02565782087728,0.0,338.2777167647993,0.0,435.0,0.0,402.0,0.0,343.0,0.0,249.0,0.0,148.0,0.0,63.0,0.0,34.0,0.0,17.0,0.0,9.0,0.0,11.335616715050381,0.0,20.85665361461421,0.0,20.049937655763422,0.0,18.520259177452136,0.0,15.7797338380595,0.0,12.165525060596439,0.0,7.937253933193772,0.0,5.830951894845301,0.0,4.123105625617661,0.0,3.0,0.0,,,,,,,,,,,,,,,,,,,,,2.7418168782428594,0.0,,,,,,,,,,,,,,,,,,,,,11.335868761029797,0.0,18.984423210078464,0.0,18.276938614713803,0.0,16.740321218716453,0.0,13.642084416800422,0.0,10.061406830413057,0.0,6.10118172366553,0.0,4.592984315603283,0.0,3.647925367622548,0.0,2.5150661115962025,0.0
Bogen,430.2078431372549,0.0,19.20119942107776,0.0,346.4551306244641,0.0,447.0,0.0,412.0,0.0,352.0,0.0,253.0,0.0,155.0,0.0,75.0,0.0,36.0,0.0,23.0,0.0,16.0,0.0,11.625979180350301,0.0,21.142374511865974,0.0,20.29778313018444,0.0,18.76166303929372,0.0,15.905973720586866,0.0,12.449899597988733,0.0,8.660254037844387,0.0,6.0,0.0,4.795831523312719,0.0,4.0,0.0,,,,,,,,,,,,,,,,,,,,,3.164176171790319,0.0,,,,,,,,,,,,,,,,,,,,,11.625619527655935,0.0,19.228220417384843,0.0,18.551173680240925,0.0,17.002327694056977,0.0,13.701704835434098,0.0,10.377904894835986,0.0,6.741788720446965,0.0,4.345103166483495,0.0,3.517078240064401,0.0,2.6099998410952274,0.0
Bohne,419.7882352941176,0.0,19.03219070333442,0.0,332.8945736245746,0.0,436.0,0.0,391.0,0.0,341.0,0.0,245.0,0.0,143.0,0.0,59.0,0.0,27.0,0.0,16.0,0.0,3.0,0.0,11.172314483401815,0.0,20.8806130178211,0.0,19.77371993328519,0.0,18.466185312619388,0.0,15.652475842498529,0.0,11.958260743101398,0.0,7.681145747868608,0.0,5.196152422706632,0.0,4.0,0.0,1.7320508075688772,0.0,,,,,,,,,,,,,,,,,,,,,3.723283855308383,0.0,,,,,,,,,,,,,,,,,,,,,11.172298491268316,0.0,19.00762602711027,0.0,18.081124691956653,0.0,16.595532707823935,0.0,13.491901812748807,0.0,9.889660908757753,0.0,5.9283921985476224,0.0,4.136128313985856,0.0,3.7606640050939055,0.0,1.0076972804339992,0.0
Bombe,459.90196078431376,0.0,19.804562598827392,0.0,400.4118173498223,0.0,500.0,0.0,452.0,0.0,395.0,0.0,289.0,0.0,205.0,0.0,130.0,0.0,89.0,0.0,58.0,0.0,46.0,0.0,13.445083540107193,0.0,22.360679774997898,0.0,21.2602916254693,0.0,19.87460691435179,0.0,17.0,0.0,14.317821063276353,0.0,11.40175425099138,0.0,9.433981132056603,0.0,7.615773105863909,0.0,6.782329983125268,0.0,,,,,,,,,,,,,,,,,,,,,3.711160861875018,0.0,,,,,,,,,,,,,,,,,,,,,13.444528028166854,0.0,20.36442486462872,0.0,19.411373584107295,0.0,18.032454860503375,0.0,14.968865701412646,0.0,12.563927507277068,0.0,9.833117705342453,0.0,8.068521629522412,0.0,6.528677667920739,0.0,5.701193223741648,0.0
Bonus,391.21568627450984,0.0,18.27871448725048,0.0,319.6818845450873,0.0,401.0,0.0,371.0,0.0,307.0,0.0,212.0,0.0,121.0,0.0,47.0,0.0,11.0,0.0,0.0,0.0,0.0,0.0,10.619047023096925,0.0,20.024984394500787,0.0,19.261360284258224,0.0,17.52141546793523,0.0,14.560219778561036,0.0,11.0,0.0,6.855654600401044,0.0,3.3166247903554,0.0,0.0,0.0,0.0,0.0,,,,,,,,,,,,,,,,,,,,,5.47949099330724,0.0,,,,,,,,,,,,,,,,,,,,,10.618937456967144,0.0,18.027299275447,0.0,17.37394261778393,0.0,15.547836351176489,0.0,12.097318711952795,0.0,8.883631900246003,0.0,4.5902958963615665,0.0,1.7756220539385572,0.0,0.0,0.0,0.0,0.0
Borke,390.3176470588235,0.0,18.34854522516829,0.0,346.5870806370177,0.0,405.0,0.0,366.0,0.0,319.0,0.0,229.0,0.0,146.0,0.0,79.0,0.0,42.0,0.0,19.0,0.0,2.0,0.0,11.616969527516666,0.0,20.12461179749811,0.0,19.131126469708992,0.0,17.86057109949175,0.0,15.132745950421556,0.0,12.083045973594572,0.0,8.888194417315589,0.0,6.48074069840786,0.0,4.358898943540674,0.0,1.4142135623730951,0.0,,,,,,,,,,,,,,,,,,,,,4.419510588063122,0.0,,,,,,,,,,,,,,,,,,,,,11.616590752419338,0.0,18.27214778350741,0.0,17.397161564780607,0.0,15.919164710741486,0.0,12.959458229519967,0.0,10.09814864522834,0.0,7.083927755375932,0.0,5.035649014338004,0.0,3.89689503470532,0.0,0.6618696519470317,0.0
Borte,349.48235294117643,0.0,17.278154564193922,0.0,331.8308150631853,0.0,355.0,0.0,324.0,0.0,273.0,0.0,191.0,0.0,120.0,0.0,59.0,0.0,32.0,0.0,3.0,0.0,0.0,0.0,11.046349505447916,0.0,18.841443681416774,0.0,18.0,0.0,16.522711641858304,0.0,13.820274961085254,0.0,10.954451150103322,0.0,7.681145747868608,0.0,5.656854249492381,0.0,1.7320508075688772,0.0,0.0,0.0,,,,,,,,,,,,,,,,,,,,,7.450755663142235,0.0,,,,,,,,,,,,,,,,,,,,,11.046493672474119,0.0,16.88818394804732,0.0,16.108605209298872,0.0,14.654898749082093,0.0,11.616879830575533,0.0,8.90759848929435,0.0,5.79502051266149,0.0,4.056294014049311,0.0,1.0634663993176967,0.0,0.0,0.0
Bosse,357.6313725490196,0.0,17.38282438563089,0.0,312.4811567088618,0.0,365.0,0.0,318.0,0.0,257.0,0.0,179.0,0.0,104.0,0.0,42.0,0.0,16.0,0.0,4.0,0.0,0.0,0.0,10.306350756549698,0.0,19.1049731745428,0.0,17.832554500127006,0.0,16.0312195418814,0.0,13.379088160259652,0.0,10.198039027185569,0.0,6.48074069840786,0.0,4.0,0.0,2.0,0.0,0.0,0.0,,,,,,,,,,,,,,,,,,,,,6.742195070324651,0.0,,,,,,,,,,,,,,,,,,,,,10.305875063464338,0.0,17.035150613966515,0.0,16.012045641769348,0.0,14.088360174539908,0.0,11.073828757242481,0.0,7.9321627956013385,0.0,4.3800244638699315,0.0,2.3543766888239395,0.0,1.0817114171542088,0.0,0.0,0.0
Boten,378.2941176470588,0.0,17.987154628836553,0.0,327.7616528037613,0.0,382.0,0.0,355.0,0.0,301.0,0.0,211.0,0.0,126.0,0.0,55.0,0.0,23.0,0.0,4.0,0.0,0.0,0.0,10.948972193077624,0.0,19.544820285692065,0.0,18.841443681416774,0.0,17.349351572897472,0.0,14.52583904633395,0.0,11.224972160321824,0.0,7.416198487095663,0.0,4.795831523312719,0.0,2.0,0.0,0.0,0.0,,,,,,,,,,,,,,,,,,,,,4.667824730880234,0.0,,,,,,,,,,,,,,,,,,,,,10.949073204233422,0.0,17.559019310091266,0.0,16.97100031268715,0.0,15.572779652220394,0.0,12.293792850904495,0.0,9.154192309782966,0.0,5.519474444317292,0.0,3.2088192230947823,0.0,1.168087818116663,0.0,0.0,0.0
Botin,358.66666666666663,0.0,17.522317290516316,0.0,345.94064004233024,0.0,362.0,0.0,340.0,0.0,293.0,0.0,210.0,0.0,141.0,0.0,73.0,0.0,37.0,0.0,8.0,0.0,0.0,0.0,11.675433702582206,0.0,19.026297590440446,0.0,18.439088914585774,0.0,17.11724276862369,0.0,14.491376746189438,0.0,11.874342087037917,0.0,8.54400374531753,0.0,6.082762530298219,0.0,2.8284271247461903,0.0,0.0,0.0,,,,,,,,,,,,,,,,,,,,,7.082362199330248,0.0,,,,,,,,,,,,,,,,,,,,,11.67580156329181,0.0,17.144410487305773,0.0,16.632363179801345,0.0,15.370394998336778,0.0,12.334488161486268,0.0,9.829182419189813,0.0,6.531541058676892,0.0,4.26865077702101,0.0,2.132849593536584,0.0,0.0,0.0
Boxer,361.67843137254897,0.0,17.593447104172192,0.0,334.5235121337522,0.0,365.0,0.0,338.0,0.0,291.0,0.0,209.0,0.0,123.0,0.0,62.0,0.0,22.0,0.0,4.0,0.0,1.0,0.0,11.14936186458274,0.0,19.1049731745428,0.0,18.384776310850235,0.0,17.05872210923198,0.0,14.45683229480096,0.0,11.090536506409418,0.0,7.874007874011811,0.0,4.69041575982343,0.0,2.0,0.0,1.0,0.0,,,,,,,,,,,,,,,,,,,,,8.360606783576015,0.0,,,,,,,,,,,,,,,,,,,,,11.149158266768696,0.0,17.08610930557732,0.0,16.525045155953812,0.0,15.07035483383975,0.0,12.023193743711468,0.0,8.808555374515718,0.0,5.688294359731829,0.0,2.7949959067829857,0.0,1.0064059457660859,0.0,0.3821804622177742,0.0
Bqnhs,437.51764705882357,0.0,19.425643285882646,0.0,351.92225029898896,0.0,458.0,0.0,412.0,0.0,357.0,0.0,263.0,0.0,159.0,0.0,80.0,0.0,42.0,0.0,31.0,0.0,13.0,0.0,11.917070708562683,0.0,21.400934559032695,0.0,20.29778313018444,0.0,18.894443627691185,0.0,16.217274740226856,0.0,12.609520212918492,0.0,8.94427190999916,0.0,6.48074069840786,0.0,5.5677643628300215,0.0,3.605551275463989,0.0,,,,,,,,,,,,,,,,,,,,,4.978260227219065,0.0,,,,,,,,,,,,,,,,,,,,,11.916897807721396,0.0,19.512593976652674,0.0,18.623528737004417,0.0,17.045396030537404,0.0,14.100725049370794,0.0,10.66675261146745,0.0,7.111857086903217,0.0,5.469399944522591,0.0,5.057747643892233,0.0,2.640462000913302,0.0
Brand,407.9333333333334,0.0,18.736884327296845,0.0,359.4122654982399,0.0,409.0,0.0,391.0,0.0,341.0,0.0,257.0,0.0,162.0,0.0,94.0,0.0,52.0,0.0,25.0,0.0,9.0,0.0,12.227045262300157,0.0,20.223748416156685,0.0,19.77371993328519,0.0,18.466185312619388,0.0,16.0312195418814,0.0,12.727922061357855,0.0,9.695359714832659,0.0,7.211102550927978,0.0,5.0,0.0,3.0,0.0,,,,,,,,,,,,,,,,,,,,,5.320267076924945,0.0,,,,,,,,,,,,,,,,,,,,,12.227101711049254,0.0,18.450462899687654,0.0,18.127801162853945,0.0,16.64982492892545,0.0,13.880759441326473,0.0,10.669775937761113,0.0,7.6405848096195115,0.0,5.609587394952187,0.0,4.021531642927488,0.0,2.3331247271656537,0.0
Brata,355.31764705882347,0.0,17.372418005082928,0.0,344.05966718230593,0.0,351.0,0.0,327.0,0.0,281.0,0.0,204.0,0.0,138.0,0.0,79.0,0.0,42.0,0.0,11.0,0.0,0.0,0.0,11.678653532636766,0.0,18.734993995195193,0.0,18.083141320025124,0.0,16.76305461424021,0.0,14.2828568570857,0.0,11.74734012447073,0.0,8.888194417315589,0.0,6.48074069840786,0.0,3.3166247903554,0.0,0.0,0.0,,,,,,,,,,,,,,,,,,,,,5.276867129770647,0.0,,,,,,,,,,,,,,,,,,,,,11.679003603034024,0.0,16.84590469091991,0.0,16.324293493210078,0.0,14.967503536578054,0.0,12.057306928334667,0.0,9.677354723856235,0.0,6.815913340951192,0.0,4.6740299284787294,0.0,2.0866117657377994,0.0,0.0,0.0
Braue,372.0078431372549,0.0,17.856177953828766,0.0,333.85768669026083,0.0,376.0,0.0,351.0,0.0,296.0,0.0,206.0,0.0,124.0,0.0,61.0,0.0,27.0,0.0,8.0,0.0,0.0,0.0,11.179169732364302,0.0,19.390719429665317,0.0,18.734993995195193,0.0,17.204650534085253,0.0,14.352700094407323,0.0,11.135528725660043,0.0,7.810249675906654,0.0,5.196152422706632,0.0,2.8284271247461903,0.0,0.0,0.0,,,,,,,,,,,,,,,,,,,,,3.6991483958895324,0.0,,,,,,,,,,,,,,,,,,,,,11.179013928148255,0.0,17.454043948053805,0.0,16.855097942775675,0.0,15.24234783931932,0.0,11.883877391262898,0.0,8.988149103166485,0.0,5.771193360136241,0.0,3.618681624656231,0.0,1.7973530153593622,0.0,0.0,0.0
Braut,361.5490196078431,0.0,17.582128478374436,0.0,347.9261421710346,0.0,366.0,0.0,347.0,0.0,293.0,0.0,208.0,0.0,134.0,0.0,75.0,0.0,38.0,0.0,11.0,0.0,0.0,0.0,11.722074234189234,0.0,19.131126469708992,0.0,18.627936010197157,0.0,17.11724276862369,0.0,14.422205101855956,0.0,11.575836902790225,0.0,8.660254037844387,0.0,6.164414002968976,0.0,3.3166247903554,0.0,0.0,0.0,,,,,,,,,,,,,,,,,,,,,5.263065981165389,0.0,,,,,,,,,,,,,,,,,,,,,11.721789696786367,0.0,17.03010366026587,0.0,16.691244775329633,0.0,15.109950493540541,0.0,11.95031176184774,0.0,9.471808938218986,0.0,6.5332506253476685,0.0,4.416628884585736,0.0,2.081497038293151,0.0,0.0,0.0
Brett,335.48627450980393,0.0,16.947283303828918,0.0,354.830925210507,0.0,338.0,0.0,319.0,0.0,269.0,0.0,202.0,0.0,140.0,0.0,75.0,0.0,45.0,0.0,15.0,0.0,0.0,0.0,11.96015449077943,0.0,18.384776310850235,0.0,17.86057109949175,0.0,16.401219466856727,0.0,14.212670403551895,0.0,11.832159566199232,0.0,8.660254037844387,0.0,6.708203932499369,0.0,3.872983346207417,0.0,0.0,0.0,,,,,,,,,,,,,,,,,,,,,8.054878047525287,0.0,,,,,,,,,,,,,,,,,,,,,11.959971466943376,0.0,16.26526702685404,0.0,15.97167486050108,0.0,14.517830073419834,0.0,11.997864006089078,0.0,9.78086044761373,0.0,6.769308718162038,0.0,4.983523241461103,0.0,2.390702569700282,0.0,0.0,0.0
Briea,341.4627450980392,0.0,17.104598939546563,0.0,343.1517568227887,0.0,336.0,0.0,311.0,0.0,269.0,0.0,200.0,0.0,126.0,0.0,75.0,0.0,36.0,0.0,13.0,0.0,0.0,0.0,11.601958502474288,0.0,18.33030277982336,0.0,17.635192088548397,0.0,16.401219466856727,0.0,14.142135623730951,0.0,11.224972160321824,0.0,8.660254037844387,0.0,6.0,0.0,3.605551275463989,0.0,0.0,0.0,,,,,,,,,,,,,,,,,,,,,5.785256458542099,0.0,,,,,,,,,,,,,,,,,,,,,11.601884362499288,0.0,16.47781514768857,0.0,15.90349525356222,0.0,14.561540155238056,0.0,11.84637334559973,0.0,9.17878839159474,0.0,6.656146341899775,0.0,4.240996211380184,0.0,2.600988821663093,0.0,0.0,0.0
Brief,335.92549019607844,0.0,17.011236307435748,0.0,368.19036885854337,0.0,334.0,0.0,313.0,0.0,272.0,0.0,207.0,0.0,141.0,0.0,95.0,0.0,62.0,0.0,33.0,0.0,9.0,0.0,12.516213765426846,0.0,18.275666882497067,0.0,17.69180601295413,0.0,16.492422502470642,0.0,14.38749456993816,0.0,11.874342087037917,0.0,9.746794344808963,0.0,7.874007874011811,0.0,5.744562646538029,0.0,3.0,0.0,,,,,,,,,,,,,,,,,,,,,6.257243307206043,0.0,,,,,,,,,,,,,,,,,,,,,12.516061000899082,0.0,16.3654742155284,0.0,15.911760968213642,0.0,14.631678953296907,0.0,12.107902061096492,0.0,9.917168361320353,0.0,7.9086498249324135,0.0,6.164774623265305,0.0,4.498272919239335,0.0,2.299470374815862,0.0
Brite,326.3176470588235,0.0,16.745630243643394,0.0,354.8988137565358,0.0,329.0,0.0,303.0,0.0,263.0,0.0,196.0,0.0,133.0,0.0,77.0,0.0,46.0,0.0,15.0,0.0,0.0,0.0,11.970493117507699,0.0,18.138357147217054,0.0,17.406895185529212,0.0,16.217274740226856,0.0,14.0,0.0,11.532562594670797,0.0,8.774964387392123,0.0,6.782329983125268,0.0,3.872983346207417,0.0,0.0,0.0,,,,,,,,,,,,,,,,,,,,,7.12927550641116,0.0,,,,,,,,,,,,,,,,,,,,,11.971106440712225,0.0,16.200183306265075,0.0,15.561008973391965,0.0,14.413363960429036,0.0,11.792005214598287,0.0,9.506820817510905,0.0,6.886316402613369,0.0,5.021647581740926,0.0,2.7630243638718843,0.0,0.0,0.0
Brktp,408.69019607843137,0.0,18.820525087045137,0.0,394.1218685629276,0.0,429.0,0.0,396.0,0.0,348.0,0.0,272.0,0.0,200.0,0.0,119.0,0.0,81.0,0.0,49.0,0.0,19.0,0.0,13.3644119286535,0.0,20.71231517720798,0.0,19.8997487421324,0.0,18.65475810617763,0.0,16.492422502470642,0.0,14.142135623730951,0.0,10.908712114635714,0.0,9.0,0.0,7.0,0.0,4.358898943540674,0.0,,,,,,,,,,,,,,,,,,,,,3.9128282055743266,0.0,,,,,,,,,,,,,,,,,,,,,13.364794794800016,0.0,18.80481320324481,0.0,18.23048293690476,0.0,16.876854723362733,0.0,14.41394344522669,0.0,12.121207468651162,0.0,9.122628609807418,0.0,7.400569750481972,0.0,5.8557272490627295,0.0,3.5902192051166395,0.0
Brntq,389.878431372549,0.0,18.326077624720092,0.0,370.3290794329561,0.0,399.0,0.0,377.0,0.0,329.0,0.0,256.0,0.0,172.0,0.0,91.0,0.0,57.0,0.0,27.0,0.0,11.0,0.0,12.551396916475126,0.0,19.974984355438178,0.0,19.4164878389476,0.0,18.138357147217054,0.0,16.0,0.0,13.114877048604,0.0,9.539392014169456,0.0,7.54983443527075,0.0,5.196152422706632,0.0,3.3166247903554,0.0,,,,,,,,,,,,,,,,,,,,,4.2315383421733275,0.0,,,,,,,,,,,,,,,,,,,,,12.55157192713033,0.0,18.126584360991263,0.0,17.69353660308098,0.0,16.37426875568075,0.0,13.842679015781464,0.0,11.035578301702916,0.0,7.5069767496399615,0.0,5.909277687970936,0.0,4.012755167914023,0.0,2.553348832942549,0.0
Bruch,387.3960784313726,0.0,18.288698522756782,0.0,361.0289906131794,0.0,406.0,0.0,377.0,0.0,328.0,0.0,246.0,0.0,154.0,0.0,78.0,0.0,41.0,0.0,24.0,0.0,5.0,0.0,12.128342667160496,0.0,20.149441679609886,0.0,19.4164878389476,0.0,18.110770276274835,0.0,15.684387141358123,0.0,12.409673645990857,0.0,8.831760866327848,0.0,6.4031242374328485,0.0,4.898979485566356,0.0,2.23606797749979,0.0,,,,,,,,,,,,,,,,,,,,,4.06558155901233,0.0,,,,,,,,,,,,,,,,,,,,,12.128075518424422,0.0,18.274773966780327,0.0,17.6383201566119,0.0,16.169508069447357,0.0,13.349451468543526,0.0,10.0785808391741,0.0,7.009985631673257,0.0,5.128942907459423,0.0,4.169185261856467,0.0,1.4706755745363886,0.0
Brust,348.4078431372549,0.0,17.256421501718794,0.0,348.0856225348449,0.0,358.0,0.0,332.0,0.0,278.0,0.0,208.0,0.0,131.0,0.0,64.0,0.0,36.0,0.0,13.0,0.0,0.0,0.0,11.686599813197155,0.0,18.920887928424502,0.0,18.2208671582886,0.0,16.673332000533065,0.0,14.422205101855956,0.0,11.445523142259598,0.0,8.0,0.0,6.0,0.0,3.605551275463989,0.0,0.0,0.0,,,,,,,,,,,,,,,,,,,,,7.22158288189437,0.0,,,,,,,,,,,,,,,,,,,,,11.686319028598879,0.0,16.804468644614428,0.0,16.339544674126486,0.0,14.721673013978906,0.0,12.04272221561422,0.0,9.100217129381711,0.0,6.044624448413105,0.0,4.275175794817269,0.0,2.2136248767651665,0.0,0.0,0.0
Brxgr,384.99607843137255,0.0,18.21048364885199,0.0,384.7992961910072,0.0,401.0,0.0,373.0,0.0,334.0,0.0,254.0,0.0,173.0,0.0,112.0,0.0,63.0,0.0,33.0,0.0,17.0,0.0,12.941687806243683,0.0,20.024984394500787,0.0,19.313207915827967,0.0,18.275666882497067,0.0,15.937377450509228,0.0,13.152946437965905,0.0,10.583005244258363,0.0,7.937253933193772,0.0,5.744562646538029,0.0,4.123105625617661,0.0,,,,,,,,,,,,,,,,,,,,,4.690636405332455,0.0,,,,,,,,,,,,,,,,,,,,,12.941332105240956,0.0,18.057888510229112,0.0,17.54944376329602,0.0,16.28210918230665,0.0,13.513917780963972,0.0,10.91076918040112,0.0,8.38913948205165,0.0,5.8507496834452235,0.0,4.015076426919698,0.0,2.6369072043193222,0.0
Bryin,361.61176470588236,0.0,17.64395833329503,0.0,380.92583980583777,0.0,365.0,0.0,349.0,0.0,312.0,0.0,243.0,0.0,174.0,0.0,106.0,0.0,63.0,0.0,26.0,0.0,10.0,0.0,12.927145323314367,0.0,19.1049731745428,0.0,18.681541692269406,0.0,17.663521732655695,0.0,15.588457268119896,0.0,13.19090595827292,0.0,10.295630140987,0.0,7.937253933193772,0.0,5.0990195135927845,0.0,3.1622776601683795,0.0,,,,,,,,,,,,,,,,,,,,,5.641476532962456,0.0,,,,,,,,,,,,,,,,,,,,,12.927494168080832,0.0,17.310914980907178,0.0,16.951766918819555,0.0,15.857134453587772,0.0,13.4686171126398,0.0,11.0671125563341,0.0,8.194095538015675,0.0,5.879506122308318,0.0,3.8271862890360206,0.0,2.469705180131099,0.0
Brühe,409.78431372549016,0.0,18.81848012343435,0.0,360.6109772065223,0.0,436.0,0.0,395.0,0.0,343.0,0.0,259.0,0.0,152.0,0.0,79.0,0.0,43.0,0.0,30.0,0.0,8.0,0.0,12.113888369144165,0.0,20.8806130178211,0.0,19.87460691435179,0.0,18.520259177452136,0.0,16.09347693943108,0.0,12.328828005937952,0.0,8.888194417315589,0.0,6.557438524302,0.0,5.477225575051661,0.0,2.8284271247461903,0.0,,,,,,,,,,,,,,,,,,,,,3.3966599808213274,0.0,,,,,,,,,,,,,,,,,,,,,12.113926334295504,0.0,18.99207511665596,0.0,18.08695207304508,0.0,16.585680610516743,0.0,13.815652334487952,0.0,10.141321539078389,0.0,7.200062136672458,0.0,5.392689793076862,0.0,4.707737134153587,0.0,2.3107403338096013,0.0
Bsmgt,448.67058823529413,0.0,19.577160699877286,0.0,432.488663464834,0.0,491.0,0.0,441.0,0.0,388.0,0.0,300.0,0.0,228.0,0.0,161.0,0.0,118.0,0.0,76.0,0.0,61.0,0.0,14.495801064336755,0.0,22.15851980616034,0.0,21.0,0.0,19.697715603592208,0.0,17.320508075688775,0.0,15.0996688705415,0.0,12.68857754044952,0.0,10.862780491200215,0.0,8.717797887081348,0.0,7.810249675906654,0.0,,,,,,,,,,,,,,,,,,,,,4.4556754189051935,0.0,,,,,,,,,,,,,,,,,,,,,14.496032217582025,0.0,19.88456129591792,0.0,19.123896358354635,0.0,17.87719353963935,0.0,15.284498355892287,0.0,13.270225442308728,0.0,10.831135255660051,0.0,9.162204063585186,0.0,7.144632350322477,0.0,6.2493340006026,0.0
Bubul,413.44313725490196,0.0,18.872807230217308,0.0,368.46419564108055,0.0,444.0,0.0,419.0,0.0,362.0,0.0,244.0,0.0,155.0,0.0,89.0,0.0,49.0,0.0,31.0,0.0,10.0,0.0,12.358353344682335,0.0,21.071307505705477,0.0,20.46948949045872,0.0,19.026297590440446,0.0,15.620499351813308,0.0,12.449899597988733,0.0,9.433981132056603,0.0,7.0,0.0,5.5677643628300215,0.0,3.1622776601683795,0.0,,,,,,,,,,,,,,,,,,,,,5.967484524826345,0.0,,,,,,,,,,,,,,,,,,,,,12.358485770223686,0.0,19.130926366269126,0.0,18.524070039980906,0.0,16.996420364727925,0.0,13.144575524722741,0.0,10.462345003745474,0.0,7.693989015337696,0.0,5.609911507511528,0.0,4.648599667940104,0.0,2.2386181575997384,0.0
Buche,401.99607843137255,0.0,18.606672828339537,0.0,336.15440791764803,0.0,420.0,0.0,373.0,0.0,328.0,0.0,226.0,0.0,134.0,0.0,60.0,0.0,29.0,0.0,17.0,0.0,2.0,0.0,11.224866503760445,0.0,20.493901531919196,0.0,19.313207915827967,0.0,18.110770276274835,0.0,15.033296378372908,0.0,11.575836902790225,0.0,7.745966692414834,0.0,5.385164807134504,0.0,4.123105625617661,0.0,1.4142135623730951,0.0,,,,,,,,,,,,,,,,,,,,,4.071130306467355,0.0,,,,,,,,,,,,,,,,,,,,,11.22441551584881,0.0,18.53895146750221,0.0,17.4766740161503,0.0,16.113548539746628,0.0,12.722770379548447,0.0,9.544140554238824,0.0,5.996100896830397,0.0,4.366380218226368,0.0,3.7859492772849364,0.0,0.6618696519470317,0.0
Buchs,393.54117647058825,0.0,18.365740886034633,0.0,336.8758674776523,0.0,411.0,0.0,366.0,0.0,316.0,0.0,219.0,0.0,130.0,0.0,63.0,0.0,30.0,0.0,17.0,0.0,2.0,0.0,11.272756416674634,0.0,20.273134932713294,0.0,19.131126469708992,0.0,17.776388834631177,0.0,14.798648586948742,0.0,11.40175425099138,0.0,7.937253933193772,0.0,5.477225575051661,0.0,4.123105625617661,0.0,1.4142135623730951,0.0,,,,,,,,,,,,,,,,,,,,,4.812824042736283,0.0,,,,,,,,,,,,,,,,,,,,,11.272726280940935,0.0,18.245575418054052,0.0,17.28319821817179,0.0,15.762876240164113,0.0,12.457042739262002,0.0,9.41657767773432,0.0,6.098268661346357,0.0,4.404597217389578,0.0,3.7859492772849364,0.0,0.6618696519470317,0.0
Bucht,391.5372549019608,0.0,18.343838869008138,0.0,350.22286339842185,0.0,410.0,0.0,369.0,0.0,325.0,0.0,228.0,0.0,144.0,0.0,74.0,0.0,40.0,0.0,20.0,0.0,2.0,0.0,11.765662602423896,0.0,20.248456731316587,0.0,19.209372712298546,0.0,18.027756377319946,0.0,15.0996688705415,0.0,12.0,0.0,8.602325267042627,0.0,6.324555320336759,0.0,4.47213595499958,0.0,1.4142135623730951,0.0,,,,,,,,,,,,,,,,,,,,,5.130177065237723,0.0,,,,,,,,,,,,,,,,,,,,,11.765719282806693,0.0,18.14453134605423,0.0,17.317595806590695,0.0,15.98752381832096,0.0,12.793403133978819,0.0,10.017382845376753,0.0,6.738406391799961,0.0,5.05885429753214,0.0,3.9252065327709063,0.0,0.6618696519470317,0.0
Buden,428.7647058823529,0.0,19.23883959249676,0.0,340.9060872593557,0.0,446.0,0.0,412.0,0.0,356.0,0.0,255.0,0.0,152.0,0.0,61.0,0.0,34.0,0.0,18.0,0.0,9.0,0.0,11.443803807071617,0.0,21.118712081942874,0.0,20.29778313018444,0.0,18.867962264113206,0.0,15.968719422671311,0.0,12.328828005937952,0.0,7.810249675906654,0.0,5.830951894845301,0.0,4.242640687119285,0.0,3.0,0.0,,,,,,,,,,,,,,,,,,,,,2.952336454637325,0.0,,,,,,,,,,,,,,,,,,,,,11.443974930846121,0.0,19.259537146883805,0.0,18.529362881380617,0.0,17.070145646418787,0.0,13.762552738818504,0.0,10.196056002780075,0.0,6.027960475588946,0.0,4.625741036172247,0.0,3.678864350312881,0.0,2.5150661115962025,0.0
Bulle,362.6588235294118,0.0,17.7868217095764,0.0,364.4787291482743,0.0,379.0,0.0,343.0,0.0,300.0,0.0,212.0,0.0,148.0,0.0,88.0,0.0,58.0,0.0,33.0,0.0,10.0,0.0,12.335276760669577,0.0,19.467922333931785,0.0,18.520259177452136,0.0,17.320508075688775,0.0,14.560219778561036,0.0,12.165525060596439,0.0,9.38083151964686,0.0,7.615773105863909,0.0,5.744562646538029,0.0,3.1622776601683795,0.0,,,,,,,,,,,,,,,,,,,,,7.448361225604205,0.0,,,,,,,,,,,,,,,,,,,,,12.335611271529348,0.0,17.66037113606085,0.0,16.838534571205397,0.0,15.536065080756176,0.0,12.470544621685438,0.0,10.32269697236285,0.0,7.79969234976204,0.0,6.384716281523412,0.0,5.432788085854948,0.0,2.4288058989325174,0.0
Bunde,428.7647058823529,0.0,19.23883959249676,0.0,338.7549845712749,0.0,446.0,0.0,407.0,0.0,354.0,0.0,254.0,0.0,150.0,0.0,66.0,0.0,32.0,0.0,17.0,0.0,9.0,0.0,11.376880274648723,0.0,21.118712081942874,0.0,20.174241001832016,0.0,18.81488772222678,0.0,15.937377450509228,0.0,12.24744871391589,0.0,8.12403840463596,0.0,5.656854249492381,0.0,4.123105625617661,0.0,3.0,0.0,,,,,,,,,,,,,,,,,,,,,2.71767742816917,0.0,,,,,,,,,,,,,,,,,,,,,11.376850640999162,0.0,19.28157472763759,0.0,18.400385676184232,0.0,16.927057259829937,0.0,13.750423142101628,0.0,10.1594707746644,0.0,6.23824904662542,0.0,4.556014099587967,0.0,3.6517893189887394,0.0,2.4773383361263903,0.0
Bupel,404.65882352941173,0.0,18.73821105744137,0.0,362.886664614902,0.0,418.0,0.0,384.0,0.0,335.0,0.0,239.0,0.0,155.0,0.0,85.0,0.0,57.0,0.0,42.0,0.0,22.0,0.0,12.337015062773258,0.0,20.445048300260872,0.0,19.595917942265423,0.0,18.303005217723125,0.0,15.459624833740307,0.0,12.449899597988733,0.0,9.219544457292887,0.0,7.54983443527075,0.0,6.48074069840786,0.0,4.69041575982343,0.0,,,,,,,,,,,,,,,,,,,,,7.051042921274583,0.0,,,,,,,,,,,,,,,,,,,,,12.337368812781431,0.0,18.51370727448911,0.0,17.83350934277313,0.0,16.424423535442507,0.0,13.254849164128226,0.0,10.54370253853631,0.0,7.683998791211926,0.0,6.360971961970617,0.0,5.585911281209104,0.0,3.9440971750067586,0.0
Burve,361.83137254901965,0.0,17.643598353522965,0.0,337.601351194477,0.0,368.0,0.0,338.0,0.0,294.0,0.0,204.0,0.0,127.0,0.0,61.0,0.0,33.0,0.0,4.0,0.0,0.0,0.0,11.300625454839501,0.0,19.183326093250876,0.0,18.384776310850235,0.0,17.146428199482248,0.0,14.2828568570857,0.0,11.269427669584644,0.0,7.810249675906654,0.0,5.744562646538029,0.0,2.0,0.0,0.0,0.0,,,,,,,,,,,,,,,,,,,,,7.088332943149158,0.0,,,,,,,,,,,,,,,,,,,,,11.300355108141131,0.0,17.29325591958033,0.0,16.48815115237934,0.0,15.201106862417618,0.0,11.92655900431211,0.0,9.082600200852312,0.0,5.70252667055844,0.0,3.866777600583499,0.0,1.1360882508378511,0.0,0.0,0.0
Busch,393.54117647058825,0.0,18.365740886034637,0.0,342.1213507625265,0.0,414.0,0.0,369.0,0.0,317.0,0.0,225.0,0.0,141.0,0.0,68.0,0.0,32.0,0.0,19.0,0.0,5.0,0.0,11.473385476237116,0.0,20.346989949375804,0.0,19.209372712298546,0.0,17.804493814764857,0.0,15.0,0.0,11.874342087037917,0.0,8.246211251235321,0.0,5.656854249492381,0.0,4.358898943540674,0.0,2.23606797749979,0.0,,,,,,,,,,,,,,,,,,,,,4.936283309361608,0.0,,,,,,,,,,,,,,,,,,,,,11.473162272085146,0.0,18.39893028532007,0.0,17.456141491150326,0.0,15.838433054544238,0.0,12.705602879588481,0.0,9.674310131300311,0.0,6.355352630688702,0.0,4.506260715893603,0.0,3.8706620952611503,0.0,1.4706755745363886,0.0
Bvdct,376.72549019607845,0.0,17.92682164400749,0.0,370.1593920839702,0.0,392.0,0.0,362.0,0.0,316.0,0.0,238.0,0.0,162.0,0.0,88.0,0.0,62.0,0.0,27.0,0.0,11.0,0.0,12.481516084074867,0.0,19.79898987322333,0.0,19.026297590440446,0.0,17.776388834631177,0.0,15.427248620541512,0.0,12.727922061357855,0.0,9.38083151964686,0.0,7.874007874011811,0.0,5.196152422706632,0.0,3.3166247903554,0.0,,,,,,,,,,,,,,,,,,,,,7.023582595093463,0.0,,,,,,,,,,,,,,,,,,,,,12.481194236001963,0.0,17.70358847386622,0.0,17.065715110613972,0.0,15.77937251066745,0.0,13.215346032562833,0.0,10.583991830489888,0.0,7.360277768679161,0.0,6.1150546506552965,0.0,4.1093428634312525,0.0,2.6166836145689816,0.0
Bvrnx,366.8627450980392,0.0,17.77867087337625,0.0,360.70191245987473,0.0,366.0,0.0,351.0,0.0,311.0,0.0,233.0,0.0,161.0,0.0,89.0,0.0,47.0,0.0,11.0,0.0,2.0,0.0,12.236973611011656,0.0,19.131126469708992,0.0,18.734993995195193,0.0,17.635192088548397,0.0,15.264337522473747,0.0,12.68857754044952,0.0,9.433981132056603,0.0,6.855654600401044,0.0,3.3166247903554,0.0,1.4142135623730951,0.0,,,,,,,,,,,,,,,,,,,,,4.570125670038939,0.0,,,,,,,,,,,,,,,,,,,,,12.237216482178985,0.0,17.214228119787403,0.0,16.904672786379077,0.0,15.503741284495197,0.0,12.85104525106885,0.0,10.366482163572066,0.0,7.102153676372431,0.0,4.688209800739462,0.0,1.872708233996944,0.0,0.7238439529466622,0.0
Bvßxn,428.78823529411767,0.0,19.155201726211526,0.0,406.09432147359746,0.0,451.0,0.0,425.0,0.0,380.0,0.0,297.0,0.0,225.0,0.0,138.0,0.0,83.0,0.0,42.0,0.0,16.0,0.0,13.745876438170443,0.0,21.236760581595302,0.0,20.615528128088304,0.0,19.493588689617926,0.0,17.233687939614086,0.0,15.0,0.0,11.74734012447073,0.0,9.1104335791443,0.0,6.48074069840786,0.0,4.0,0.0,,,,,,,,,,,,,,,,,,,,,3.104136126183678,0.0,,,,,,,,,,,,,,,,,,,,,13.746069566839155,0.0,19.380274101160193,0.0,18.804893214310265,0.0,17.655057579633862,0.0,15.052264066497077,0.0,12.728475536552354,0.0,9.533607375101036,0.0,6.9228586249994715,0.0,4.710774602173426,0.0,2.589787787558502,0.0
Bxhmh,489.93725490196084,0.0,20.632031848017878,0.0,451.0333419723372,0.0,545.0,0.0,484.0,0.0,440.0,0.0,361.0,0.0,270.0,0.0,171.0,0.0,120.0,0.0,86.0,0.0,55.0,0.0,15.07878338607213,0.0,23.345235059857504,0.0,22.0,0.0,20.97617696340303,0.0,19.0,0.0,16.431676725154983,0.0,13.076696830622021,0.0,10.954451150103322,0.0,9.273618495495704,0.0,7.416198487095663,0.0,,,,,,,,,,,,,,,,,,,,,4.470748426711089,0.0,,,,,,,,,,,,,,,,,,,,,15.078808733000532,0.0,21.333364842555195,0.0,20.328104544724003,0.0,19.222292382281214,0.0,16.96243065292894,0.0,14.339660831409773,0.0,11.246219931575482,0.0,9.593360763840353,0.0,8.181383381117435,0.0,5.997309540542505,0.0
Bäche,407.19215686274515,0.0,18.645557350737636,0.0,337.899212770609,0.0,422.0,0.0,376.0,0.0,326.0,0.0,230.0,0.0,138.0,0.0,67.0,0.0,34.0,0.0,22.0,0.0,7.0,0.0,11.345245541591728,0.0,20.54263858417414,0.0,19.390719429665317,0.0,18.05547008526779,0.0,15.165750888103101,0.0,11.74734012447073,0.0,8.18535277187245,0.0,5.830951894845301,0.0,4.69041575982343,0.0,2.6457513110645907,0.0,,,,,,,,,,,,,,,,,,,,,4.079890091935967,0.0,,,,,,,,,,,,,,,,,,,,,11.34484683301291,0.0,18.66935627644351,0.0,17.661944480385326,0.0,16.09812583515115,0.0,13.011458368140623,0.0,9.724861019892488,0.0,6.561620191526922,0.0,4.853906655387754,0.0,4.362992179467785,0.0,2.023549486130977,0.0
Bärte,362.0588235294117,0.0,17.55392986404084,0.0,336.2039904107026,0.0,368.0,0.0,337.0,0.0,284.0,0.0,201.0,0.0,128.0,0.0,64.0,0.0,37.0,0.0,9.0,0.0,5.0,0.0,11.278441604782568,0.0,19.183326093250876,0.0,18.35755975068582,0.0,16.852299546352718,0.0,14.177446878757825,0.0,11.313708498984761,0.0,8.0,0.0,6.082762530298219,0.0,3.0,0.0,2.23606797749979,0.0,,,,,,,,,,,,,,,,,,,,,7.875940602096046,0.0,,,,,,,,,,,,,,,,,,,,,11.278669203956857,0.0,17.33850807632618,0.0,16.607376656571333,0.0,15.001981405136773,0.0,12.022639957948325,0.0,9.274279248209735,0.0,6.302630251873939,0.0,4.6060879866406035,0.0,2.464699331176276,0.0,1.912422272232873,0.0
Böhme,472.1294117647059,0.0,20.151429419544996,0.0,412.83873757130414,0.0,520.0,0.0,455.0,0.0,402.0,0.0,313.0,0.0,222.0,0.0,133.0,0.0,101.0,0.0,73.0,0.0,50.0,0.0,13.908174275080425,0.0,22.80350850198276,0.0,21.330729007701542,0.0,20.049937655763422,0.0,17.69180601295413,0.0,14.89966442575134,0.0,11.532562594670797,0.0,10.04987562112089,0.0,8.54400374531753,0.0,7.0710678118654755,0.0,,,,,,,,,,,,,,,,,,,,,2.79361959911066,0.0,,,,,,,,,,,,,,,,,,,,,13.908371457100131,0.0,20.783853291638657,0.0,19.58361567330618,0.0,18.328590493155197,0.0,15.76005184195171,0.0,13.080160327032946,0.0,10.029412042567184,0.0,8.913707502730293,0.0,7.67756107498144,0.0,5.9000746020549775,0.0
Bölls,358.25098039215686,0.0,17.55991205393101,0.0,370.26106616128345,0.0,375.0,0.0,339.0,0.0,287.0,0.0,209.0,0.0,148.0,0.0,101.0,0.0,67.0,0.0,40.0,0.0,13.0,0.0,12.556328580471758,0.0,19.364916731037084,0.0,18.411952639521967,0.0,16.941074346097416,0.0,14.45683229480096,0.0,12.165525060596439,0.0,10.04987562112089,0.0,8.18535277187245,0.0,6.324555320336759,0.0,3.605551275463989,0.0,,,,,,,,,,,,,,,,,,,,,9.200612006482197,0.0,,,,,,,,,,,,,,,,,,,,,12.556735854772407,0.0,17.451367342068675,0.0,16.725391206718225,0.0,15.206295480596319,0.0,12.427192468558756,0.0,10.399007547178188,0.0,8.383555351304908,0.0,6.9478378453086,0.0,6.063461765751222,0.0,2.7657360278701497,0.0
Börse,362.91372549019604,0.0,17.5608443018881,0.0,327.9570228366706,0.0,370.0,0.0,330.0,0.0,275.0,0.0,193.0,0.0,118.0,0.0,58.0,0.0,31.0,0.0,10.0,0.0,3.0,0.0,10.92490790980074,0.0,19.235384061671343,0.0,18.16590212458495,0.0,16.583123951777,0.0,13.892443989449804,0.0,10.862780491200215,0.0,7.615773105863909,0.0,5.5677643628300215,0.0,3.1622776601683795,0.0,1.7320508075688772,0.0,,,,,,,,,,,,,,,,,,,,,7.649024888760597,0.0,,,,,,,,,,,,,,,,,,,,,10.924750658031234,0.0,17.28099485599746,0.0,16.33676182460526,0.0,14.672697559297303,0.0,11.65830867376332,0.0,8.73261770158517,0.0,5.772319787690629,0.0,4.183874480724276,0.0,2.8449163640512314,0.0,1.3219081418980734,0.0
Börön,400.5450980392157,0.0,18.47212474355157,0.0,347.6767918512568,0.0,411.0,0.0,380.0,0.0,329.0,0.0,235.0,0.0,147.0,0.0,82.0,0.0,46.0,0.0,16.0,0.0,7.0,0.0,11.697656082311289,0.0,20.273134932713294,0.0,19.493588689617926,0.0,18.138357147217054,0.0,15.329709716755891,0.0,12.12435565298214,0.0,9.055385138137417,0.0,6.782329983125268,0.0,4.0,0.0,2.6457513110645907,0.0,,,,,,,,,,,,,,,,,,,,,4.127892807297591,0.0,,,,,,,,,,,,,,,,,,,,,11.69773951890786,0.0,18.434877358383932,0.0,17.671707589045663,0.0,16.24084441600931,0.0,13.127996454973601,0.0,10.00507710714327,0.0,7.067037641533694,0.0,5.291578126738834,0.0,3.8638613662136514,0.0,2.1087896002236026,0.0
Bücke,412.7647058823529,0.0,18.825858107590218,0.0,352.2169472993653,0.0,437.0,0.0,391.0,0.0,348.0,0.0,245.0,0.0,155.0,0.0,76.0,0.0,42.0,0.0,26.0,0.0,7.0,0.0,11.824930169328525,0.0,20.904544960366874,0.0,19.77371993328519,0.0,18.65475810617763,0.0,15.652475842498529,0.0,12.449899597988733,0.0,8.717797887081348,0.0,6.48074069840786,0.0,5.0990195135927845,0.0,2.6457513110645907,0.0,,,,,,,,,,,,,,,,,,,,,4.258657073427692,0.0,,,,,,,,,,,,,,,,,,,,,11.824691284949372,0.0,19.017569754383477,0.0,17.99819170002271,0.0,16.681209938697442,0.0,13.397103855567112,0.0,10.509624007688245,0.0,7.125972500409137,0.0,5.206817116395165,0.0,4.517267867471926,0.0,2.023549486130977,0.0
Bühne,438.5960784313726,0.0,19.471474023647897,0.0,343.6158944205512,0.0,464.0,0.0,415.0,0.0,367.0,0.0,264.0,0.0,155.0,0.0,65.0,0.0,33.0,0.0,23.0,0.0,8.0,0.0,11.580126653580457,0.0,21.540659228538015,0.0,20.37154878746336,0.0,19.157244060668017,0.0,16.24807680927192,0.0,12.449899597988733,0.0,8.06225774829855,0.0,5.744562646538029,0.0,4.795831523312719,0.0,2.8284271247461903,0.0,,,,,,,,,,,,,,,,,,,,,4.583703106803231,0.0,,,,,,,,,,,,,,,,,,,,,11.58027908421532,0.0,19.700851359479465,0.0,18.678434125693528,0.0,17.27669537780237,0.0,14.049810599436592,0.0,10.410453239207033,0.0,6.482350132217845,0.0,4.739073554750858,0.0,4.400158294113051,0.0,2.1612940189548366,0.0
Bürde,411.38039215686274,0.0,18.81187302490407,0.0,353.2008258349456,0.0,434.0,0.0,394.0,0.0,341.0,0.0,247.0,0.0,147.0,0.0,83.0,0.0,48.0,0.0,23.0,0.0,14.0,0.0,11.825107380576483,0.0,20.83266665599966,0.0,19.849433241279208,0.0,18.466185312619388,0.0,15.716233645501712,0.0,12.12435565298214,0.0,9.1104335791443,0.0,6.928203230275509,0.0,4.795831523312719,0.0,3.7416573867739413,0.0,,,,,,,,,,,,,,,,,,,,,4.326147597541075,0.0,,,,,,,,,,,,,,,,,,,,,11.82503994335545,0.0,18.958633085891083,0.0,18.00285763907545,0.0,16.527754098379486,0.0,13.5421805345463,0.0,10.105728814517125,0.0,7.358579614138543,0.0,5.631548365855629,0.0,4.281357911624107,0.0,3.1297537085414855,0.0
Büros,373.83137254901965,0.0,17.828769479291417,0.0,334.96732431097064,0.0,387.0,0.0,351.0,0.0,297.0,0.0,207.0,0.0,119.0,0.0,65.0,0.0,34.0,0.0,7.0,0.0,5.0,0.0,11.158621986948472,0.0,19.672315572906,0.0,18.734993995195193,0.0,17.233687939614086,0.0,14.38749456993816,0.0,10.908712114635714,0.0,8.06225774829855,0.0,5.830951894845301,0.0,2.6457513110645907,0.0,2.23606797749979,0.0,,,,,,,,,,,,,,,,,,,,,8.101759038754592,0.0,,,,,,,,,,,,,,,,,,,,,11.159172219265125,0.0,17.691463498291395,0.0,16.800060950611336,0.0,15.22084111251829,0.0,12.078427382498592,0.0,8.85867798652332,0.0,6.136094667286991,0.0,4.227616795726657,0.0,2.2860078429387305,0.0,1.912422272232873,0.0
Büste,374.435294117647,0.0,17.84019583598675,0.0,334.76551767891436,0.0,394.0,0.0,349.0,0.0,293.0,0.0,206.0,0.0,126.0,0.0,57.0,0.0,31.0,0.0,12.0,0.0,5.0,0.0,11.182896654851465,0.0,19.849433241279208,0.0,18.681541692269406,0.0,17.11724276862369,0.0,14.352700094407323,0.0,11.224972160321824,0.0,7.54983443527075,0.0,5.5677643628300215,0.0,3.4641016151377544,0.0,2.23606797749979,0.0,,,,,,,,,,,,,,,,,,,,,7.8202496260361585,0.0,,,,,,,,,,,,,,,,,,,,,11.183145998787491,0.0,17.833508253129295,0.0,16.814514145245433,0.0,15.244890608269053,0.0,12.099352101329815,0.0,9.156080923327954,0.0,5.813924305786261,0.0,4.169545893853421,0.0,2.6344054698560204,0.0,1.912422272232873,0.0
Cache,352.94509803921574,0.0,17.307032214990944,0.0,329.1208038054814,0.0,357.0,0.0,304.0,0.0,259.0,0.0,194.0,0.0,116.0,0.0,58.0,0.0,27.0,0.0,16.0,0.0,2.0,0.0,11.000718311871411,0.0,18.894443627691185,0.0,17.435595774162696,0.0,16.09347693943108,0.0,13.92838827718412,0.0,10.770329614269007,0.0,7.615773105863909,0.0,5.196152422706632,0.0,4.0,0.0,1.4142135623730951,0.0,,,,,,,,,,,,,,,,,,,,,4.508902600384938,0.0,,,,,,,,,,,,,,,,,,,,,11.000329487859744,0.0,16.854508478417493,0.0,15.554370764634669,0.0,13.999538404276338,0.0,11.729464188525146,0.0,8.524076556533078,0.0,5.783936190404553,0.0,4.240422215467625,0.0,3.7554376775090077,0.0,0.6618696519470317,0.0
Cahpa,400.96078431372547,0.0,18.486263279173343,0.0,349.58666380499494,0.0,409.0,0.0,351.0,0.0,305.0,0.0,238.0,0.0,153.0,0.0,82.0,0.0,49.0,0.0,35.0,0.0,19.0,0.0,11.907862523620189,0.0,20.223748416156685,0.0,18.734993995195193,0.0,17.46424919657298,0.0,15.427248620541512,0.0,12.36931687685298,0.0,9.055385138137417,0.0,7.0,0.0,5.916079783099616,0.0,4.358898943540674,0.0,,,,,,,,,,,,,,,,,,,,,5.776083348205479,0.0,,,,,,,,,,,,,,,,,,,,,11.908052416630609,0.0,18.279830830369637,0.0,17.017794053370864,0.0,15.54355019347356,0.0,13.379039484631148,0.0,10.274659408587492,0.0,7.377556044782004,0.0,5.966053536585742,0.0,5.372135963241197,0.0,3.5896647843707026,0.0
Ccvjr,286.9372549019608,0.0,15.591932475601658,0.0,378.4008798287315,0.0,286.0,0.0,258.0,0.0,234.0,0.0,201.0,0.0,137.0,0.0,92.0,0.0,57.0,0.0,20.0,0.0,7.0,0.0,12.700099338429796,0.0,16.911534525287763,0.0,16.06237840420901,0.0,15.297058540778355,0.0,14.177446878757825,0.0,11.704699910719626,0.0,9.591663046625438,0.0,7.54983443527075,0.0,4.47213595499958,0.0,2.6457513110645907,0.0,,,,,,,,,,,,,,,,,,,,,3.2826039863796965,0.0,,,,,,,,,,,,,,,,,,,,,12.70002744376116,0.0,14.771284788208474,0.0,14.009880633749763,0.0,13.248337063196471,0.0,11.915311687899948,0.0,9.448994719542572,0.0,7.27034023549944,0.0,5.408825079887936,0.0,3.423704519775671,0.0,1.7736073361071505,0.0
Cdkvw,420.94117647058823,0.0,18.969409397431196,0.0,431.690085121202,0.0,449.0,0.0,405.0,0.0,370.0,0.0,307.0,0.0,223.0,0.0,159.0,0.0,108.0,0.0,74.0,0.0,38.0,0.0,14.521802789073751,0.0,21.18962010041709,0.0,20.12461179749811,0.0,19.235384061671343,0.0,17.52141546793523,0.0,14.933184523068078,0.0,12.609520212918492,0.0,10.392304845413264,0.0,8.602325267042627,0.0,6.164414002968976,0.0,,,,,,,,,,,,,,,,,,,,,5.001098789274837,0.0,,,,,,,,,,,,,,,,,,,,,14.522010844989646,0.0,19.14332124775285,0.0,18.254620299792393,0.0,17.40585729198981,0.0,15.533331673543064,0.0,12.900754322605458,0.0,10.553630722020582,0.0,8.56129861071175,0.0,7.21254686997231,0.0,4.572688481489708,0.0
Cechu,359.17647058823525,0.0,17.517525469582463,0.0,343.509404637526,0.0,373.0,0.0,324.0,0.0,277.0,0.0,213.0,0.0,128.0,0.0,66.0,0.0,29.0,0.0,17.0,0.0,2.0,0.0,11.468418888333561,0.0,19.313207915827967,0.0,18.0,0.0,16.64331697709324,0.0,14.594519519326424,0.0,11.313708498984761,0.0,8.12403840463596,0.0,5.385164807134504,0.0,4.123105625617661,0.0,1.4142135623730951,0.0,,,,,,,,,,,,,,,,,,,,,6.21695025821637,0.0,,,,,,,,,,,,,,,,,,,,,11.46773178763293,0.0,17.19598908928163,0.0,15.996144493431704,0.0,14.542214201475755,0.0,12.169747015935368,0.0,8.986079091560985,0.0,6.191794081985684,0.0,4.325199883920784,0.0,3.7857713924938023,0.0,0.6618696519470317,0.0
Cents,323.4823529411765,0.0,16.54306369918133,0.0,325.5944945236798,0.0,320.0,0.0,279.0,0.0,230.0,0.0,182.0,0.0,114.0,0.0,50.0,0.0,22.0,0.0,4.0,0.0,0.0,0.0,10.92232658634522,0.0,17.88854381999832,0.0,16.703293088490067,0.0,15.165750888103101,0.0,13.490737563232042,0.0,10.677078252031311,0.0,7.0710678118654755,0.0,4.69041575982343,0.0,2.0,0.0,0.0,0.0,,,,,,,,,,,,,,,,,,,,,2.9876472340503146,0.0,,,,,,,,,,,,,,,,,,,,,10.922162090555565,0.0,15.762357340714075,0.0,14.71892505861731,0.0,13.221750063256982,0.0,11.278112774921302,0.0,8.475668340202386,0.0,4.977104700287216,0.0,3.252650285831959,0.0,1.1638743434936105,0.0,0.0,0.0
Cgkvz,393.80392156862746,0.0,18.399533618280717,0.0,401.1483244378567,0.0,426.0,0.0,374.0,0.0,326.0,0.0,265.0,0.0,194.0,0.0,129.0,0.0,80.0,0.0,48.0,0.0,22.0,0.0,13.496283325844816,0.0,20.639767440550294,0.0,19.339079605813716,0.0,18.05547008526779,0.0,16.278820596099706,0.0,13.92838827718412,0.0,11.357816691600547,0.0,8.94427190999916,0.0,6.928203230275509,0.0,4.69041575982343,0.0,,,,,,,,,,,,,,,,,,,,,5.765701313386498,0.0,,,,,,,,,,,,,,,,,,,,,13.49642340820207,0.0,18.526175033715383,0.0,17.467820559927006,0.0,16.070060118418382,0.0,14.128265881479601,0.0,11.751752015415045,0.0,9.193343357767038,0.0,7.0555762042555035,0.0,5.475773809830303,0.0,3.1122820906716795,0.0
Cgpqv,426.2392156862745,0.0,19.075360775006462,0.0,404.21505913669296,0.0,456.0,0.0,403.0,0.0,348.0,0.0,283.0,0.0,193.0,0.0,131.0,0.0,91.0,0.0,59.0,0.0,43.0,0.0,13.621836787863144,0.0,21.354156504062622,0.0,20.074859899884732,0.0,18.65475810617763,0.0,16.822603841260722,0.0,13.892443989449804,0.0,11.445523142259598,0.0,9.539392014169456,0.0,7.681145747868608,0.0,6.557438524302,0.0,,,,,,,,,,,,,,,,,,,,,5.259902099767764,0.0,,,,,,,,,,,,,,,,,,,,,13.621918792097963,0.0,19.189956785807293,0.0,18.134044807435338,0.0,16.687350034971313,0.0,14.752580997500845,0.0,11.74195961341627,0.0,9.382420376317269,0.0,7.840696896751232,0.0,6.275676502783095,0.0,5.097753926706587,0.0
Chaos,358.9882352941176,0.0,17.410912362109165,0.0,334.209695933997,0.0,361.0,0.0,316.0,0.0,262.0,0.0,198.0,0.0,116.0,0.0,69.0,0.0,38.0,0.0,17.0,0.0,12.0,0.0,11.248016261258297,0.0,19.0,0.0,17.776388834631177,0.0,16.186414056238647,0.0,14.071247279470288,0.0,10.770329614269007,0.0,8.306623862918075,0.0,6.164414002968976,0.0,4.123105625617661,0.0,3.4641016151377544,0.0,,,,,,,,,,,,,,,,,,,,,4.456433934928495,0.0,,,,,,,,,,,,,,,,,,,,,11.248031371210086,0.0,16.931267573334075,0.0,15.828051215205463,0.0,14.185760409058663,0.0,11.91996939398615,0.0,8.64729212113399,0.0,6.384443453435684,0.0,4.87186488548766,0.0,3.79601876106737,0.0,3.000484787208892,0.0
Chaot,356.9843137254902,0.0,17.38780766629926,0.0,347.55669185476654,0.0,360.0,0.0,319.0,0.0,271.0,0.0,207.0,0.0,130.0,0.0,80.0,0.0,48.0,0.0,20.0,0.0,12.0,0.0,11.741961039704064,0.0,18.973665961010276,0.0,17.86057109949175,0.0,16.46207763315433,0.0,14.38749456993816,0.0,11.40175425099138,0.0,8.94427190999916,0.0,6.928203230275509,0.0,4.47213595499958,0.0,3.4641016151377544,0.0,,,,,,,,,,,,,,,,,,,,,4.828234269168488,0.0,,,,,,,,,,,,,,,,,,,,,11.741903216472501,0.0,16.832836552909804,0.0,15.896330973535804,0.0,14.453920852482844,0.0,12.283120531411596,0.0,9.28646522966648,0.0,6.998504171230655,0.0,5.467736416785847,0.0,3.93418363927256,0.0,3.000484787208892,0.0
Check,378.63529411764705,0.0,18.042080761394793,0.0,366.232605497107,0.0,391.0,0.0,350.0,0.0,301.0,0.0,240.0,0.0,161.0,0.0,92.0,0.0,54.0,0.0,36.0,0.0,17.0,0.0,12.363479262073575,0.0,19.77371993328519,0.0,18.708286933869708,0.0,17.349351572897472,0.0,15.491933384829668,0.0,12.68857754044952,0.0,9.591663046625438,0.0,7.3484692283495345,0.0,6.0,0.0,4.123105625617661,0.0,,,,,,,,,,,,,,,,,,,,,4.163526291705437,0.0,,,,,,,,,,,,,,,,,,,,,12.36364129119907,0.0,17.8752851505383,0.0,16.952912347479803,0.0,15.363445449558416,0.0,13.385781694880883,0.0,10.605461891973217,0.0,7.920695583674603,0.0,6.169505927338244,0.0,5.424025391132657,0.0,3.344000457867733,0.0
Chefs,349.91372549019616,0.0,17.272589864595485,0.0,353.3739072332768,0.0,353.0,0.0,311.0,0.0,259.0,0.0,205.0,0.0,138.0,0.0,82.0,0.0,52.0,0.0,33.0,0.0,19.0,0.0,12.000721846775267,0.0,18.788294228055936,0.0,17.635192088548397,0.0,16.09347693943108,0.0,14.317821063276353,0.0,11.74734012447073,0.0,9.055385138137417,0.0,7.211102550927978,0.0,5.744562646538029,0.0,4.358898943540674,0.0,,,,,,,,,,,,,,,,,,,,,4.842834111414893,0.0,,,,,,,,,,,,,,,,,,,,,12.00083911592353,0.0,16.797393772186535,0.0,15.841806608227476,0.0,14.198936919421923,0.0,12.216638007325459,0.0,9.744112205449403,0.0,7.404647703245982,0.0,6.113699732106719,0.0,5.0905939376628195,0.0,3.6035980365682736,0.0
Chile,329.9607843137255,0.0,16.899929817471072,0.0,370.1417371960485,0.0,338.0,0.0,293.0,0.0,256.0,0.0,206.0,0.0,143.0,0.0,94.0,0.0,62.0,0.0,37.0,0.0,17.0,0.0,12.552550170600355,0.0,18.384776310850235,0.0,17.11724276862369,0.0,16.0,0.0,14.352700094407323,0.0,11.958260743101398,0.0,9.695359714832659,0.0,7.874007874011811,0.0,6.082762530298219,0.0,4.123105625617661,0.0,,,,,,,,,,,,,,,,,,,,,4.75157081581546,0.0,,,,,,,,,,,,,,,,,,,,,12.552570983256567,0.0,16.50806757495769,0.0,15.341852177984615,0.0,14.139519865994084,0.0,12.328692480936487,0.0,10.042258663551664,0.0,8.049086268128564,0.0,6.604306615168109,0.0,5.687425289922194,0.0,3.4524942079617906,0.0
Chlbr,365.22352941176473,0.0,17.735328694185828,0.0,384.0758340015059,0.0,379.0,0.0,345.0,0.0,306.0,0.0,236.0,0.0,163.0,0.0,111.0,0.0,68.0,0.0,42.0,0.0,19.0,0.0,12.934672337958261,0.0,19.467922333931785,0.0,18.57417562100671,0.0,17.4928556845359,0.0,15.362291495737216,0.0,12.767145334803704,0.0,10.535653752852738,0.0,8.246211251235321,0.0,6.48074069840786,0.0,4.358898943540674,0.0,,,,,,,,,,,,,,,,,,,,,4.531684938192427,0.0,,,,,,,,,,,,,,,,,,,,,12.934601951681099,0.0,17.615389078066425,0.0,16.788177120006903,0.0,15.531743157798017,0.0,13.19548407163033,0.0,10.82182398681159,0.0,8.831309769436778,0.0,6.8220318737302685,0.0,5.8557803938476525,0.0,3.5286432869567297,0.0
Chlor,338.5254901960784,0.0,17.087841895283795,0.0,371.11797831069566,0.0,343.0,0.0,306.0,0.0,270.0,0.0,216.0,0.0,141.0,0.0,100.0,0.0,63.0,0.0,33.0,0.0,17.0,0.0,12.532555545855349,0.0,18.520259177452136,0.0,17.4928556845359,0.0,16.431676725154983,0.0,14.696938456699069,0.0,11.874342087037917,0.0,10.0,0.0,7.937253933193772,0.0,5.744562646538029,0.0,4.123105625617661,0.0,,,,,,,,,,,,,,,,,,,,,5.481324541380548,0.0,,,,,,,,,,,,,,,,,,,,,12.532484675437777,0.0,16.555577768559615,0.0,15.600790000236204,0.0,14.445879422382903,0.0,12.541549232782314,0.0,9.814683379815039,0.0,8.145867671013724,0.0,6.551792258840632,0.0,5.388942944965327,0.0,3.4648509133575343,0.0
Choke,393.1333333333333,0.0,18.38561989270169,0.0,360.3252626122727,0.0,411.0,0.0,360.0,0.0,314.0,0.0,245.0,0.0,156.0,0.0,88.0,0.0,53.0,0.0,36.0,0.0,14.0,0.0,12.14704970359481,0.0,20.273134932713294,0.0,18.973665961010276,0.0,17.72004514666935,0.0,15.652475842498529,0.0,12.489995996796797,0.0,9.38083151964686,0.0,7.280109889280518,0.0,6.0,0.0,3.7416573867739413,0.0,,,,,,,,,,,,,,,,,,,,,3.457401525718054,0.0,,,,,,,,,,,,,,,,,,,,,12.147272082605959,0.0,18.32834996623286,0.0,17.131804641426545,0.0,15.747694263358857,0.0,13.526232665306305,0.0,10.450552889473782,0.0,7.695044514534375,0.0,6.0974612542310584,0.0,5.441912497577286,0.0,3.0732651282249654,0.0
Chphr,408.0235294117647,0.0,18.81770988472433,0.0,381.927901288561,0.0,422.0,0.0,371.0,0.0,334.0,0.0,269.0,0.0,175.0,0.0,110.0,0.0,68.0,0.0,52.0,0.0,28.0,0.0,12.957440792776787,0.0,20.54263858417414,0.0,19.261360284258224,0.0,18.275666882497067,0.0,16.401219466856727,0.0,13.228756555322953,0.0,10.488088481701515,0.0,8.246211251235321,0.0,7.211102550927978,0.0,5.291502622129181,0.0,,,,,,,,,,,,,,,,,,,,,5.503349690712727,0.0,,,,,,,,,,,,,,,,,,,,,12.95751714796594,0.0,18.610451595299544,0.0,17.49098395503026,0.0,16.283489391681876,0.0,14.282955448667915,0.0,11.15482302634914,0.0,8.747397113098412,0.0,7.170316267729715,0.0,6.572069566708799,0.0,4.518091850655049,0.0
Chqrb,404.5764705882352,0.0,18.603109379487066,0.0,386.11284080202324,0.0,430.0,0.0,391.0,0.0,340.0,0.0,265.0,0.0,179.0,0.0,105.0,0.0,71.0,0.0,42.0,0.0,27.0,0.0,12.945160921853692,0.0,20.73644135332772,0.0,19.77371993328519,0.0,18.439088914585774,0.0,16.278820596099706,0.0,13.379088160259652,0.0,10.246950765959598,0.0,8.426149773176359,0.0,6.48074069840786,0.0,5.196152422706632,0.0,,,,,,,,,,,,,,,,,,,,,4.516073100011305,0.0,,,,,,,,,,,,,,,,,,,,,12.945399391020755,0.0,18.95545720913532,0.0,18.00171123128313,0.0,16.497683137845357,0.0,14.200945347690075,0.0,11.246198880638447,0.0,8.535426171797058,0.0,6.97430671160668,0.0,5.627270784337924,0.0,4.1230644480011085,0.0
Chrom,403.28235294117644,0.0,18.599976849253657,0.0,424.5248274223628,0.0,434.0,0.0,384.0,0.0,336.0,0.0,281.0,0.0,202.0,0.0,151.0,0.0,115.0,0.0,71.0,0.0,58.0,0.0,14.278255530111021,0.0,20.83266665599966,0.0,19.595917942265423,0.0,18.33030277982336,0.0,16.76305461424021,0.0,14.212670403551895,0.0,12.288205727444508,0.0,10.723805294763608,0.0,8.426149773176359,0.0,7.615773105863909,0.0,,,,,,,,,,,,,,,,,,,,,7.9212332658055224,0.0,,,,,,,,,,,,,,,,,,,,,14.278358881923724,0.0,18.696609451323614,0.0,17.615172719303555,0.0,16.40745098177114,0.0,14.776298548922993,0.0,12.302702063260618,0.0,10.499256599979296,0.0,9.21715572235761,0.0,7.3774936655129935,0.0,6.550242737108283,0.0
Chscr,325.2039215686275,0.0,16.626918692922896,0.0,346.0475660951421,0.0,323.0,0.0,283.0,0.0,242.0,0.0,195.0,0.0,121.0,0.0,71.0,0.0,39.0,0.0,19.0,0.0,12.0,0.0,11.63181509493048,0.0,17.97220075561143,0.0,16.822603841260722,0.0,15.556349186104045,0.0,13.96424004376894,0.0,11.0,0.0,8.426149773176359,0.0,6.244997998398398,0.0,4.358898943540674,0.0,3.4641016151377544,0.0,,,,,,,,,,,,,,,,,,,,,6.603313337284585,0.0,,,,,,,,,,,,,,,,,,,,,11.63179097140395,0.0,15.968678837827037,0.0,14.948873311151363,0.0,13.44414687433942,0.0,11.67706758710271,0.0,8.735811629225141,0.0,6.4390688343440265,0.0,4.9060059918377945,0.0,3.8702890516248964,0.0,3.000484787208892,0.0
Chsth,371.3411764705882,0.0,17.84239429610299,0.0,367.49844929848496,0.0,393.0,0.0,338.0,0.0,288.0,0.0,233.0,0.0,157.0,0.0,94.0,0.0,57.0,0.0,38.0,0.0,17.0,0.0,12.443534427888657,0.0,19.82422760159901,0.0,18.384776310850235,0.0,16.97056274847714,0.0,15.264337522473747,0.0,12.529964086141668,0.0,9.695359714832659,0.0,7.54983443527075,0.0,6.164414002968976,0.0,4.123105625617661,0.0,,,,,,,,,,,,,,,,,,,,,4.67347179397238,0.0,,,,,,,,,,,,,,,,,,,,,12.443267840224962,0.0,17.739270028014122,0.0,16.58293349143675,0.0,15.086564545571772,0.0,13.18453535638961,0.0,10.389183338933885,0.0,7.939966470912919,0.0,6.411140010186951,0.0,5.509149292910317,0.0,3.344000457867733,0.0
Chstr,325.70588235294116,0.0,16.662669416853593,0.0,355.44168941154794,0.0,330.0,0.0,289.0,0.0,245.0,0.0,200.0,0.0,131.0,0.0,79.0,0.0,48.0,0.0,22.0,0.0,12.0,0.0,11.987726476922385,0.0,18.16590212458495,0.0,17.0,0.0,15.652475842498529,0.0,14.142135623730951,0.0,11.445523142259598,0.0,8.888194417315589,0.0,6.928203230275509,0.0,4.69041575982343,0.0,3.4641016151377544,0.0,,,,,,,,,,,,,,,,,,,,,6.59939267635367,0.0,,,,,,,,,,,,,,,,,,,,,11.987539752036245,0.0,16.06333093807069,0.0,15.08102122417393,0.0,13.65668855281801,0.0,11.92237031461376,0.0,9.267834730496315,0.0,6.971943671946996,0.0,5.502892634560894,0.0,4.01819910279187,0.0,3.000484787208892,0.0
Chthr,365.19607843137254,0.0,17.763082209485223,0.0,373.081968775393,0.0,379.0,0.0,333.0,0.0,295.0,0.0,238.0,0.0,151.0,0.0,99.0,0.0,59.0,0.0,36.0,0.0,14.0,0.0,12.591853452172625,0.0,19.467922333931785,0.0,18.24828759089466,0.0,17.175564037317667,0.0,15.427248620541512,0.0,12.288205727444508,0.0,9.9498743710662,0.0,7.681145747868608,0.0,6.0,0.0,3.7416573867739413,0.0,,,,,,,,,,,,,,,,,,,,,4.384752562949016,0.0,,,,,,,,,,,,,,,,,,,,,12.591774055386598,0.0,17.37861423235988,0.0,16.31654517592233,0.0,15.193827240178639,0.0,13.243715587922036,0.0,10.23711885767219,0.0,8.130924725508454,0.0,6.479933807656509,0.0,5.452537857794411,0.0,3.0732651282249654,0.0
Chtsm,395.4313725490196,0.0,18.370053610850274,0.0,424.3350430465445,0.0,430.0,0.0,374.0,0.0,321.0,0.0,271.0,0.0,202.0,0.0,145.0,0.0,112.0,0.0,76.0,0.0,58.0,0.0,14.313100288554494,0.0,20.73644135332772,0.0,19.339079605813716,0.0,17.916472867168917,0.0,16.46207763315433,0.0,14.212670403551895,0.0,12.041594578792296,0.0,10.583005244258363,0.0,8.717797887081348,0.0,7.615773105863909,0.0,,,,,,,,,,,,,,,,,,,,,7.29684891453314,0.0,,,,,,,,,,,,,,,,,,,,,14.313009957693714,0.0,18.40937738991718,0.0,17.3308806319633,0.0,16.12932558011596,0.0,14.488028271410336,0.0,12.349461474432472,0.0,10.403635854289885,0.0,9.183632769109728,0.0,7.501522507013702,0.0,6.550242737108283,0.0
Chöre,359.58431372549023,0.0,17.51916707259051,0.0,352.1192325863287,0.0,366.0,0.0,325.0,0.0,278.0,0.0,216.0,0.0,138.0,0.0,76.0,0.0,49.0,0.0,25.0,0.0,16.0,0.0,11.843672859874275,0.0,19.131126469708992,0.0,18.027756377319946,0.0,16.673332000533065,0.0,14.696938456699069,0.0,11.74734012447073,0.0,8.717797887081348,0.0,7.0,0.0,5.0,0.0,4.0,0.0,,,,,,,,,,,,,,,,,,,,,4.831543881214552,0.0,,,,,,,,,,,,,,,,,,,,,11.844018241352888,0.0,17.211943242407084,0.0,16.11273097503054,0.0,14.682383478979323,0.0,12.562504243849986,0.0,9.670706973995339,0.0,6.980802893374711,0.0,5.843639763997289,0.0,4.67366697505676,0.0,3.453478232129517,0.0
Cjknp,394.9450980392157,0.0,18.477298227515377,0.0,404.1597651810275,0.0,418.0,0.0,374.0,0.0,331.0,0.0,275.0,0.0,199.0,0.0,129.0,0.0,82.0,0.0,54.0,0.0,26.0,0.0,13.70861349857267,0.0,20.445048300260872,0.0,19.339079605813716,0.0,18.193405398660254,0.0,16.583123951777,0.0,14.106735979665885,0.0,11.357816691600547,0.0,9.055385138137417,0.0,7.3484692283495345,0.0,5.0990195135927845,0.0,,,,,,,,,,,,,,,,,,,,,8.54878552279278,0.0,,,,,,,,,,,,,,,,,,,,,13.709172402275119,0.0,18.459845106941412,0.0,17.64138919198381,0.0,16.28226034179032,0.0,14.565530025484144,0.0,11.984690870941293,0.0,9.470488995934652,0.0,7.420759309937772,0.0,6.362482360044319,0.0,4.114511925281167,0.0
Cknpv,399.65098039215684,0.0,18.56004688177669,0.0,382.540032612246,0.0,405.0,0.0,367.0,0.0,331.0,0.0,266.0,0.0,186.0,0.0,112.0,0.0,69.0,0.0,43.0,0.0,30.0,0.0,13.068636087073314,0.0,20.12461179749811,0.0,19.157244060668017,0.0,18.193405398660254,0.0,16.30950643030009,0.0,13.638181696985855,0.0,10.583005244258363,0.0,8.306623862918075,0.0,6.557438524302,0.0,5.477225575051661,0.0,,,,,,,,,,,,,,,,,,,,,3.9728673368068934,0.0,,,,,,,,,,,,,,,,,,,,,13.06890911103615,0.0,18.17385057951136,0.0,17.347121240779337,0.0,16.205725435088024,0.0,14.204831205188036,0.0,11.503549254972615,0.0,8.539053589272443,0.0,6.767197531649269,0.0,5.653387404230795,0.0,4.621249965538618,0.0
Ckscr,324.54509803921565,0.0,16.610308866198928,0.0,358.86314006257834,0.0,325.0,0.0,286.0,0.0,246.0,0.0,203.0,0.0,138.0,0.0,86.0,0.0,47.0,0.0,23.0,0.0,14.0,0.0,12.100537967128073,0.0,18.027756377319946,0.0,16.911534525287763,0.0,15.684387141358123,0.0,14.247806848775006,0.0,11.74734012447073,0.0,9.273618495495704,0.0,6.855654600401044,0.0,4.795831523312719,0.0,3.7416573867739413,0.0,,,,,,,,,,,,,,,,,,,,,6.647953422523993,0.0,,,,,,,,,,,,,,,,,,,,,12.100384210232422,0.0,15.96444191674687,0.0,15.018041556697147,0.0,13.531470297976599,0.0,12.007674061565703,0.0,9.491958830886599,0.0,7.170111564614226,0.0,5.299782047787398,0.0,4.091503022665345,0.0,3.075400900382,0.0
Ckspr,367.87450980392157,0.0,17.767149552742758,0.0,376.76726761749666,0.0,374.0,0.0,330.0,0.0,288.0,0.0,237.0,0.0,164.0,0.0,106.0,0.0,67.0,0.0,42.0,0.0,30.0,0.0,12.787226089489387,0.0,19.339079605813716,0.0,18.16590212458495,0.0,16.97056274847714,0.0,15.394804318340652,0.0,12.806248474865697,0.0,10.295630140987,0.0,8.18535277187245,0.0,6.48074069840786,0.0,5.477225575051661,0.0,,,,,,,,,,,,,,,,,,,,,4.4279123320323315,0.0,,,,,,,,,,,,,,,,,,,,,12.787014889620732,0.0,17.310744511459355,0.0,16.3096749202542,0.0,14.86940621631238,0.0,13.240554550461537,0.0,10.68183510345022,0.0,8.365611642272187,0.0,6.720527861557624,0.0,5.610496451679921,0.0,4.621249965538618,0.0
Ckstr,325.0470588235294,0.0,16.646095262998042,0.0,368.2572633789843,0.0,332.0,0.0,292.0,0.0,249.0,0.0,208.0,0.0,148.0,0.0,94.0,0.0,56.0,0.0,26.0,0.0,14.0,0.0,12.443049577043459,0.0,18.2208671582886,0.0,17.08800749063506,0.0,15.7797338380595,0.0,14.422205101855956,0.0,12.165525060596439,0.0,9.695359714832659,0.0,7.483314773547883,0.0,5.0990195135927845,0.0,3.7416573867739413,0.0,,,,,,,,,,,,,,,,,,,,,6.642457640363562,0.0,,,,,,,,,,,,,,,,,,,,,12.442780539031519,0.0,16.058548968060386,0.0,15.148304249260802,0.0,13.75442960814948,0.0,12.256357934886422,0.0,9.99070794818546,0.0,7.65096925900577,0.0,5.857654434020666,0.0,4.2311570567224415,0.0,3.075400900382,0.0
Ckthr,364.53725490196075,0.0,17.747535744164267,0.0,385.8975427428293,0.0,381.0,0.0,336.0,0.0,299.0,0.0,246.0,0.0,168.0,0.0,114.0,0.0,67.0,0.0,40.0,0.0,16.0,0.0,13.026076541009846,0.0,19.519221295943137,0.0,18.33030277982336,0.0,17.291616465790582,0.0,15.684387141358123,0.0,12.96148139681572,0.0,10.677078252031311,0.0,8.18535277187245,0.0,6.324555320336759,0.0,4.0,0.0,,,,,,,,,,,,,,,,,,,,,4.43125524017619,0.0,,,,,,,,,,,,,,,,,,,,,13.025607830886154,0.0,17.38304418592368,0.0,16.38682878592509,0.0,15.261152572998695,0.0,13.537801682509217,0.0,10.894382076880111,0.0,8.726403690355482,0.0,6.7883384839135505,0.0,5.613714028579845,0.0,3.1463519321219997,0.0
Claps,347.15294117647056,0.0,17.191213119939466,0.0,364.8147999665232,0.0,349.0,0.0,306.0,0.0,257.0,0.0,205.0,0.0,140.0,0.0,95.0,0.0,65.0,0.0,36.0,0.0,23.0,0.0,12.456768633743042,0.0,18.681541692269406,0.0,17.4928556845359,0.0,16.0312195418814,0.0,14.317821063276353,0.0,11.832159566199232,0.0,9.746794344808963,0.0,8.06225774829855,0.0,6.0,0.0,4.795831523312719,0.0,,,,,,,,,,,,,,,,,,,,,5.628398225154266,0.0,,,,,,,,,,,,,,,,,,,,,12.456982404366352,0.0,16.582123888029408,0.0,15.561078271060099,0.0,14.060331390889573,0.0,12.250781247397045,0.0,9.862580523500567,0.0,7.99945996758347,0.0,6.713435907195724,0.0,5.319748478590899,0.0,4.10307453626806,0.0
Clips,322.83921568627454,0.0,16.6310660147163,0.0,379.33842791694633,0.0,328.0,0.0,285.0,0.0,244.0,0.0,203.0,0.0,143.0,0.0,105.0,0.0,72.0,0.0,40.0,0.0,23.0,0.0,12.912797686460044,0.0,18.110770276274835,0.0,16.881943016134134,0.0,15.620499351813308,0.0,14.247806848775006,0.0,11.958260743101398,0.0,10.246950765959598,0.0,8.48528137423857,0.0,6.324555320336759,0.0,4.795831523312719,0.0,,,,,,,,,,,,,,,,,,,,,5.1365015700920145,0.0,,,,,,,,,,,,,,,,,,,,,12.912477178057964,0.0,16.00019331449629,0.0,14.914856420660875,0.0,13.643534346737427,0.0,12.156275477793475,0.0,10.009959287682689,0.0,8.48718090875938,0.0,7.037496430857819,0.0,5.625640664256057,0.0,4.10307453626806,0.0
Cmmfs,429.1294117647059,0.0,19.11891036549975,0.0,492.0860474659361,0.0,477.0,0.0,417.0,0.0,362.0,0.0,327.0,0.0,272.0,0.0,215.0,0.0,176.0,0.0,115.0,0.0,99.0,0.0,16.28906975973167,0.0,21.840329667841555,0.0,20.42057785666214,0.0,19.026297590440446,0.0,18.083141320025124,0.0,16.492422502470642,0.0,14.66287829861518,0.0,13.2664991614216,0.0,10.723805294763608,0.0,9.9498743710662,0.0,,,,,,,,,,,,,,,,,,,,,7.067042640724213,0.0,,,,,,,,,,,,,,,,,,,,,16.288924825119455,0.0,19.550008406361314,0.0,18.420707627538384,0.0,17.36659810606467,0.0,16.331320109597538,0.0,14.722461271207045,0.0,12.891449972517416,0.0,11.685827236057929,0.0,9.35241661125004,0.0,8.501324252582451,0.0
Codex,366.0901960784314,0.0,17.625057745017077,0.0,346.84274337023703,0.0,378.0,0.0,336.0,0.0,279.0,0.0,222.0,0.0,136.0,0.0,70.0,0.0,39.0,0.0,20.0,0.0,9.0,0.0,11.598240892458136,0.0,19.44222209522358,0.0,18.33030277982336,0.0,16.703293088490067,0.0,14.89966442575134,0.0,11.661903789690601,0.0,8.366600265340756,0.0,6.244997998398398,0.0,4.47213595499958,0.0,3.0,0.0,,,,,,,,,,,,,,,,,,,,,3.9652573893862577,0.0,,,,,,,,,,,,,,,,,,,,,11.598388916820062,0.0,17.260668435654665,0.0,16.317080017335485,0.0,14.666490823496266,0.0,12.713129311737909,0.0,9.400271929316762,0.0,6.347353612661331,0.0,4.8738881418560975,0.0,3.7492830352425215,0.0,2.5150661115962025,0.0
Comic,356.25882352941176,0.0,17.358228949536112,0.0,404.01496518750685,0.0,376.0,0.0,328.0,0.0,282.0,0.0,238.0,0.0,179.0,0.0,130.0,0.0,92.0,0.0,54.0,0.0,44.0,0.0,13.624204773493176,0.0,19.390719429665317,0.0,18.110770276274835,0.0,16.792855623746664,0.0,15.427248620541512,0.0,13.379088160259652,0.0,11.40175425099138,0.0,9.591663046625438,0.0,7.3484692283495345,0.0,6.6332495807108,0.0,,,,,,,,,,,,,,,,,,,,,6.029157205793143,0.0,,,,,,,,,,,,,,,,,,,,,13.624305314254514,0.0,17.254662917170947,0.0,16.176410721826695,0.0,14.929161107497073,0.0,13.506954954188542,0.0,11.49824477368528,0.0,9.551382755962578,0.0,8.146310993813309,0.0,6.387417972213769,0.0,5.662553709140418,0.0
Cover,311.6313725490196,0.0,16.24175773579718,0.0,333.7995823580701,0.0,309.0,0.0,273.0,0.0,228.0,0.0,182.0,0.0,104.0,0.0,58.0,0.0,28.0,0.0,4.0,0.0,1.0,0.0,11.1164946583824,0.0,17.578395831246947,0.0,16.522711641858304,0.0,15.0996688705415,0.0,13.490737563232042,0.0,10.198039027185569,0.0,7.615773105863909,0.0,5.291502622129181,0.0,2.0,0.0,1.0,0.0,,,,,,,,,,,,,,,,,,,,,3.151147291924551,0.0,,,,,,,,,,,,,,,,,,,,,11.11657759047366,0.0,15.342109833251582,0.0,14.369196531852433,0.0,13.004957583094246,0.0,11.160758639988611,0.0,7.869282088902464,0.0,5.284461855268293,0.0,3.3581824022056797,0.0,1.1504906832361526,0.0,0.3821804622177742,0.0
Cptck,369.5098039215686,0.0,17.7678753178388,0.0,382.0427190730346,0.0,385.0,0.0,343.0,0.0,301.0,0.0,241.0,0.0,170.0,0.0,111.0,0.0,72.0,0.0,41.0,0.0,21.0,0.0,12.915750392038804,0.0,19.621416870348583,0.0,18.520259177452136,0.0,17.349351572897472,0.0,15.524174696260024,0.0,13.038404810405298,0.0,10.535653752852738,0.0,8.48528137423857,0.0,6.4031242374328485,0.0,4.58257569495584,0.0,,,,,,,,,,,,,,,,,,,,,4.9109089253987195,0.0,,,,,,,,,,,,,,,,,,,,,12.91585354968938,0.0,17.53538091497712,0.0,16.614306511648955,0.0,15.379974585659925,0.0,13.456458162984996,0.0,10.970479761023817,0.0,8.746787485359482,0.0,7.013651415483087,0.0,5.551859823172474,0.0,3.7466259723859867,0.0
Cqchp,410.34901960784316,0.0,18.751342384344575,0.0,377.6835221765972,0.0,433.0,0.0,374.0,0.0,325.0,0.0,257.0,0.0,170.0,0.0,103.0,0.0,68.0,0.0,50.0,0.0,29.0,0.0,12.770835099995523,0.0,20.808652046684813,0.0,19.339079605813716,0.0,18.027756377319946,0.0,16.0312195418814,0.0,13.038404810405298,0.0,10.14889156509222,0.0,8.246211251235321,0.0,7.0710678118654755,0.0,5.385164807134504,0.0,,,,,,,,,,,,,,,,,,,,,7.035402171187252,0.0,,,,,,,,,,,,,,,,,,,,,12.770308759081734,0.0,18.75086048977853,0.0,17.500201373242856,0.0,16.05364459474093,0.0,13.975336910397427,0.0,10.994865270202135,0.0,8.417886495315967,0.0,7.09971085749268,0.0,6.347996917568085,0.0,4.341217858978778,0.0
Crash,340.8509803921569,0.0,17.023387580656827,0.0,352.81273092466984,0.0,345.0,0.0,299.0,0.0,252.0,0.0,204.0,0.0,139.0,0.0,84.0,0.0,45.0,0.0,26.0,0.0,5.0,0.0,11.96166573650562,0.0,18.57417562100671,0.0,17.291616465790582,0.0,15.874507866387544,0.0,14.2828568570857,0.0,11.789826122551595,0.0,9.16515138991168,0.0,6.708203932499369,0.0,5.0990195135927845,0.0,2.23606797749979,0.0,,,,,,,,,,,,,,,,,,,,,7.690968841545066,0.0,,,,,,,,,,,,,,,,,,,,,11.961889714459874,0.0,16.506438654212214,0.0,15.440870079973008,0.0,13.906543851859135,0.0,12.138703091447688,0.0,9.475557491952149,0.0,7.1567797470956,0.0,5.2874368177087865,0.0,4.2403636553607456,0.0,1.4706755745363886,0.0
Crdcr,320.65490196078434,0.0,16.534263005450537,0.0,365.15558984160873,0.0,320.0,0.0,289.0,0.0,253.0,0.0,213.0,0.0,137.0,0.0,84.0,0.0,54.0,0.0,24.0,0.0,9.0,0.0,12.26306448851639,0.0,17.88854381999832,0.0,17.0,0.0,15.905973720586866,0.0,14.594519519326424,0.0,11.704699910719626,0.0,9.16515138991168,0.0,7.3484692283495345,0.0,4.898979485566356,0.0,3.0,0.0,,,,,,,,,,,,,,,,,,,,,4.787967573127067,0.0,,,,,,,,,,,,,,,,,,,,,12.262464154325013,0.0,15.879261398037098,0.0,15.033886309989523,0.0,13.831588077564495,0.0,12.416593526400323,0.0,9.435649254491869,0.0,7.0932304262950225,0.0,5.748786660840159,0.0,4.034040247604783,0.0,2.5150661115962025,0.0
Creme,368.7098039215686,0.0,17.7587182048675,0.0,403.2722261367711,0.0,386.0,0.0,338.0,0.0,291.0,0.0,251.0,0.0,187.0,0.0,123.0,0.0,89.0,0.0,58.0,0.0,44.0,0.0,13.612865087869784,0.0,19.6468827043885,0.0,18.384776310850235,0.0,17.05872210923198,0.0,15.84297951775486,0.0,13.674794331177344,0.0,11.090536506409418,0.0,9.433981132056603,0.0,7.615773105863909,0.0,6.6332495807108,0.0,,,,,,,,,,,,,,,,,,,,,8.058929031152775,0.0,,,,,,,,,,,,,,,,,,,,,13.61259249745543,0.0,17.52988303662805,0.0,16.49055820878482,0.0,15.227187665117553,0.0,13.93811109188254,0.0,11.728488614109649,0.0,9.399743067668899,0.0,8.083256354077538,0.0,6.388250409658835,0.0,5.6613953851328915,0.0
Crjnc,306.6392156862745,0.0,16.170556256907922,0.0,366.1183881235268,0.0,300.0,0.0,276.0,0.0,245.0,0.0,202.0,0.0,132.0,0.0,90.0,0.0,47.0,0.0,21.0,0.0,7.0,0.0,12.370649144317307,0.0,17.320508075688775,0.0,16.61324772583615,0.0,15.652475842498529,0.0,14.212670403551895,0.0,11.489125293076057,0.0,9.486832980505138,0.0,6.855654600401044,0.0,4.58257569495584,0.0,2.6457513110645907,0.0,,,,,,,,,,,,,,,,,,,,,3.5805397441827282,0.0,,,,,,,,,,,,,,,,,,,,,12.37015142313747,0.0,15.367173132079376,0.0,14.744416696648736,0.0,13.570521692049098,0.0,11.980156674392251,0.0,9.264209983411586,0.0,7.37069214265063,0.0,5.061189986539252,0.0,3.5761810074853035,0.0,1.9987179952552836,0.0
Crvwx,345.07058823529417,0.0,17.09505505528805,0.0,413.24331840405114,0.0,354.0,0.0,328.0,0.0,296.0,0.0,256.0,0.0,192.0,0.0,136.0,0.0,91.0,0.0,48.0,0.0,25.0,0.0,13.954240581257526,0.0,18.81488772222678,0.0,18.110770276274835,0.0,17.204650534085253,0.0,16.0,0.0,13.856406460551018,0.0,11.661903789690601,0.0,9.539392014169456,0.0,6.928203230275509,0.0,5.0,0.0,,,,,,,,,,,,,,,,,,,,,6.611635313039861,0.0,,,,,,,,,,,,,,,,,,,,,13.954183737331869,0.0,16.68891139642615,0.0,16.095815655052384,0.0,15.151811095091052,0.0,13.82544703498748,0.0,11.538020809907906,0.0,9.337733719736796,0.0,7.327667792847868,0.0,5.215558234875488,0.0,3.5199474931863155,0.0
Crêpe,361.88235294117646,0.0,17.5631504067661,0.0,360.3921592924653,0.0,365.0,0.0,324.0,0.0,276.0,0.0,222.0,0.0,145.0,0.0,83.0,0.0,55.0,0.0,37.0,0.0,22.0,0.0,12.180597361664384,0.0,19.1049731745428,0.0,18.0,0.0,16.61324772583615,0.0,14.89966442575134,0.0,12.041594578792296,0.0,9.1104335791443,0.0,7.416198487095663,0.0,6.082762530298219,0.0,4.69041575982343,0.0,,,,,,,,,,,,,,,,,,,,,6.253733337602804,0.0,,,,,,,,,,,,,,,,,,,,,12.180096657321243,0.0,17.092456418071205,0.0,16.089476036465047,0.0,14.62015237383515,0.0,12.818140826453561,0.0,9.928634644560905,0.0,7.434407534666965,0.0,6.181313411613609,0.0,5.0270899015649055,0.0,3.999913410071822,0.0
Curry,320.5254901960784,0.0,16.52989323142211,0.0,363.8793781535744,0.0,324.0,0.0,293.0,0.0,258.0,0.0,198.0,0.0,140.0,0.0,91.0,0.0,54.0,0.0,13.0,0.0,6.0,0.0,12.221618744035034,0.0,18.0,0.0,17.11724276862369,0.0,16.06237840420901,0.0,14.071247279470288,0.0,11.832159566199232,0.0,9.539392014169456,0.0,7.3484692283495345,0.0,3.605551275463989,0.0,2.449489742783178,0.0,,,,,,,,,,,,,,,,,,,,,3.620516144953593,0.0,,,,,,,,,,,,,,,,,,,,,12.221339987184008,0.0,15.914328771215061,0.0,15.069239243922445,0.0,13.927832329792446,0.0,11.835592874526172,0.0,9.636858399236159,0.0,7.430134089561048,0.0,5.556066577478039,0.0,2.68871381395562,0.0,1.6996297876350919,0.0
Cäsar,325.9294117647059,0.0,16.493611359743944,0.0,328.90031532370506,0.0,322.0,0.0,279.0,0.0,226.0,0.0,178.0,0.0,111.0,0.0,67.0,0.0,29.0,0.0,8.0,0.0,5.0,0.0,11.055428279428579,0.0,17.944358444926362,0.0,16.703293088490067,0.0,15.033296378372908,0.0,13.341664064126334,0.0,10.535653752852738,0.0,8.18535277187245,0.0,5.385164807134504,0.0,2.8284271247461903,0.0,2.23606797749979,0.0,,,,,,,,,,,,,,,,,,,,,3.7252696491167936,0.0,,,,,,,,,,,,,,,,,,,,,11.055677441054927,0.0,15.900058123881264,0.0,14.882495709314098,0.0,12.910881296375193,0.0,11.081239763606488,0.0,8.16324612943613,0.0,6.056817782546199,0.0,3.7590306957616573,0.0,2.349986590505397,0.0,1.912422272232873,0.0
Dachs,381.0352941176471,0.0,18.033851717429744,0.0,353.92900168190545,0.0,397.0,0.0,347.0,0.0,287.0,0.0,224.0,0.0,165.0,0.0,102.0,0.0,44.0,0.0,18.0,0.0,2.0,0.0,11.911535295685246,0.0,19.924858845171276,0.0,18.627936010197157,0.0,16.941074346097416,0.0,14.966629547095765,0.0,12.84523257866513,0.0,10.099504938362077,0.0,6.6332495807108,0.0,4.242640687119285,0.0,1.4142135623730951,0.0,,,,,,,,,,,,,,,,,,,,,4.3057682084802895,0.0,,,,,,,,,,,,,,,,,,,,,11.91151564421911,0.0,17.850535112069135,0.0,16.809533285926207,0.0,15.052039584405097,0.0,13.081453862599927,0.0,10.961165571067715,0.0,8.162012941134579,0.0,5.0512615705270045,0.0,3.8365512612845043,0.0,0.6618696519470317,0.0
Dackt,378.37254901960785,0.0,17.99621430564971,0.0,375.245586682972,0.0,396.0,0.0,354.0,0.0,303.0,0.0,239.0,0.0,192.0,0.0,121.0,0.0,61.0,0.0,24.0,0.0,2.0,0.0,12.659285710271645,0.0,19.8997487421324,0.0,18.81488772222678,0.0,17.406895185529212,0.0,15.459624833740307,0.0,13.856406460551018,0.0,11.0,0.0,7.810249675906654,0.0,4.898979485566356,0.0,1.4142135623730951,0.0,,,,,,,,,,,,,,,,,,,,,4.674431448044307,0.0,,,,,,,,,,,,,,,,,,,,,12.659378037812186,0.0,17.796671544040354,0.0,17.026307731599445,0.0,15.493599956192947,0.0,13.573471476296167,0.0,11.956856777420866,0.0,9.054241208416931,0.0,5.887531481169169,0.0,4.107864507358888,0.0,0.6618696519470317,0.0
Dampf,456.05882352941177,0.0,19.805527017045375,0.0,452.6748351164774,0.0,489.0,0.0,437.0,0.0,380.0,0.0,318.0,0.0,270.0,0.0,203.0,0.0,143.0,0.0,90.0,0.0,69.0,0.0,15.200921264016435,0.0,22.11334438749598,0.0,20.904544960366874,0.0,19.493588689617926,0.0,17.832554500127006,0.0,16.431676725154983,0.0,14.247806848775006,0.0,11.958260743101398,0.0,9.486832980505138,0.0,8.306623862918075,0.0,,,,,,,,,,,,,,,,,,,,,4.180327093254321,0.0,,,,,,,,,,,,,,,,,,,,,15.201272050235184,0.0,20.04996261529461,0.0,19.09401000745918,0.0,17.788987911252548,0.0,16.1822510397732,0.0,14.69325905329066,0.0,12.415231488002364,0.0,10.207251409297019,0.0,8.142606001150824,0.0,7.017429147062013,0.0
Daten,373.1686274509804,0.0,17.877762568723966,0.0,347.4431575025708,0.0,379.0,0.0,346.0,0.0,285.0,0.0,222.0,0.0,165.0,0.0,92.0,0.0,37.0,0.0,6.0,0.0,0.0,0.0,11.711279486874204,0.0,19.467922333931785,0.0,18.601075237738275,0.0,16.881943016134134,0.0,14.89966442575134,0.0,12.84523257866513,0.0,9.591663046625438,0.0,6.082762530298219,0.0,2.449489742783178,0.0,0.0,0.0,,,,,,,,,,,,,,,,,,,,,4.1715786415192975,0.0,,,,,,,,,,,,,,,,,,,,,11.711312904615118,0.0,17.454137663394125,0.0,16.760512767808557,0.0,15.195573002983451,0.0,13.047639896814166,0.0,10.893677317099321,0.0,7.693290921973645,0.0,4.097333419842533,0.0,1.4005876746839396,0.0,0.0,0.0
Datum,425.0,0.0,19.08390063273874,0.0,430.45074308946914,0.0,471.0,0.0,426.0,0.0,354.0,0.0,289.0,0.0,235.0,0.0,169.0,0.0,107.0,0.0,59.0,0.0,46.0,0.0,14.411313044157431,0.0,21.702534414210707,0.0,20.639767440550294,0.0,18.81488772222678,0.0,17.0,0.0,15.329709716755891,0.0,13.0,0.0,10.344080432788601,0.0,7.681145747868608,0.0,6.782329983125268,0.0,,,,,,,,,,,,,,,,,,,,,6.304923283391664,0.0,,,,,,,,,,,,,,,,,,,,,14.411489390554218,0.0,19.35092140394939,0.0,18.556593693407883,0.0,17.070100270303822,0.0,15.101411916429655,0.0,13.56253933496068,0.0,11.097125400605123,0.0,8.632282898049688,0.0,6.4676996591571765,0.0,5.823196449690414,0.0
Dbhsr,402.9450980392156,0.0,18.604047630429626,0.0,385.1795377052098,0.0,434.0,0.0,382.0,0.0,324.0,0.0,267.0,0.0,208.0,0.0,122.0,0.0,62.0,0.0,30.0,0.0,11.0,0.0,12.898788195830793,0.0,20.83266665599966,0.0,19.544820285692065,0.0,18.0,0.0,16.34013463836819,0.0,14.422205101855956,0.0,11.045361017187261,0.0,7.874007874011811,0.0,5.477225575051661,0.0,3.3166247903554,0.0,,,,,,,,,,,,,,,,,,,,,9.212631145921936,0.0,,,,,,,,,,,,,,,,,,,,,12.899055855966761,0.0,18.81807550768148,0.0,17.777966273529206,0.0,16.141196183584707,0.0,14.400176189022055,0.0,12.402084556063087,0.0,9.203888778269517,0.0,6.029160049895168,0.0,4.6592732420164165,0.0,2.3311735394367963,0.0
Deals,351.3294117647059,0.0,17.356981915719295,0.0,361.21007227068117,0.0,361.0,0.0,319.0,0.0,259.0,0.0,207.0,0.0,166.0,0.0,109.0,0.0,55.0,0.0,19.0,0.0,5.0,0.0,12.222463907261782,0.0,19.0,0.0,17.86057109949175,0.0,16.09347693943108,0.0,14.38749456993816,0.0,12.884098726725126,0.0,10.44030650891055,0.0,7.416198487095663,0.0,4.358898943540674,0.0,2.23606797749979,0.0,,,,,,,,,,,,,,,,,,,,,7.147960563257666,0.0,,,,,,,,,,,,,,,,,,,,,12.222626661830196,0.0,16.980072146482456,0.0,16.059572094090097,0.0,14.317772974451554,0.0,12.54449965620146,0.0,11.098080301470278,0.0,8.502113038534036,0.0,5.601903185054348,0.0,3.9287425650431436,0.0,1.7074736544341382,0.0
Debüt,406.8509803921569,0.0,18.61692871023779,0.0,379.7425859783533,0.0,441.0,0.0,404.0,0.0,338.0,0.0,257.0,0.0,188.0,0.0,119.0,0.0,53.0,0.0,21.0,0.0,8.0,0.0,12.666450533536644,0.0,21.0,0.0,20.09975124224178,0.0,18.384776310850235,0.0,16.0312195418814,0.0,13.711309200802088,0.0,10.908712114635714,0.0,7.280109889280518,0.0,4.58257569495584,0.0,2.8284271247461903,0.0,,,,,,,,,,,,,,,,,,,,,4.04412183255534,0.0,,,,,,,,,,,,,,,,,,,,,12.666425233307827,0.0,18.851791817132618,0.0,18.1004373267482,0.0,16.483056051371076,0.0,13.908823069193705,0.0,11.8137466693715,0.0,8.964504263291998,0.0,5.319691566713906,0.0,3.487723564906349,0.0,2.305100129599721,0.0
Decht,374.3450980392157,0.0,17.943702811522357,0.0,371.0763420830259,0.0,393.0,0.0,344.0,0.0,295.0,0.0,237.0,0.0,180.0,0.0,114.0,0.0,55.0,0.0,22.0,0.0,2.0,0.0,12.471619214690199,0.0,19.82422760159901,0.0,18.547236990991408,0.0,17.175564037317667,0.0,15.394804318340652,0.0,13.416407864998739,0.0,10.677078252031311,0.0,7.416198487095663,0.0,4.69041575982343,0.0,1.4142135623730951,0.0,,,,,,,,,,,,,,,,,,,,,4.669858917767399,0.0,,,,,,,,,,,,,,,,,,,,,12.471453715792935,0.0,17.634461347970994,0.0,16.670261092770325,0.0,15.310515470938109,0.0,13.464583254217667,0.0,11.561247596508581,0.0,8.705417267599799,0.0,5.6566375031911456,0.0,4.003169251116819,0.0,0.6618696519470317,0.0
Decke,384.14509803921567,0.0,18.197149647305434,0.0,364.97747568254914,0.0,403.0,0.0,352.0,0.0,305.0,0.0,241.0,0.0,183.0,0.0,108.0,0.0,51.0,0.0,22.0,0.0,2.0,0.0,12.25255727344019,0.0,20.074859899884732,0.0,18.76166303929372,0.0,17.46424919657298,0.0,15.524174696260024,0.0,13.527749258468683,0.0,10.392304845413264,0.0,7.14142842854285,0.0,4.69041575982343,0.0,1.4142135623730951,0.0,,,,,,,,,,,,,,,,,,,,,3.810161995686459,0.0,,,,,,,,,,,,,,,,,,,,,12.251750132170447,0.0,18.078656712424998,0.0,16.97031502517402,0.0,15.599782110834036,0.0,13.56413775099842,0.0,11.650579907359534,0.0,8.559150025092224,0.0,5.333577025596122,0.0,4.004321549181907,0.0,0.6618696519470317,0.0
Degen,420.39607843137253,0.0,19.03479442213155,0.0,369.9369798036246,0.0,441.0,0.0,397.0,0.0,335.0,0.0,268.0,0.0,195.0,0.0,113.0,0.0,51.0,0.0,26.0,0.0,16.0,0.0,12.439385054266525,0.0,21.0,0.0,19.924858845171276,0.0,18.303005217723125,0.0,16.3707055437449,0.0,13.96424004376894,0.0,10.63014581273465,0.0,7.14142842854285,0.0,5.0990195135927845,0.0,4.0,0.0,,,,,,,,,,,,,,,,,,,,,3.047160071814594,0.0,,,,,,,,,,,,,,,,,,,,,12.439102703470022,0.0,19.03815814983968,0.0,18.16618258750168,0.0,16.612655140173867,0.0,14.424324781324454,0.0,11.980588906767204,0.0,8.650514926932443,0.0,5.058550271549062,0.0,3.6286398206832073,0.0,2.6099998410952274,0.0
Deiot,338.18039215686275,0.0,17.000293549719203,0.0,366.95082327024124,0.0,350.0,0.0,310.0,0.0,260.0,0.0,211.0,0.0,163.0,0.0,112.0,0.0,54.0,0.0,10.0,0.0,0.0,0.0,12.31896369943742,0.0,18.708286933869708,0.0,17.60681686165901,0.0,16.1245154965971,0.0,14.52583904633395,0.0,12.767145334803704,0.0,10.583005244258363,0.0,7.3484692283495345,0.0,3.1622776601683795,0.0,0.0,0.0,,,,,,,,,,,,,,,,,,,,,6.943989971567595,0.0,,,,,,,,,,,,,,,,,,,,,12.319094447208855,0.0,16.486590095418876,0.0,15.600879031923036,0.0,14.296579384096773,0.0,12.620321370571464,0.0,10.88926422415559,0.0,8.493634295941225,0.0,5.1328065624254675,0.0,2.283753713350705,0.0,0.0,0.0
Dekan,414.00392156862745,0.0,18.91425074380528,0.0,371.1825867342667,0.0,429.0,0.0,385.0,0.0,332.0,0.0,268.0,0.0,210.0,0.0,126.0,0.0,55.0,0.0,22.0,0.0,3.0,0.0,12.595512471066225,0.0,20.71231517720798,0.0,19.621416870348583,0.0,18.2208671582886,0.0,16.3707055437449,0.0,14.491376746189438,0.0,11.224972160321824,0.0,7.416198487095663,0.0,4.69041575982343,0.0,1.7320508075688772,0.0,,,,,,,,,,,,,,,,,,,,,2.5041880260473404,0.0,,,,,,,,,,,,,,,,,,,,,12.595312398501758,0.0,18.843741003478637,0.0,17.984434099110736,0.0,16.49340813035642,0.0,14.441229300950823,0.0,12.466614490198412,0.0,9.153803625611951,0.0,5.440135761057729,0.0,4.002986107856125,0.0,1.0076972804339992,0.0
Dekor,384.043137254902,0.0,18.218639242272225,0.0,378.82795339256415,0.0,402.0,0.0,359.0,0.0,312.0,0.0,256.0,0.0,192.0,0.0,125.0,0.0,61.0,0.0,22.0,0.0,3.0,0.0,12.706092589655938,0.0,20.049937655763422,0.0,18.947295321496416,0.0,17.663521732655695,0.0,16.0,0.0,13.856406460551018,0.0,11.180339887498949,0.0,7.810249675906654,0.0,4.69041575982343,0.0,1.7320508075688772,0.0,,,,,,,,,,,,,,,,,,,,,6.557514263972605,0.0,,,,,,,,,,,,,,,,,,,,,12.705990525225555,0.0,18.016039006819636,0.0,17.10997489594151,0.0,15.814704395996827,0.0,14.02557767254451,0.0,11.900113013882503,0.0,9.09135265703808,0.0,5.771262181959035,0.0,4.002986107856125,0.0,1.0076972804339992,0.0
Delle,345.4666666666667,0.0,17.37386176600815,0.0,385.33220783287845,0.0,362.0,0.0,318.0,0.0,270.0,0.0,221.0,0.0,184.0,0.0,128.0,0.0,73.0,0.0,35.0,0.0,10.0,0.0,13.010362105816597,0.0,19.026297590440446,0.0,17.832554500127006,0.0,16.431676725154983,0.0,14.866068747318506,0.0,13.564659966250536,0.0,11.313708498984761,0.0,8.54400374531753,0.0,5.916079783099616,0.0,3.1622776601683795,0.0,,,,,,,,,,,,,,,,,,,,,6.475361996636694,0.0,,,,,,,,,,,,,,,,,,,,,13.01055561516662,0.0,17.101915279582265,0.0,16.08594628152153,0.0,14.712687692111558,0.0,13.110805844974506,0.0,11.80758085109127,0.0,9.533209851459027,0.0,6.869518920096651,0.0,5.484688124729263,0.0,2.4288058989325174,0.0
Delta,349.3254901960784,0.0,17.333805334714484,0.0,375.19308744563466,0.0,361.0,0.0,320.0,0.0,270.0,0.0,220.0,0.0,181.0,0.0,125.0,0.0,63.0,0.0,22.0,0.0,5.0,0.0,12.698163361335027,0.0,19.0,0.0,17.88854381999832,0.0,16.431676725154983,0.0,14.832396974191326,0.0,13.45362404707371,0.0,11.180339887498949,0.0,7.937253933193772,0.0,4.69041575982343,0.0,2.23606797749979,0.0,,,,,,,,,,,,,,,,,,,,,6.028942607521856,0.0,,,,,,,,,,,,,,,,,,,,,12.698892289023302,0.0,16.976303594143705,0.0,16.06512934241576,0.0,14.717876442869821,0.0,13.001891878047514,0.0,11.646394521356894,0.0,9.212914770524556,0.0,6.057618416492044,0.0,4.073268719340514,0.0,1.728702033370433,0.0
Demut,420.3137254901961,0.0,19.01988275523979,0.0,426.79303831128993,0.0,461.0,0.0,411.0,0.0,349.0,0.0,290.0,0.0,236.0,0.0,168.0,0.0,103.0,0.0,55.0,0.0,44.0,0.0,14.270637076427121,0.0,21.470910553583888,0.0,20.273134932713294,0.0,18.681541692269406,0.0,17.029386365926403,0.0,15.362291495737216,0.0,12.96148139681572,0.0,10.14889156509222,0.0,7.416198487095663,0.0,6.6332495807108,0.0,,,,,,,,,,,,,,,,,,,,,4.940153949706951,0.0,,,,,,,,,,,,,,,,,,,,,14.270744037710841,0.0,19.13790357407452,0.0,18.267589905838648,0.0,16.912910254904503,0.0,15.087957691008516,0.0,13.572607703863481,0.0,11.042525206958976,0.0,8.441272399871892,0.0,6.271699862099988,0.0,5.662553709140418,0.0
Depot,390.17647058823525,0.0,18.286152564844244,0.0,372.9877658181539,0.0,405.0,0.0,360.0,0.0,307.0,0.0,245.0,0.0,186.0,0.0,119.0,0.0,63.0,0.0,25.0,0.0,14.0,0.0,12.577679932193027,0.0,20.12461179749811,0.0,18.973665961010276,0.0,17.52141546793523,0.0,15.652475842498529,0.0,13.638181696985855,0.0,10.908712114635714,0.0,7.937253933193772,0.0,5.0,0.0,3.7416573867739413,0.0,,,,,,,,,,,,,,,,,,,,,5.659240044021632,0.0,,,,,,,,,,,,,,,,,,,,,12.57786783671788,0.0,17.95217024494581,0.0,17.04825838770605,0.0,15.673758453691148,0.0,13.78260952005701,0.0,11.732946221178223,0.0,8.957907614184428,0.0,6.024473190443162,0.0,4.07866295265123,0.0,3.316643297496372,0.0
Deven,373.4509803921568,0.0,17.938219407010294,0.0,353.6329974919889,0.0,381.0,0.0,344.0,0.0,290.0,0.0,236.0,0.0,171.0,0.0,95.0,0.0,40.0,0.0,7.0,0.0,1.0,0.0,11.911923950673664,0.0,19.519221295943137,0.0,18.547236990991408,0.0,17.029386365926403,0.0,15.362291495737216,0.0,13.076696830622021,0.0,9.746794344808963,0.0,6.324555320336759,0.0,2.6457513110645907,0.0,1.0,0.0,,,,,,,,,,,,,,,,,,,,,3.937792320724118,0.0,,,,,,,,,,,,,,,,,,,,,11.911881482620473,0.0,17.516120399390317,0.0,16.681930116178307,0.0,15.294256518666682,0.0,13.367478898542048,0.0,11.008129161396297,0.0,7.624323280280357,0.0,4.011194373465801,0.0,1.4628231139983225,0.0,0.3821804622177742,0.0
Deves,350.7843137254902,0.0,17.30897321140737,0.0,346.0590656915388,0.0,361.0,0.0,318.0,0.0,256.0,0.0,209.0,0.0,147.0,0.0,88.0,0.0,38.0,0.0,7.0,0.0,1.0,0.0,11.595220739582226,0.0,19.0,0.0,17.832554500127006,0.0,16.0,0.0,14.45683229480096,0.0,12.12435565298214,0.0,9.38083151964686,0.0,6.164414002968976,0.0,2.6457513110645907,0.0,1.0,0.0,,,,,,,,,,,,,,,,,,,,,6.424338460999655,0.0,,,,,,,,,,,,,,,,,,,,,11.595439952923085,0.0,16.79429727605379,0.0,15.850007883574538,0.0,14.190109803375172,0.0,12.448221854844606,0.0,10.203187815662606,0.0,7.331016444523125,0.0,3.946056727577498,0.0,1.4628231139983225,0.0,0.3821804622177742,0.0
Devon,376.98823529411766,0.0,17.983105403940737,0.0,360.75826469373374,0.0,388.0,0.0,349.0,0.0,299.0,0.0,242.0,0.0,177.0,0.0,106.0,0.0,48.0,0.0,6.0,0.0,1.0,0.0,12.140246060003891,0.0,19.697715603592208,0.0,18.681541692269406,0.0,17.291616465790582,0.0,15.556349186104045,0.0,13.30413469565007,0.0,10.295630140987,0.0,6.928203230275509,0.0,2.449489742783178,0.0,1.0,0.0,,,,,,,,,,,,,,,,,,,,,3.8154676077432748,0.0,,,,,,,,,,,,,,,,,,,,,12.139909674641627,0.0,17.682484105079823,0.0,16.741525887955,0.0,15.489975067817268,0.0,13.568788347637652,0.0,11.186074056027541,0.0,8.010576556034813,0.0,4.476659540590806,0.0,1.3764598098810819,0.0,0.3821804622177742,0.0
Dffnp,409.6078431372549,0.0,18.82186348837258,0.0,416.8749555226193,0.0,427.0,0.0,388.0,0.0,337.0,0.0,282.0,0.0,235.0,0.0,168.0,0.0,104.0,0.0,52.0,0.0,32.0,0.0,14.18463720397563,0.0,20.663978319771825,0.0,19.697715603592208,0.0,18.35755975068582,0.0,16.792855623746664,0.0,15.329709716755891,0.0,12.96148139681572,0.0,10.198039027185569,0.0,7.211102550927978,0.0,5.656854249492381,0.0,,,,,,,,,,,,,,,,,,,,,4.882994885956235,0.0,,,,,,,,,,,,,,,,,,,,,14.184426689756831,0.0,18.718304105783407,0.0,17.996594176057183,0.0,16.669100678995868,0.0,14.967177361168078,0.0,13.381707590853972,0.0,10.95347869561121,0.0,8.333788503843188,0.0,6.17697409073723,0.0,4.708829805386345,0.0
Dfkqw,459.21568627450984,0.0,19.892702569849263,0.0,475.5550509836313,0.0,505.0,0.0,462.0,0.0,410.0,0.0,355.0,0.0,289.0,0.0,218.0,0.0,144.0,0.0,89.0,0.0,48.0,0.0,15.748415427363645,0.0,22.47220505424423,0.0,21.494185260204677,0.0,20.248456731316587,0.0,18.841443681416774,0.0,17.0,0.0,14.7648230602334,0.0,12.0,0.0,9.433981132056603,0.0,6.928203230275509,0.0,,,,,,,,,,,,,,,,,,,,,4.910387943666324,0.0,,,,,,,,,,,,,,,,,,,,,15.748409668522875,0.0,20.38845309529445,0.0,19.644219948290687,0.0,18.50267586919822,0.0,17.015368391413265,0.0,15.020087575876786,0.0,12.571928221530783,0.0,9.859007467088182,0.0,7.875879394944297,0.0,5.1877636608795825,0.0
Dgrks,413.50588235294117,0.0,18.89007925326256,0.0,403.74376574256223,0.0,452.0,0.0,396.0,0.0,333.0,0.0,276.0,0.0,218.0,0.0,153.0,0.0,87.0,0.0,43.0,0.0,20.0,0.0,13.543210316346665,0.0,21.2602916254693,0.0,19.8997487421324,0.0,18.24828759089466,0.0,16.61324772583615,0.0,14.7648230602334,0.0,12.36931687685298,0.0,9.327379053088816,0.0,6.557438524302,0.0,4.47213595499958,0.0,,,,,,,,,,,,,,,,,,,,,5.905738848536402,0.0,,,,,,,,,,,,,,,,,,,,,13.543260521348557,0.0,19.187490201681104,0.0,18.14552129475642,0.0,16.385449528617137,0.0,14.777246065268084,0.0,12.87467880828199,0.0,10.342155799961825,0.0,7.30565767221513,0.0,5.276692937232266,0.0,2.977387096357184,0.0
Dhndy,453.23137254901957,0.0,19.811553567253977,0.0,410.5799323997802,0.0,484.0,0.0,444.0,0.0,390.0,0.0,319.0,0.0,239.0,0.0,160.0,0.0,89.0,0.0,47.0,0.0,27.0,0.0,13.83240219084466,0.0,22.0,0.0,21.071307505705477,0.0,19.748417658131498,0.0,17.86057109949175,0.0,15.459624833740307,0.0,12.649110640673518,0.0,9.433981132056603,0.0,6.855654600401044,0.0,5.196152422706632,0.0,,,,,,,,,,,,,,,,,,,,,2.5049698949133905,0.0,,,,,,,,,,,,,,,,,,,,,13.832595076821965,0.0,20.020542570477577,0.0,19.27486707461879,0.0,17.954085322892535,0.0,16.00088657603225,0.0,13.512940341391536,0.0,10.59216721767535,0.0,7.666729597124679,0.0,5.9257796443723585,0.0,4.248822024789485,0.0
Dhpwz,462.65098039215684,0.0,20.02505543212284,0.0,443.1368404996583,0.0,497.0,0.0,458.0,0.0,409.0,0.0,332.0,0.0,269.0,0.0,188.0,0.0,116.0,0.0,76.0,0.0,51.0,0.0,14.856581006965216,0.0,22.293496809607955,0.0,21.400934559032695,0.0,20.223748416156685,0.0,18.2208671582886,0.0,16.401219466856727,0.0,13.711309200802088,0.0,10.770329614269007,0.0,8.717797887081348,0.0,7.14142842854285,0.0,,,,,,,,,,,,,,,,,,,,,3.7035040462847606,0.0,,,,,,,,,,,,,,,,,,,,,14.856719577771806,0.0,20.37957839808804,0.0,19.616059311785605,0.0,18.39160226118757,0.0,16.431369871746313,0.0,14.503421227704345,0.0,11.709805257012635,0.0,8.83946473278551,0.0,7.314397065308027,0.0,5.695830403289493,0.0
Dhshn,432.55686274509804,0.0,19.38887539396434,0.0,381.8243487674562,0.0,459.0,0.0,405.0,0.0,349.0,0.0,285.0,0.0,210.0,0.0,130.0,0.0,63.0,0.0,37.0,0.0,14.0,0.0,12.933218653399951,0.0,21.42428528562855,0.0,20.12461179749811,0.0,18.681541692269406,0.0,16.881943016134134,0.0,14.491376746189438,0.0,11.40175425099138,0.0,7.937253933193772,0.0,6.082762530298219,0.0,3.7416573867739413,0.0,,,,,,,,,,,,,,,,,,,,,3.012472344561325,0.0,,,,,,,,,,,,,,,,,,,,,12.932722286517839,0.0,19.50536318295974,0.0,18.45573958896379,0.0,16.897223447677067,0.0,14.966544623881033,0.0,12.48537369606649,0.0,9.426278421046247,0.0,6.384981006870741,0.0,5.449258732252169,0.0,3.0732651282249654,0.0
Diebe,375.33725490196076,0.0,17.923988766955716,0.0,372.77659234422117,0.0,400.0,0.0,357.0,0.0,299.0,0.0,235.0,0.0,184.0,0.0,111.0,0.0,52.0,0.0,19.0,0.0,2.0,0.0,12.497572667960926,0.0,20.0,0.0,18.894443627691185,0.0,17.291616465790582,0.0,15.329709716755891,0.0,13.564659966250536,0.0,10.535653752852738,0.0,7.211102550927978,0.0,4.358898943540674,0.0,1.4142135623730951,0.0,,,,,,,,,,,,,,,,,,,,,3.912696334870647,0.0,,,,,,,,,,,,,,,,,,,,,12.497358564585406,0.0,17.992305656267487,0.0,17.031674806130496,0.0,15.434826666210203,0.0,13.411549178088789,0.0,11.675717444066665,0.0,8.689375850446888,0.0,5.076060745195775,0.0,3.168349901619131,0.0,0.6618696519470317,0.0
Diech,365.1764705882353,0.0,17.753371270404426,0.0,383.573791146639,0.0,388.0,0.0,342.0,0.0,290.0,0.0,243.0,0.0,194.0,0.0,122.0,0.0,59.0,0.0,26.0,0.0,5.0,0.0,12.93086720930963,0.0,19.697715603592208,0.0,18.49324200890693,0.0,17.029386365926403,0.0,15.588457268119896,0.0,13.92838827718412,0.0,11.045361017187261,0.0,7.681145747868608,0.0,5.0990195135927845,0.0,2.23606797749979,0.0,,,,,,,,,,,,,,,,,,,,,5.123115386992303,0.0,,,,,,,,,,,,,,,,,,,,,12.930448137360175,0.0,17.639103288000538,0.0,16.693109082942872,0.0,15.174124634236303,0.0,13.700574341244081,0.0,11.899336438586673,0.0,9.091053346376153,0.0,5.8887399075129006,0.0,4.364597634592801,0.0,1.4706755745363886,0.0
Diele,335.4705882352941,0.0,17.065380304030267,0.0,381.94860952504354,0.0,353.0,0.0,309.0,0.0,258.0,0.0,218.0,0.0,182.0,0.0,118.0,0.0,65.0,0.0,26.0,0.0,5.0,0.0,12.903693986144878,0.0,18.788294228055936,0.0,17.578395831246947,0.0,16.06237840420901,0.0,14.7648230602334,0.0,13.490737563232042,0.0,10.862780491200215,0.0,8.06225774829855,0.0,5.0990195135927845,0.0,2.23606797749979,0.0,,,,,,,,,,,,,,,,,,,,,5.202656648897878,0.0,,,,,,,,,,,,,,,,,,,,,12.903334595938897,0.0,16.77091337930267,0.0,15.80542673865456,0.0,14.296302363203434,0.0,12.989987148147517,0.0,11.619788589415238,0.0,9.011937147093139,0.0,6.188941243889459,0.0,4.415863902303961,0.0,1.7074736544341382,0.0
Dildo,371.63921568627455,0.0,17.93225150345275,0.0,411.1193594717243,0.0,402.0,0.0,356.0,0.0,307.0,0.0,261.0,0.0,208.0,0.0,157.0,0.0,94.0,0.0,42.0,0.0,14.0,0.0,13.810637276898948,0.0,20.049937655763422,0.0,18.867962264113206,0.0,17.52141546793523,0.0,16.15549442140351,0.0,14.422205101855956,0.0,12.529964086141668,0.0,9.695359714832659,0.0,6.48074069840786,0.0,3.7416573867739413,0.0,,,,,,,,,,,,,,,,,,,,,4.725782010501653,0.0,,,,,,,,,,,,,,,,,,,,,13.810504913530927,0.0,17.98242670355747,0.0,16.989345491873422,0.0,15.757179306418147,0.0,14.364357819356803,0.0,12.53126801686118,0.0,10.44779325657647,0.0,7.686060051568452,0.0,5.696373982955999,0.0,3.0223028249667907,0.0
Dinar,349.4,0.0,17.351897165891426,0.0,371.35775067289694,0.0,354.0,0.0,319.0,0.0,275.0,0.0,232.0,0.0,186.0,0.0,118.0,0.0,53.0,0.0,9.0,0.0,0.0,0.0,12.627980721912772,0.0,18.81488772222678,0.0,17.86057109949175,0.0,16.583123951777,0.0,15.231546211727817,0.0,13.638181696985855,0.0,10.862780491200215,0.0,7.280109889280518,0.0,3.0,0.0,0.0,0.0,,,,,,,,,,,,,,,,,,,,,5.385918193267152,0.0,,,,,,,,,,,,,,,,,,,,,12.62843840651247,0.0,16.882260216929375,0.0,16.117473036800824,0.0,14.7438829401444,0.0,13.269812233553845,0.0,11.596771162172987,0.0,8.598504648072783,0.0,4.9687876096240675,0.0,2.148778155760013,0.0,0.0,0.0
Dinau,374.91764705882355,0.0,17.96078431372549,0.0,369.1598602100893,0.0,392.0,0.0,354.0,0.0,297.0,0.0,243.0,0.0,190.0,0.0,113.0,0.0,47.0,0.0,9.0,0.0,0.0,0.0,12.530271804968928,0.0,19.79898987322333,0.0,18.81488772222678,0.0,17.233687939614086,0.0,15.588457268119896,0.0,13.784048752090222,0.0,10.63014581273465,0.0,6.855654600401044,0.0,3.0,0.0,0.0,0.0,,,,,,,,,,,,,,,,,,,,,3.2686730288959667,0.0,,,,,,,,,,,,,,,,,,,,,12.530703976188159,0.0,17.832365050494165,0.0,17.024018193660684,0.0,15.414938328533179,0.0,13.537674171534476,0.0,11.648347347862687,0.0,8.435918082475206,0.0,4.665726205639058,0.0,2.148778155760013,0.0,0.0,0.0
Dirne,344.7137254901961,0.0,17.28146440318334,0.0,367.48253894976676,0.0,352.0,0.0,315.0,0.0,271.0,0.0,224.0,0.0,172.0,0.0,112.0,0.0,53.0,0.0,9.0,0.0,0.0,0.0,12.440232916775589,0.0,18.76166303929372,0.0,17.74823934929885,0.0,16.46207763315433,0.0,14.966629547095765,0.0,13.114877048604,0.0,10.583005244258363,0.0,7.280109889280518,0.0,3.0,0.0,0.0,0.0,,,,,,,,,,,,,,,,,,,,,4.35163494917914,0.0,,,,,,,,,,,,,,,,,,,,,12.440482428055299,0.0,16.829613373083856,0.0,15.953294546650904,0.0,14.611045996171491,0.0,13.062671119854967,0.0,11.095573109984736,0.0,8.470110016785995,0.0,5.040610370882283,0.0,2.148778155760013,0.0,0.0,0.0
Divir,305.3843137254902,0.0,16.240823629737545,0.0,397.37545307535095,0.0,316.0,0.0,285.0,0.0,248.0,0.0,221.0,0.0,185.0,0.0,133.0,0.0,74.0,0.0,17.0,0.0,1.0,0.0,13.408173563212936,0.0,17.776388834631177,0.0,16.881943016134134,0.0,15.748015748023622,0.0,14.866068747318506,0.0,13.601470508735444,0.0,11.532562594670797,0.0,8.602325267042627,0.0,4.123105625617661,0.0,1.0,0.0,,,,,,,,,,,,,,,,,,,,,9.185711473937097,0.0,,,,,,,,,,,,,,,,,,,,,13.408528198431789,0.0,15.68198637551015,0.0,14.927052641031429,0.0,13.896066812585575,0.0,12.915722921242507,0.0,11.581423236933228,0.0,9.212834956877991,0.0,6.020880584717745,0.0,3.017094418471974,0.0,0.3821804622177742,0.0
Diwan,399.2392156862745,0.0,18.482310089273554,0.0,416.2754403868113,0.0,419.0,0.0,383.0,0.0,337.0,0.0,283.0,0.0,234.0,0.0,166.0,0.0,94.0,0.0,43.0,0.0,23.0,0.0,14.120698968221896,0.0,20.46948949045872,0.0,19.570385790780925,0.0,18.35755975068582,0.0,16.822603841260722,0.0,15.297058540778355,0.0,12.884098726725126,0.0,9.695359714832659,0.0,6.557438524302,0.0,4.795831523312719,0.0,,,,,,,,,,,,,,,,,,,,,3.2114849528254488,0.0,,,,,,,,,,,,,,,,,,,,,14.121328555093212,0.0,18.54813603938281,0.0,17.836139387637786,0.0,16.63596823091675,0.0,14.986794982885229,0.0,13.255943220979619,0.0,10.678443701016896,0.0,7.379965818022119,0.0,5.171367667863682,0.0,3.429841145270547,0.0
Djmkn,454.2470588235294,0.0,19.880143358677103,0.0,479.03138685737247,0.0,508.0,0.0,454.0,0.0,409.0,0.0,353.0,0.0,301.0,0.0,220.0,0.0,142.0,0.0,86.0,0.0,53.0,0.0,15.836053190154342,0.0,22.538855339169288,0.0,21.307275752662516,0.0,20.223748416156685,0.0,18.788294228055936,0.0,17.349351572897472,0.0,14.832396974191326,0.0,11.916375287812984,0.0,9.273618495495704,0.0,7.280109889280518,0.0,,,,,,,,,,,,,,,,,,,,,3.5487557954197824,0.0,,,,,,,,,,,,,,,,,,,,,15.8362465593392,0.0,20.49684337928581,0.0,19.58540747991707,0.0,18.53586541882603,0.0,17.02219918636197,0.0,15.434726623027274,0.0,12.826009789743408,0.0,9.914094110021756,0.0,7.986972696207173,0.0,6.04523637087474,0.0
Dkrhs,403.08627450980396,0.0,18.718261616791043,0.0,394.8526091146899,0.0,430.0,0.0,381.0,0.0,325.0,0.0,270.0,0.0,209.0,0.0,146.0,0.0,76.0,0.0,39.0,0.0,16.0,0.0,13.311297285436481,0.0,20.73644135332772,0.0,19.519221295943137,0.0,18.027756377319946,0.0,16.431676725154983,0.0,14.45683229480096,0.0,12.083045973594572,0.0,8.717797887081348,0.0,6.244997998398398,0.0,4.0,0.0,,,,,,,,,,,,,,,,,,,,,5.5045438447083095,0.0,,,,,,,,,,,,,,,,,,,,,13.311200604774678,0.0,18.714496242200777,0.0,17.738960379509095,0.0,16.12772529725625,0.0,14.58965923778247,0.0,12.572337191864525,0.0,10.062237627033245,0.0,6.982638064944433,0.0,5.561193631423889,0.0,3.1463519321219997,0.0
Dlbls,367.2470588235294,0.0,17.80739017779563,0.0,411.4391981382936,0.0,398.0,0.0,361.0,0.0,305.0,0.0,247.0,0.0,205.0,0.0,152.0,0.0,90.0,0.0,44.0,0.0,14.0,0.0,13.816829382004682,0.0,19.949937343260004,0.0,19.0,0.0,17.46424919657298,0.0,15.716233645501712,0.0,14.317821063276353,0.0,12.328828005937952,0.0,9.486832980505138,0.0,6.6332495807108,0.0,3.7416573867739413,0.0,,,,,,,,,,,,,,,,,,,,,6.237421094783507,0.0,,,,,,,,,,,,,,,,,,,,,13.816104644476301,0.0,17.996332365825477,0.0,17.214065023928352,0.0,15.676290294875106,0.0,13.891285563849873,0.0,12.514101041425661,0.0,10.500543618979624,0.0,7.609868795474841,0.0,5.849461286111483,0.0,2.885717458233084,0.0
Dlhnl,390.7137254901961,0.0,18.54985447692126,0.0,421.32758650479235,0.0,420.0,0.0,376.0,0.0,332.0,0.0,284.0,0.0,226.0,0.0,158.0,0.0,98.0,0.0,56.0,0.0,18.0,0.0,14.248461401777222,0.0,20.493901531919196,0.0,19.390719429665317,0.0,18.2208671582886,0.0,16.852299546352718,0.0,15.033296378372908,0.0,12.569805089976535,0.0,9.899494936611665,0.0,7.483314773547883,0.0,4.242640687119285,0.0,,,,,,,,,,,,,,,,,,,,,4.736441357769798,0.0,,,,,,,,,,,,,,,,,,,,,14.248740368573959,0.0,18.538784148063893,0.0,17.71104641945268,0.0,16.46103869454009,0.0,14.999722676158166,0.0,13.109043582452456,0.0,10.64592446956712,0.0,8.103861835225182,0.0,6.655480424053374,0.0,3.2460131114194626,0.0
Dljng,400.5686274509804,0.0,18.661970491816962,0.0,434.1335603772004,0.0,437.0,0.0,398.0,0.0,346.0,0.0,289.0,0.0,234.0,0.0,176.0,0.0,103.0,0.0,54.0,0.0,30.0,0.0,14.523209595630828,0.0,20.904544960366874,0.0,19.949937343260004,0.0,18.601075237738275,0.0,17.0,0.0,15.297058540778355,0.0,13.2664991614216,0.0,10.14889156509222,0.0,7.3484692283495345,0.0,5.477225575051661,0.0,,,,,,,,,,,,,,,,,,,,,6.939702522480601,0.0,,,,,,,,,,,,,,,,,,,,,14.52309922226567,0.0,18.892681561496833,0.0,18.189768748373087,0.0,16.801531839948918,0.0,15.129458294276017,0.0,13.433649693783101,0.0,11.19385616113503,0.0,7.962874818091317,0.0,5.9986661327785455,0.0,3.9716862016138226,0.0
Dlvqn,393.5411764705882,0.0,18.48104404113691,0.0,413.0672543890196,0.0,419.0,0.0,384.0,0.0,330.0,0.0,284.0,0.0,221.0,0.0,151.0,0.0,90.0,0.0,37.0,0.0,19.0,0.0,13.908771801342946,0.0,20.46948949045872,0.0,19.595917942265423,0.0,18.16590212458495,0.0,16.852299546352718,0.0,14.866068747318506,0.0,12.288205727444508,0.0,9.486832980505138,0.0,6.082762530298219,0.0,4.358898943540674,0.0,,,,,,,,,,,,,,,,,,,,,4.5171973846812215,0.0,,,,,,,,,,,,,,,,,,,,,13.90893313170195,0.0,18.458842518556246,0.0,17.681271045748616,0.0,16.440060280119454,0.0,14.95491215561344,0.0,12.780724870079464,0.0,10.049260231493284,0.0,7.3240102371138684,0.0,5.1741616407763855,0.0,3.410446328136313,0.0
Dmltl,390.1333333333333,0.0,18.445101270017663,0.0,489.1932942418322,0.0,436.0,0.0,397.0,0.0,340.0,0.0,307.0,0.0,278.0,0.0,221.0,0.0,161.0,0.0,93.0,0.0,61.0,0.0,16.153876608220866,0.0,20.8806130178211,0.0,19.924858845171276,0.0,18.439088914585774,0.0,17.52141546793523,0.0,16.673332000533065,0.0,14.866068747318506,0.0,12.68857754044952,0.0,9.643650760992955,0.0,7.810249675906654,0.0,,,,,,,,,,,,,,,,,,,,,10.775050565341703,0.0,,,,,,,,,,,,,,,,,,,,,16.15403661225484,0.0,18.691140815012258,0.0,17.966835371901166,0.0,16.87075727941124,0.0,15.91069450586363,0.0,14.95185712284384,0.0,12.95142949431534,0.0,10.757879767045454,0.0,8.440895101195089,0.0,6.617217362518675,0.0
Dmmkr,490.75686274509803,0.0,20.651187044236092,0.0,532.5230823432219,0.0,559.0,0.0,501.0,0.0,446.0,0.0,404.0,0.0,349.0,0.0,269.0,0.0,194.0,0.0,121.0,0.0,94.0,0.0,17.23074285206265,0.0,23.643180835073778,0.0,22.38302928559939,0.0,21.118712081942874,0.0,20.09975124224178,0.0,18.681541692269406,0.0,16.401219466856727,0.0,13.92838827718412,0.0,11.0,0.0,9.695359714832659,0.0,,,,,,,,,,,,,,,,,,,,,7.169516543848228,0.0,,,,,,,,,,,,,,,,,,,,,17.23112106341932,0.0,21.421346084255017,0.0,20.452302357456595,0.0,19.424797220278542,0.0,18.35284401862345,0.0,16.86261038839149,0.0,14.380037989802602,0.0,11.97084205000578,0.0,9.59889225213083,0.0,8.29105827488679,0.0
Dmnkm,519.5686274509803,0.0,21.24793243667547,0.0,531.8435646157119,0.0,594.0,0.0,535.0,0.0,471.0,0.0,423.0,0.0,362.0,0.0,264.0,0.0,192.0,0.0,126.0,0.0,96.0,0.0,17.28366284275059,0.0,24.372115213907882,0.0,23.130067012440755,0.0,21.702534414210707,0.0,20.566963801203133,0.0,19.026297590440446,0.0,16.24807680927192,0.0,13.856406460551018,0.0,11.224972160321824,0.0,9.797958971132712,0.0,,,,,,,,,,,,,,,,,,,,,3.854054140307295,0.0,,,,,,,,,,,,,,,,,,,,,17.283740880999773,0.0,22.160139739173154,0.0,21.226893798897045,0.0,20.039849280587433,0.0,18.819599341962565,0.0,17.182376210432356,0.0,14.212713843808068,0.0,11.92539136583153,0.0,9.736198149233335,0.0,8.4020465533841,0.0
Docht,377.88235294117646,0.0,17.988575125991417,0.0,370.83890981148,0.0,400.0,0.0,351.0,0.0,298.0,0.0,236.0,0.0,179.0,0.0,116.0,0.0,55.0,0.0,21.0,0.0,2.0,0.0,12.444729186020153,0.0,20.0,0.0,18.734993995195193,0.0,17.26267650163207,0.0,15.362291495737216,0.0,13.379088160259652,0.0,10.770329614269007,0.0,7.416198487095663,0.0,4.58257569495584,0.0,1.4142135623730951,0.0,,,,,,,,,,,,,,,,,,,,,4.695561314596395,0.0,,,,,,,,,,,,,,,,,,,,,12.444611929062686,0.0,17.757487325958817,0.0,16.78389236196393,0.0,15.340079662609384,0.0,13.455482038361213,0.0,11.526565700916533,0.0,8.722365771376152,0.0,5.643565600689397,0.0,3.9741524919034386,0.0,0.6618696519470317,0.0
Dogma,469.5333333333333,0.0,20.029635482900197,0.0,443.8722536736012,0.0,518.0,0.0,456.0,0.0,393.0,0.0,329.0,0.0,268.0,0.0,194.0,0.0,120.0,0.0,73.0,0.0,60.0,0.0,14.803814123810806,0.0,22.759613353482084,0.0,21.354156504062622,0.0,19.82422760159901,0.0,18.138357147217054,0.0,16.3707055437449,0.0,13.92838827718412,0.0,10.954451150103322,0.0,8.54400374531753,0.0,7.745966692414834,0.0,,,,,,,,,,,,,,,,,,,,,4.2382332280556465,0.0,,,,,,,,,,,,,,,,,,,,,14.803875659892379,0.0,20.632038747326447,0.0,19.5522074700561,0.0,18.165493579821458,0.0,16.396124941255,0.0,14.576289751112919,0.0,11.8625750454932,0.0,9.018804487966738,0.0,7.074026176267537,0.0,6.2329787218318815,0.0
Dogmo,468.3843137254902,0.0,20.008981451235304,0.0,448.07712283316107,0.0,523.0,0.0,462.0,0.0,397.0,0.0,331.0,0.0,268.0,0.0,190.0,0.0,125.0,0.0,74.0,0.0,60.0,0.0,14.859515946940244,0.0,22.869193252058544,0.0,21.494185260204677,0.0,19.924858845171276,0.0,18.193405398660254,0.0,16.3707055437449,0.0,13.784048752090222,0.0,11.180339887498949,0.0,8.602325267042627,0.0,7.745966692414834,0.0,,,,,,,,,,,,,,,,,,,,,4.296081520145388,0.0,,,,,,,,,,,,,,,,,,,,,14.859527895925803,0.0,20.68265817740707,0.0,19.60804505322398,0.0,18.230942595206407,0.0,16.448492744655585,0.0,14.583403196161415,0.0,11.751493108761146,0.0,9.184503891891302,0.0,7.081145611013583,0.0,6.2329787218318815,0.0
Dohle,389.6705882352941,0.0,18.393487973905682,0.0,378.86543047895117,0.0,421.0,0.0,362.0,0.0,308.0,0.0,250.0,0.0,193.0,0.0,117.0,0.0,65.0,0.0,34.0,0.0,8.0,0.0,12.749979751246842,0.0,20.518284528683193,0.0,19.026297590440446,0.0,17.549928774784245,0.0,15.811388300841896,0.0,13.892443989449804,0.0,10.816653826391969,0.0,8.06225774829855,0.0,5.830951894845301,0.0,2.8284271247461903,0.0,,,,,,,,,,,,,,,,,,,,,5.368404950209359,0.0,,,,,,,,,,,,,,,,,,,,,12.749990848970198,0.0,18.52963482439668,0.0,17.274175483163347,0.0,15.80173597615993,0.0,14.042664548497982,0.0,12.047361713900896,0.0,9.04879646866769,0.0,6.516893329947952,0.0,5.4180688947785205,0.0,1.9828449173928526,0.0
Dompf,454.90980392156865,0.0,19.784639030342156,0.0,456.2377473252824,0.0,493.0,0.0,438.0,0.0,382.0,0.0,321.0,0.0,270.0,0.0,206.0,0.0,144.0,0.0,90.0,0.0,69.0,0.0,15.254469490724883,0.0,22.20360331117452,0.0,20.92844953645635,0.0,19.544820285692065,0.0,17.916472867168917,0.0,16.431676725154983,0.0,14.352700094407323,0.0,12.0,0.0,9.486832980505138,0.0,8.306623862918075,0.0,,,,,,,,,,,,,,,,,,,,,4.12686720469338,0.0,,,,,,,,,,,,,,,,,,,,,15.254567860780682,0.0,20.058697588024113,0.0,19.025595419582064,0.0,17.810352101742687,0.0,16.212574747716392,0.0,14.729844535262705,0.0,12.466406804342544,0.0,10.212484864026358,0.0,8.142606001150824,0.0,7.017429147062013,0.0
Dosis,331.7294117647059,0.0,16.76025534320853,0.0,350.75752227918497,0.0,344.0,0.0,300.0,0.0,234.0,0.0,191.0,0.0,149.0,0.0,98.0,0.0,42.0,0.0,9.0,0.0,0.0,0.0,11.783113562282274,0.0,18.547236990991408,0.0,17.320508075688775,0.0,15.297058540778355,0.0,13.820274961085254,0.0,12.206555615733702,0.0,9.899494936611665,0.0,6.48074069840786,0.0,3.0,0.0,0.0,0.0,,,,,,,,,,,,,,,,,,,,,9.025105960655276,0.0,,,,,,,,,,,,,,,,,,,,,11.783037367517382,0.0,16.381788035875793,0.0,15.399527134041124,0.0,13.407760520635401,0.0,11.911308688301725,0.0,10.293603793111762,0.0,7.759274447328436,0.0,4.326019498437797,0.0,2.1446205178511577,0.0,0.0,0.0
Draht,375.3921568627451,0.0,17.98849604619143,0.0,384.47473468803634,0.0,391.0,0.0,350.0,0.0,298.0,0.0,246.0,0.0,192.0,0.0,133.0,0.0,68.0,0.0,29.0,0.0,2.0,0.0,12.999100860714085,0.0,19.77371993328519,0.0,18.708286933869708,0.0,17.26267650163207,0.0,15.684387141358123,0.0,13.856406460551018,0.0,11.532562594670797,0.0,8.246211251235321,0.0,5.385164807134504,0.0,1.4142135623730951,0.0,,,,,,,,,,,,,,,,,,,,,4.002344409061618,0.0,,,,,,,,,,,,,,,,,,,,,12.999248438701999,0.0,17.642308078288607,0.0,16.873182567302898,0.0,15.418073761381159,0.0,13.803187698130692,0.0,11.94732611535177,0.0,9.393836831504053,0.0,6.298762905929383,0.0,4.35560336983615,0.0,0.6618696519470317,0.0
Drama,414.62745098039215,0.0,18.837329908393663,0.0,430.6561619057637,0.0,438.0,0.0,392.0,0.0,340.0,0.0,292.0,0.0,248.0,0.0,182.0,0.0,113.0,0.0,59.0,0.0,44.0,0.0,14.521721583896701,0.0,20.92844953645635,0.0,19.79898987322333,0.0,18.439088914585774,0.0,17.08800749063506,0.0,15.748015748023622,0.0,13.490737563232042,0.0,10.63014581273465,0.0,7.681145747868608,0.0,6.6332495807108,0.0,,,,,,,,,,,,,,,,,,,,,4.8555629154575595,0.0,,,,,,,,,,,,,,,,,,,,,14.5217606577537,0.0,18.91981800535346,0.0,18.040738822927352,0.0,16.768109584495292,0.0,15.33975415958784,0.0,13.904892763235281,0.0,11.401590075974754,0.0,8.70953637669694,0.0,6.414914389399768,0.0,5.6613953851328915,0.0
Drang,410.48235294117643,0.0,18.789117646803046,0.0,388.94433159743267,0.0,430.0,0.0,394.0,0.0,333.0,0.0,269.0,0.0,207.0,0.0,140.0,0.0,72.0,0.0,32.0,0.0,16.0,0.0,13.154602276658055,0.0,20.73644135332772,0.0,19.849433241279208,0.0,18.24828759089466,0.0,16.401219466856727,0.0,14.38749456993816,0.0,11.832159566199232,0.0,8.48528137423857,0.0,5.656854249492381,0.0,4.0,0.0,,,,,,,,,,,,,,,,,,,,,6.721556729743865,0.0,,,,,,,,,,,,,,,,,,,,,13.154701945566142,0.0,18.788220457685075,0.0,18.13143849607754,0.0,16.441136963273568,0.0,14.467440172204617,0.0,12.44988957653342,0.0,9.619617825461901,0.0,6.210756684904751,0.0,3.988192946185156,0.0,2.6082804696299,0.0
Drbtt,359.44705882352946,0.0,17.510568896185262,0.0,394.9121205249269,0.0,381.0,0.0,354.0,0.0,301.0,0.0,241.0,0.0,196.0,0.0,134.0,0.0,72.0,0.0,25.0,0.0,2.0,0.0,13.228520988515108,0.0,19.519221295943137,0.0,18.81488772222678,0.0,17.349351572897472,0.0,15.524174696260024,0.0,14.0,0.0,11.575836902790225,0.0,8.48528137423857,0.0,5.0,0.0,1.4142135623730951,0.0,,,,,,,,,,,,,,,,,,,,,6.4981535694407215,0.0,,,,,,,,,,,,,,,,,,,,,13.228105401080992,0.0,17.416255806229024,0.0,16.881214076127396,0.0,15.514809663038061,0.0,13.588934649113773,0.0,12.07267594774486,0.0,9.584452896806388,0.0,6.247022805574983,0.0,3.38172520434329,0.0,0.668680288732816,0.0
Dreck,369.54509803921565,0.0,17.871890644300773,0.0,388.05770072864584,0.0,385.0,0.0,353.0,0.0,299.0,0.0,251.0,0.0,201.0,0.0,130.0,0.0,66.0,0.0,29.0,0.0,5.0,0.0,13.04532053984634,0.0,19.621416870348583,0.0,18.788294228055936,0.0,17.291616465790582,0.0,15.84297951775486,0.0,14.177446878757825,0.0,11.40175425099138,0.0,8.12403840463596,0.0,5.385164807134504,0.0,2.23606797749979,0.0,,,,,,,,,,,,,,,,,,,,,4.731833813320361,0.0,,,,,,,,,,,,,,,,,,,,,13.044825526540556,0.0,17.657660883167324,0.0,16.985421648295713,0.0,15.384747562586705,0.0,13.895363671264773,0.0,12.15893859227065,0.0,9.396831102801118,0.0,6.131796747812944,0.0,4.335780163853896,0.0,1.4706755745363886,0.0
Driet,320.043137254902,0.0,16.603187531821703,0.0,376.78014783498367,0.0,326.0,0.0,296.0,0.0,247.0,0.0,210.0,0.0,167.0,0.0,117.0,0.0,59.0,0.0,18.0,0.0,0.0,0.0,12.699450172648337,0.0,18.05547008526779,0.0,17.204650534085253,0.0,15.716233645501712,0.0,14.491376746189438,0.0,12.922847983320086,0.0,10.816653826391969,0.0,7.681145747868608,0.0,4.242640687119285,0.0,0.0,0.0,,,,,,,,,,,,,,,,,,,,,6.716560644219676,0.0,,,,,,,,,,,,,,,,,,,,,12.69930493659915,0.0,15.88046553159553,0.0,15.277790611993625,0.0,13.91377086882887,0.0,12.559745539050805,0.0,11.038529012757605,0.0,8.770911541286273,0.0,5.487174169378186,0.0,2.90854692447844,0.0,0.0,0.0
Drink,375.09019607843135,0.0,18.085122321002657,0.0,402.68532988852934,0.0,391.0,0.0,361.0,0.0,317.0,0.0,268.0,0.0,214.0,0.0,151.0,0.0,77.0,0.0,32.0,0.0,5.0,0.0,13.606052191638462,0.0,19.77371993328519,0.0,19.0,0.0,17.804493814764857,0.0,16.3707055437449,0.0,14.628738838327793,0.0,12.288205727444508,0.0,8.774964387392123,0.0,5.656854249492381,0.0,2.23606797749979,0.0,,,,,,,,,,,,,,,,,,,,,6.304486367765957,0.0,,,,,,,,,,,,,,,,,,,,,13.605884811116608,0.0,17.919607714369537,0.0,17.31358053906014,0.0,16.018441103015185,0.0,14.450857765272387,0.0,12.646702604674662,0.0,10.131424076845965,0.0,6.585031013038532,0.0,4.673768033668542,0.0,1.4706755745363886,0.0
Drlds,364.6745098039215,0.0,17.771319376668217,0.0,399.8333473717166,0.0,385.0,0.0,347.0,0.0,291.0,0.0,249.0,0.0,194.0,0.0,150.0,0.0,84.0,0.0,42.0,0.0,14.0,0.0,13.460931424560574,0.0,19.621416870348583,0.0,18.627936010197157,0.0,17.05872210923198,0.0,15.7797338380595,0.0,13.92838827718412,0.0,12.24744871391589,0.0,9.16515138991168,0.0,6.48074069840786,0.0,3.7416573867739413,0.0,,,,,,,,,,,,,,,,,,,,,4.595011897417486,0.0,,,,,,,,,,,,,,,,,,,,,13.460797605429201,0.0,17.584816182353954,0.0,16.794455910337266,0.0,15.279113523477614,0.0,13.936126110243814,0.0,12.049342672583368,0.0,10.206539582538314,0.0,7.330369883388553,0.0,5.6150830708800665,0.0,3.0223028249667907,0.0
Droge,395.1215686274509,0.0,18.410123754893974,0.0,385.0463139792604,0.0,421.0,0.0,377.0,0.0,317.0,0.0,255.0,0.0,194.0,0.0,128.0,0.0,70.0,0.0,32.0,0.0,16.0,0.0,12.887469751393647,0.0,20.518284528683193,0.0,19.4164878389476,0.0,17.804493814764857,0.0,15.968719422671311,0.0,13.92838827718412,0.0,11.313708498984761,0.0,8.366600265340756,0.0,5.656854249492381,0.0,4.0,0.0,,,,,,,,,,,,,,,,,,,,,4.454931856216773,0.0,,,,,,,,,,,,,,,,,,,,,12.887767276100815,0.0,18.449682524049692,0.0,17.53680675619694,0.0,15.976897004971043,0.0,14.018287706904138,0.0,12.021922679318367,0.0,9.254109515295962,0.0,6.184643048874143,0.0,3.9951568018272803,0.0,2.609431180892979,0.0
Drrch,355.60392156862747,0.0,17.556331043467043,0.0,387.71603939386546,0.0,369.0,0.0,334.0,0.0,289.0,0.0,243.0,0.0,193.0,0.0,132.0,0.0,67.0,0.0,26.0,0.0,5.0,0.0,13.038528908552768,0.0,19.209372712298546,0.0,18.275666882497067,0.0,17.0,0.0,15.588457268119896,0.0,13.892443989449804,0.0,11.489125293076057,0.0,8.18535277187245,0.0,5.0990195135927845,0.0,2.23606797749979,0.0,,,,,,,,,,,,,,,,,,,,,6.2180531236744745,0.0,,,,,,,,,,,,,,,,,,,,,13.03806659929947,0.0,17.28081744754474,0.0,16.483172716331012,0.0,15.083877198034537,0.0,13.662319756489017,0.0,11.826088754070579,0.0,9.406497515886306,0.0,6.24352685667652,0.0,4.239461586169378,0.0,1.4706755745363886,0.0
Drrgr,362.3843137254902,0.0,17.71600214569144,0.0,402.70562453261573,0.0,379.0,0.0,347.0,0.0,300.0,0.0,252.0,0.0,201.0,0.0,147.0,0.0,82.0,0.0,32.0,0.0,16.0,0.0,13.469119198525444,0.0,19.467922333931785,0.0,18.627936010197157,0.0,17.320508075688775,0.0,15.874507866387544,0.0,14.177446878757825,0.0,12.12435565298214,0.0,9.055385138137417,0.0,5.656854249492381,0.0,4.0,0.0,,,,,,,,,,,,,,,,,,,,,5.299989491087223,0.0,,,,,,,,,,,,,,,,,,,,,13.469110989663914,0.0,17.465221077848938,0.0,16.791250715608896,0.0,15.416995462574882,0.0,13.873375656895634,0.0,12.229294398870739,0.0,9.927929296797835,0.0,6.680620615980409,0.0,3.9951568018272803,0.0,2.609431180892979,0.0
Druck,380.4627450980392,0.0,18.143156644469542,0.0,392.8754382270596,0.0,406.0,0.0,373.0,0.0,318.0,0.0,265.0,0.0,202.0,0.0,128.0,0.0,66.0,0.0,28.0,0.0,5.0,0.0,13.163179593736698,0.0,20.149441679609886,0.0,19.313207915827967,0.0,17.832554500127006,0.0,16.278820596099706,0.0,14.212670403551895,0.0,11.313708498984761,0.0,8.12403840463596,0.0,5.291502622129181,0.0,2.23606797749979,0.0,,,,,,,,,,,,,,,,,,,,,4.200926776773027,0.0,,,,,,,,,,,,,,,,,,,,,13.162812671386058,0.0,18.18815069349956,0.0,17.45073227967106,0.0,15.906727656078502,0.0,14.2012875157311,0.0,12.05182040908688,0.0,9.309427750223424,0.0,6.12978016934466,0.0,4.306296539678833,0.0,1.4706755745363886,0.0
Drxtt,330.9490196078432,0.0,16.844673398871475,0.0,391.6738000556128,0.0,345.0,0.0,314.0,0.0,269.0,0.0,229.0,0.0,191.0,0.0,132.0,0.0,67.0,0.0,19.0,0.0,1.0,0.0,13.19150345160679,0.0,18.57417562100671,0.0,17.72004514666935,0.0,16.401219466856727,0.0,15.132745950421556,0.0,13.820274961085254,0.0,11.489125293076057,0.0,8.18535277187245,0.0,4.358898943540674,0.0,1.0,0.0,,,,,,,,,,,,,,,,,,,,,7.183419087252427,0.0,,,,,,,,,,,,,,,,,,,,,13.191328666535169,0.0,16.317877121299862,0.0,15.73945666173462,0.0,14.527321154466385,0.0,13.128279693763714,0.0,11.693105424173465,0.0,9.258078319532983,0.0,5.80705247026305,0.0,2.608208868259369,0.0,0.3821804622177742,0.0
Dsckz,374.9686274509804,0.0,17.97214599112571,0.0,384.5392399834775,0.0,397.0,0.0,355.0,0.0,309.0,0.0,244.0,0.0,198.0,0.0,130.0,0.0,61.0,0.0,27.0,0.0,4.0,0.0,12.918338635284636,0.0,19.924858845171276,0.0,18.841443681416774,0.0,17.578395831246947,0.0,15.620499351813308,0.0,14.071247279470288,0.0,11.40175425099138,0.0,7.810249675906654,0.0,5.196152422706632,0.0,2.0,0.0,,,,,,,,,,,,,,,,,,,,,3.8261184516166744,0.0,,,,,,,,,,,,,,,,,,,,,12.918159643106867,0.0,17.83285898510041,0.0,16.963342555169465,0.0,15.634747538125396,0.0,13.618571273739366,0.0,12.120733513349272,0.0,9.278950507795424,0.0,5.760155964116031,0.0,4.220817318651356,0.0,0.9115544992328768,0.0
Dsßqn,447.5333333333333,0.0,19.563728020398678,0.0,422.53018306592867,0.0,481.0,0.0,442.0,0.0,376.0,0.0,318.0,0.0,248.0,0.0,171.0,0.0,100.0,0.0,50.0,0.0,25.0,0.0,14.159970961600964,0.0,21.93171219946131,0.0,21.02379604162864,0.0,19.390719429665317,0.0,17.832554500127006,0.0,15.748015748023622,0.0,13.076696830622021,0.0,10.0,0.0,7.0710678118654755,0.0,5.0,0.0,,,,,,,,,,,,,,,,,,,,,3.471986294021627,0.0,,,,,,,,,,,,,,,,,,,,,14.160196001714583,0.0,19.936239461911068,0.0,19.133574757392182,0.0,17.706815176284174,0.0,16.055555719234686,0.0,13.70595728938395,0.0,10.853589324592987,0.0,7.809766422120129,0.0,5.5813603561645975,0.0,3.5657178826415334,0.0
Dtvzs,339.60392156862747,0.0,17.048704233234126,0.0,380.4702731815561,0.0,361.0,0.0,320.0,0.0,266.0,0.0,219.0,0.0,179.0,0.0,122.0,0.0,59.0,0.0,17.0,0.0,4.0,0.0,12.79772184419608,0.0,19.0,0.0,17.88854381999832,0.0,16.30950643030009,0.0,14.798648586948742,0.0,13.379088160259652,0.0,11.045361017187261,0.0,7.681145747868608,0.0,4.123105625617661,0.0,2.0,0.0,,,,,,,,,,,,,,,,,,,,,5.974737600546129,0.0,,,,,,,,,,,,,,,,,,,,,12.797933912304012,0.0,16.74939187004549,0.0,15.791531545147961,0.0,14.361340048843136,0.0,12.788580370974476,0.0,11.362455278001823,0.0,8.763925025474377,0.0,5.332812669486206,0.0,2.674167374648508,0.0,1.1454621953014095,0.0
Duell,356.3843137254902,0.0,17.652782514047857,0.0,395.21293502117857,0.0,379.0,0.0,342.0,0.0,287.0,0.0,232.0,0.0,194.0,0.0,131.0,0.0,77.0,0.0,41.0,0.0,13.0,0.0,13.342920283898481,0.0,19.467922333931785,0.0,18.49324200890693,0.0,16.941074346097416,0.0,15.231546211727817,0.0,13.92838827718412,0.0,11.445523142259598,0.0,8.774964387392123,0.0,6.4031242374328485,0.0,3.605551275463989,0.0,,,,,,,,,,,,,,,,,,,,,8.445861047199083,0.0,,,,,,,,,,,,,,,,,,,,,13.343332846085186,0.0,17.48395957025468,0.0,16.72304115000697,0.0,15.145001722180528,0.0,13.418408360734665,0.0,12.128239051451878,0.0,9.610129389016372,0.0,7.059617390443876,0.0,5.630525819981762,0.0,2.73516147471706,0.0
Duett,354.7294117647059,0.0,17.434493203094565,0.0,363.51168857464455,0.0,374.0,0.0,337.0,0.0,275.0,0.0,216.0,0.0,172.0,0.0,99.0,0.0,47.0,0.0,10.0,0.0,0.0,0.0,12.1956480122163,0.0,19.339079605813716,0.0,18.35755975068582,0.0,16.583123951777,0.0,14.696938456699069,0.0,13.114877048604,0.0,9.9498743710662,0.0,6.855654600401044,0.0,3.1622776601683795,0.0,0.0,0.0,,,,,,,,,,,,,,,,,,,,,8.461273466338588,0.0,,,,,,,,,,,,,,,,,,,,,12.196072324334065,0.0,17.05638043395852,0.0,16.342799200505326,0.0,14.747373112826075,0.0,12.778479518002031,0.0,11.226642267086731,0.0,8.021288954790295,0.0,4.8769514556552975,0.0,1.821123718260032,0.0,0.0,0.0
Dusst,348.278431372549,0.0,17.200515446976475,0.0,352.42239959180637,0.0,367.0,0.0,316.0,0.0,253.0,0.0,201.0,0.0,157.0,0.0,94.0,0.0,42.0,0.0,10.0,0.0,0.0,0.0,11.83314839472596,0.0,19.157244060668017,0.0,17.776388834631177,0.0,15.905973720586866,0.0,14.177446878757825,0.0,12.529964086141668,0.0,9.695359714832659,0.0,6.48074069840786,0.0,3.1622776601683795,0.0,0.0,0.0,,,,,,,,,,,,,,,,,,,,,8.335377725911124,0.0,,,,,,,,,,,,,,,,,,,,,11.833258656198803,0.0,16.812890298416676,0.0,15.82869365124696,0.0,13.981237253839689,0.0,12.160252048458037,0.0,10.4950728205925,0.0,7.6113703134154775,0.0,4.356398465757099,0.0,1.7597244547451665,0.0,0.0,0.0
Dxmls,403.50588235294117,0.0,18.659875185686683,0.0,454.59065664541924,0.0,442.0,0.0,391.0,0.0,338.0,0.0,300.0,0.0,261.0,0.0,199.0,0.0,129.0,0.0,72.0,0.0,52.0,0.0,15.168658535052813,0.0,21.02379604162864,0.0,19.77371993328519,0.0,18.384776310850235,0.0,17.320508075688775,0.0,16.15549442140351,0.0,14.106735979665885,0.0,11.357816691600547,0.0,8.48528137423857,0.0,7.211102550927978,0.0,,,,,,,,,,,,,,,,,,,,,5.938677433003206,0.0,,,,,,,,,,,,,,,,,,,,,15.168965895396976,0.0,18.8736993834131,0.0,17.967847627865545,0.0,16.696434405953916,0.0,15.549947269985186,0.0,14.250173095634477,0.0,12.03569027827573,0.0,9.490452227330074,0.0,7.342422507359604,0.0,5.975942647821144,0.0
Dxxfh,398.38823529411764,0.0,18.558294327621663,0.0,416.76782915286367,0.0,427.0,0.0,382.0,0.0,340.0,0.0,288.0,0.0,239.0,0.0,166.0,0.0,84.0,0.0,41.0,0.0,16.0,0.0,14.052444435645521,0.0,20.663978319771825,0.0,19.544820285692065,0.0,18.439088914585774,0.0,16.97056274847714,0.0,15.459624833740307,0.0,12.884098726725126,0.0,9.16515138991168,0.0,6.4031242374328485,0.0,4.0,0.0,,,,,,,,,,,,,,,,,,,,,4.016235982424774,0.0,,,,,,,,,,,,,,,,,,,,,14.052256676753954,0.0,18.666151070694944,0.0,17.81141223373013,0.0,16.607751152348886,0.0,14.958611569632144,0.0,13.161949964154552,0.0,10.586716390108137,0.0,7.15181292597496,0.0,5.299948851509275,0.0,2.652864054134033,0.0
Dzvrr,329.3176470588235,0.0,16.90604745645088,0.0,386.93822058081065,0.0,340.0,0.0,310.0,0.0,267.0,0.0,230.0,0.0,187.0,0.0,127.0,0.0,65.0,0.0,12.0,0.0,2.0,0.0,12.976938947872735,0.0,18.439088914585774,0.0,17.60681686165901,0.0,16.34013463836819,0.0,15.165750888103101,0.0,13.674794331177344,0.0,11.269427669584644,0.0,8.06225774829855,0.0,3.4641016151377544,0.0,1.4142135623730951,0.0,,,,,,,,,,,,,,,,,,,,,9.629225003933328,0.0,,,,,,,,,,,,,,,,,,,,,12.97706977941779,0.0,16.42720148213029,0.0,15.68454075823201,0.0,14.38615410552625,0.0,13.153157075139179,0.0,11.507177538213249,0.0,8.842980659271378,0.0,5.519075451775322,0.0,2.1132621168687216,0.0,0.6176763749902401,0.0
Dzzmn,432.6235294117647,0.0,19.40383161327762,0.0,442.8352198761916,0.0,473.0,0.0,424.0,0.0,370.0,0.0,315.0,0.0,269.0,0.0,185.0,0.0,112.0,0.0,61.0,0.0,45.0,0.0,14.791097326366353,0.0,21.748563170931547,0.0,20.591260281974,0.0,19.235384061671343,0.0,17.74823934929885,0.0,16.401219466856727,0.0,13.601470508735444,0.0,10.583005244258363,0.0,7.810249675906654,0.0,6.708203932499369,0.0,,,,,,,,,,,,,,,,,,,,,4.07601781280035,0.0,,,,,,,,,,,,,,,,,,,,,14.791102704628656,0.0,19.804184868286644,0.0,18.8435536237255,0.0,17.509333200342315,0.0,15.90083581424892,0.0,14.363890322375187,0.0,11.3964508604161,0.0,8.60621202502699,0.0,6.460813338385387,0.0,5.681686528589635,0.0
Dämon,453.71764705882356,0.0,19.692638608848245,0.0,423.3669452745982,0.0,489.0,0.0,437.0,0.0,378.0,0.0,313.0,0.0,250.0,0.0,174.0,0.0,107.0,0.0,57.0,0.0,49.0,0.0,14.252648307209547,0.0,22.11334438749598,0.0,20.904544960366874,0.0,19.44222209522358,0.0,17.69180601295413,0.0,15.811388300841896,0.0,13.19090595827292,0.0,10.344080432788601,0.0,7.54983443527075,0.0,7.0,0.0,,,,,,,,,,,,,,,,,,,,,3.1199054436571214,0.0,,,,,,,,,,,,,,,,,,,,,14.252550947364599,0.0,20.111531000939106,0.0,19.107464299179238,0.0,17.764730574540497,0.0,15.979477572049904,0.0,13.904847129219165,0.0,11.268377749894539,0.0,8.590922580992647,0.0,6.552408985211084,0.0,5.9772287054144035,0.0
Dänen,409.26666666666665,0.0,18.745037738847962,0.0,345.95936940658066,0.0,415.0,0.0,380.0,0.0,319.0,0.0,253.0,0.0,183.0,0.0,91.0,0.0,32.0,0.0,9.0,0.0,5.0,0.0,11.734142770590921,0.0,20.37154878746336,0.0,19.493588689617926,0.0,17.86057109949175,0.0,15.905973720586866,0.0,13.527749258468683,0.0,9.539392014169456,0.0,5.656854249492381,0.0,3.0,0.0,2.23606797749979,0.0,,,,,,,,,,,,,,,,,,,,,3.2469889676396675,0.0,,,,,,,,,,,,,,,,,,,,,11.734075462961583,0.0,18.59234127524647,0.0,17.845865114653282,0.0,16.176456371197702,0.0,14.050972177792298,0.0,11.489361917993227,0.0,7.594472509982305,0.0,3.827650969496861,0.0,2.4043516195381254,0.0,1.912422272232873,0.0
Dänin,389.6392156862745,0.0,18.299462052713054,0.0,364.13835664514954,0.0,395.0,0.0,365.0,0.0,311.0,0.0,252.0,0.0,198.0,0.0,109.0,0.0,46.0,0.0,13.0,0.0,5.0,0.0,12.41474392080709,0.0,19.87460691435179,0.0,19.1049731745428,0.0,17.635192088548397,0.0,15.874507866387544,0.0,14.071247279470288,0.0,10.44030650891055,0.0,6.782329983125268,0.0,3.605551275463989,0.0,2.23606797749979,0.0,,,,,,,,,,,,,,,,,,,,,5.382576533779582,0.0,,,,,,,,,,,,,,,,,,,,,12.414512267839177,0.0,18.194452792698513,0.0,17.538628119058433,0.0,15.9321861671005,0.0,14.040786959037797,0.0,12.033085876307513,0.0,8.362951512316549,0.0,4.747270747776121,0.0,2.9922361565995583,0.0,1.912422272232873,0.0
Därme,421.3686274509804,0.0,19.00485581123934,0.0,422.80048513416034,0.0,455.0,0.0,402.0,0.0,343.0,0.0,289.0,0.0,238.0,0.0,167.0,0.0,108.0,0.0,57.0,0.0,49.0,0.0,14.201855317434147,0.0,21.330729007701542,0.0,20.049937655763422,0.0,18.520259177452136,0.0,17.0,0.0,15.427248620541512,0.0,12.922847983320086,0.0,10.392304845413264,0.0,7.54983443527075,0.0,7.0,0.0,,,,,,,,,,,,,,,,,,,,,3.521814527384545,0.0,,,,,,,,,,,,,,,,,,,,,14.201883631107064,0.0,19.352961160376566,0.0,18.29164219908973,0.0,16.799395402003864,0.0,15.318117847548772,0.0,13.609641990492507,0.0,11.102458447034,0.0,8.677924937831962,0.0,6.548776551825835,0.0,5.975718296039376,0.0
Döhnö,439.90588235294115,0.0,19.421008692228277,0.0,380.76597608615157,0.0,476.0,0.0,420.0,0.0,360.0,0.0,288.0,0.0,206.0,0.0,123.0,0.0,66.0,0.0,35.0,0.0,10.0,0.0,12.83321684243626,0.0,21.817424229271428,0.0,20.493901531919196,0.0,18.973665961010276,0.0,16.97056274847714,0.0,14.352700094407323,0.0,11.090536506409418,0.0,8.12403840463596,0.0,5.916079783099616,0.0,3.1622776601683795,0.0,,,,,,,,,,,,,,,,,,,,,2.0899867783381696,0.0,,,,,,,,,,,,,,,,,,,,,12.832235675034434,0.0,19.804644081254295,0.0,18.695046955848728,0.0,17.17887928370531,0.0,15.106252105399992,0.0,12.440087715997997,0.0,9.162952150828254,0.0,6.520450978635163,0.0,5.455800080008481,0.0,2.325727024232669,0.0
Döltö,374.5686274509804,0.0,17.869959155389857,0.0,395.89815935185794,0.0,406.0,0.0,361.0,0.0,301.0,0.0,242.0,0.0,196.0,0.0,139.0,0.0,84.0,0.0,38.0,0.0,12.0,0.0,13.299315229658514,0.0,20.149441679609886,0.0,19.0,0.0,17.349351572897472,0.0,15.556349186104045,0.0,14.0,0.0,11.789826122551595,0.0,9.16515138991168,0.0,6.164414002968976,0.0,3.4641016151377544,0.0,,,,,,,,,,,,,,,,,,,,,5.64761792509959,0.0,,,,,,,,,,,,,,,,,,,,,13.298539053519129,0.0,18.039474028844555,0.0,17.068627440990998,0.0,15.631950714091436,0.0,13.79756229958009,0.0,12.235313080979687,0.0,9.879735167940321,0.0,7.379828841024078,0.0,5.605468997777961,0.0,2.71965279940664,0.0
Döner,379.3058823529412,0.0,18.05026643614974,0.0,353.76619746067166,0.0,388.0,0.0,352.0,0.0,295.0,0.0,237.0,0.0,170.0,0.0,96.0,0.0,39.0,0.0,11.0,0.0,3.0,0.0,11.897144479735656,0.0,19.697715603592208,0.0,18.76166303929372,0.0,17.175564037317667,0.0,15.394804318340652,0.0,13.038404810405298,0.0,9.797958971132712,0.0,6.244997998398398,0.0,3.3166247903554,0.0,1.7320508075688772,0.0,,,,,,,,,,,,,,,,,,,,,7.85689927147348,0.0,,,,,,,,,,,,,,,,,,,,,11.897385537481457,0.0,17.71210149297483,0.0,16.90353893079428,0.0,15.347920970309628,0.0,13.444153745176207,0.0,11.11778499543145,0.0,7.770702742357076,0.0,4.45693440344848,0.0,2.888363367990966,0.0,1.3219081418980734,0.0
Dürre,357.87450980392157,0.0,17.56924631262959,0.0,364.30383247888153,0.0,373.0,0.0,333.0,0.0,283.0,0.0,223.0,0.0,171.0,0.0,105.0,0.0,51.0,0.0,9.0,0.0,5.0,0.0,12.192609827354193,0.0,19.313207915827967,0.0,18.24828759089466,0.0,16.822603841260722,0.0,14.933184523068078,0.0,13.076696830622021,0.0,10.246950765959598,0.0,7.14142842854285,0.0,3.0,0.0,2.23606797749979,0.0,,,,,,,,,,,,,,,,,,,,,8.087799170085404,0.0,,,,,,,,,,,,,,,,,,,,,12.192366520161057,0.0,17.42229363620715,0.0,16.3617821254744,0.0,14.915472865498932,0.0,13.009328957571645,0.0,11.125676254341807,0.0,8.301203880617006,0.0,5.158943215320533,0.0,2.412596436123427,0.0,1.912422272232873,0.0
Ebene,395.79999999999995,0.0,18.427800655145333,0.0,336.4791983542698,0.0,404.0,0.0,371.0,0.0,309.0,0.0,240.0,0.0,164.0,0.0,56.0,0.0,20.0,0.0,11.0,0.0,8.0,0.0,11.215686156500409,0.0,20.09975124224178,0.0,19.261360284258224,0.0,17.578395831246947,0.0,15.491933384829668,0.0,12.806248474865697,0.0,7.483314773547883,0.0,4.47213595499958,0.0,3.3166247903554,0.0,2.8284271247461903,0.0,,,,,,,,,,,,,,,,,,,,,3.563205170420217,0.0,,,,,,,,,,,,,,,,,,,,,11.215757455437773,0.0,18.338222012299575,0.0,17.56610729616686,0.0,15.761210573918742,0.0,13.568132157179503,0.0,10.688235298509548,0.0,5.844594421020812,0.0,3.2371774207802573,0.0,2.5700096508502486,0.0,2.104103911392494,0.0
Ecken,384.98039215686276,0.0,18.246769317939524,0.0,357.7593029942253,0.0,392.0,0.0,356.0,0.0,313.0,0.0,258.0,0.0,181.0,0.0,74.0,0.0,37.0,0.0,23.0,0.0,3.0,0.0,12.052636618518564,0.0,19.79898987322333,0.0,18.867962264113206,0.0,17.69180601295413,0.0,16.06237840420901,0.0,13.45362404707371,0.0,8.602325267042627,0.0,6.082762530298219,0.0,4.795831523312719,0.0,1.7320508075688772,0.0,,,,,,,,,,,,,,,,,,,,,2.7168187649507627,0.0,,,,,,,,,,,,,,,,,,,,,12.052932372928876,0.0,17.992332327953907,0.0,17.21739527444468,0.0,16.000121838404407,0.0,14.051585816124254,0.0,11.295342033180622,0.0,6.722347358215768,0.0,4.715614715437151,0.0,4.037124321199629,0.0,1.0076972804339992,0.0
Eenen,379.77647058823527,0.0,18.129954651650284,0.0,321.4761979196195,0.0,373.0,0.0,341.0,0.0,291.0,0.0,232.0,0.0,153.0,0.0,39.0,0.0,9.0,0.0,2.0,0.0,0.0,0.0,10.764528501258447,0.0,19.313207915827967,0.0,18.466185312619388,0.0,17.05872210923198,0.0,15.231546211727817,0.0,12.36931687685298,0.0,6.244997998398398,0.0,3.0,0.0,1.4142135623730951,0.0,0.0,0.0,,,,,,,,,,,,,,,,,,,,,2.022367155667698,0.0,,,,,,,,,,,,,,,,,,,,,10.764815592428748,0.0,17.60403016843695,0.0,16.796201041800103,0.0,15.3608406157189,0.0,13.220197921272216,0.0,10.165241015553063,0.0,4.172925381861859,0.0,1.557183458526582,0.0,0.6925234642715711,0.0,0.0,0.0
Eiche,351.8,0.0,17.427541430378927,0.0,357.7331710820084,0.0,366.0,0.0,313.0,0.0,275.0,0.0,225.0,0.0,159.0,0.0,73.0,0.0,42.0,0.0,23.0,0.0,2.0,0.0,12.046157640737231,0.0,19.131126469708992,0.0,17.69180601295413,0.0,16.583123951777,0.0,15.0,0.0,12.609520212918492,0.0,8.54400374531753,0.0,6.48074069840786,0.0,4.795831523312719,0.0,1.4142135623730951,0.0,,,,,,,,,,,,,,,,,,,,,4.369929043188625,0.0,,,,,,,,,,,,,,,,,,,,,12.046071651223974,0.0,17.153683476118605,0.0,15.881459480330635,0.0,14.721822740777887,0.0,13.01999209728677,0.0,10.512373381386654,0.0,6.767576384051662,0.0,5.223378148894614,0.0,4.248155189268867,0.0,0.6618696519470317,0.0
Eifer,316.27450980392155,0.0,16.527821196703105,0.0,366.7860515154704,0.0,317.0,0.0,283.0,0.0,246.0,0.0,209.0,0.0,156.0,0.0,84.0,0.0,53.0,0.0,22.0,0.0,7.0,0.0,12.422909657481766,0.0,17.804493814764857,0.0,16.822603841260722,0.0,15.684387141358123,0.0,14.45683229480096,0.0,12.489995996796797,0.0,9.16515138991168,0.0,7.280109889280518,0.0,4.69041575982343,0.0,2.6457513110645907,0.0,,,,,,,,,,,,,,,,,,,,,4.727111796342189,0.0,,,,,,,,,,,,,,,,,,,,,12.423228819914716,0.0,15.825677298799096,0.0,15.00460635464298,0.0,13.923984449318715,0.0,12.4673500876772,0.0,10.464278992973236,0.0,7.3217551765671605,0.0,5.771608054801887,0.0,3.880828761638595,0.0,1.983529229327966,0.0
Eiter,306.66666666666663,0.0,16.254317735899974,0.0,356.4595419167251,0.0,309.0,0.0,277.0,0.0,236.0,0.0,200.0,0.0,142.0,0.0,68.0,0.0,40.0,0.0,11.0,0.0,0.0,0.0,11.983350965155324,0.0,17.578395831246947,0.0,16.64331697709324,0.0,15.362291495737216,0.0,14.142135623730951,0.0,11.916375287812984,0.0,8.246211251235321,0.0,6.324555320336759,0.0,3.3166247903554,0.0,0.0,0.0,,,,,,,,,,,,,,,,,,,,,4.90596011643165,0.0,,,,,,,,,,,,,,,,,,,,,11.983632423013043,0.0,15.454160569139873,0.0,14.672419478206573,0.0,13.567806358202485,0.0,12.126717979932865,0.0,9.87062823366114,0.0,6.415443133041119,0.0,4.646355828596376,0.0,2.3214341178532285,0.0,0.0,0.0
Ekzem,436.1333333333333,0.0,19.478896002227387,0.0,434.9538809383033,0.0,477.0,0.0,430.0,0.0,371.0,0.0,314.0,0.0,247.0,0.0,150.0,0.0,109.0,0.0,79.0,0.0,60.0,0.0,14.577645519649817,0.0,21.840329667841555,0.0,20.73644135332772,0.0,19.261360284258224,0.0,17.72004514666935,0.0,15.716233645501712,0.0,12.24744871391589,0.0,10.44030650891055,0.0,8.888194417315589,0.0,7.745966692414834,0.0,,,,,,,,,,,,,,,,,,,,,4.986521331362689,0.0,,,,,,,,,,,,,,,,,,,,,14.577289085963127,0.0,19.786969342481292,0.0,18.892397397853756,0.0,17.5185006518671,0.0,15.83259207262004,0.0,13.805197999382111,0.0,10.482616881503372,0.0,9.036625388420243,0.0,7.584999051800279,0.0,6.586332345161707,0.0
Elend,388.56470588235294,0.0,18.392056523828476,0.0,378.74700968918444,0.0,400.0,0.0,372.0,0.0,317.0,0.0,269.0,0.0,190.0,0.0,97.0,0.0,59.0,0.0,35.0,0.0,16.0,0.0,12.828238067514146,0.0,20.0,0.0,19.28730152198591,0.0,17.804493814764857,0.0,16.401219466856727,0.0,13.784048752090222,0.0,9.848857801796104,0.0,7.681145747868608,0.0,5.916079783099616,0.0,4.0,0.0,,,,,,,,,,,,,,,,,,,,,6.1404754275084645,0.0,,,,,,,,,,,,,,,,,,,,,12.828150648130698,0.0,18.147197099733585,0.0,17.60627914565883,0.0,16.096608892619145,0.0,14.548684884843073,0.0,11.756989583101493,0.0,8.104010312748805,0.0,6.440835216757352,0.0,5.179097004370927,0.0,3.2260022954724956,0.0
Elfen,355.0823529411765,0.0,17.572587963952977,0.0,374.2276467078638,0.0,359.0,0.0,327.0,0.0,284.0,0.0,236.0,0.0,179.0,0.0,94.0,0.0,61.0,0.0,32.0,0.0,14.0,0.0,12.74610461730515,0.0,18.947295321496416,0.0,18.083141320025124,0.0,16.852299546352718,0.0,15.362291495737216,0.0,13.379088160259652,0.0,9.695359714832659,0.0,7.810249675906654,0.0,5.656854249492381,0.0,3.7416573867739413,0.0,,,,,,,,,,,,,,,,,,,,,3.769407485451225,0.0,,,,,,,,,,,,,,,,,,,,,12.74645336397678,0.0,17.119513006665162,0.0,16.377312611790128,0.0,15.235060992005568,0.0,13.484736931290392,0.0,11.373558339418281,0.0,8.010272649038509,0.0,6.5268277304787174,0.0,4.9612381102498055,0.0,2.983112555081097,0.0
Elite,311.63529411764705,0.0,16.433270048143243,0.0,373.8462740238598,0.0,322.0,0.0,285.0,0.0,243.0,0.0,206.0,0.0,161.0,0.0,86.0,0.0,58.0,0.0,24.0,0.0,7.0,0.0,12.628028378561675,0.0,17.944358444926362,0.0,16.881943016134134,0.0,15.588457268119896,0.0,14.352700094407323,0.0,12.68857754044952,0.0,9.273618495495704,0.0,7.615773105863909,0.0,4.898979485566356,0.0,2.6457513110645907,0.0,,,,,,,,,,,,,,,,,,,,,5.043482012447764,0.0,,,,,,,,,,,,,,,,,,,,,12.628364513270284,0.0,15.966589303359166,0.0,15.000202382230455,0.0,13.930982540209511,0.0,12.531708234686327,0.0,10.77713210757214,0.0,7.625166258078037,0.0,6.171283392745824,0.0,4.253685789308517,0.0,2.2271431221184588,0.0
Elste,322.8078431372549,0.0,16.66285262010819,0.0,360.18368118829494,0.0,335.0,0.0,291.0,0.0,240.0,0.0,203.0,0.0,153.0,0.0,74.0,0.0,50.0,0.0,22.0,0.0,7.0,0.0,12.150459333819008,0.0,18.303005217723125,0.0,17.05872210923198,0.0,15.491933384829668,0.0,14.247806848775006,0.0,12.36931687685298,0.0,8.602325267042627,0.0,7.0710678118654755,0.0,4.69041575982343,0.0,2.6457513110645907,0.0,,,,,,,,,,,,,,,,,,,,,4.279198709536288,0.0,,,,,,,,,,,,,,,,,,,,,12.150513214185775,0.0,16.240882994026833,0.0,15.175252179204712,0.0,13.788858513447455,0.0,12.402682946521272,0.0,10.342985438227688,0.0,6.951472016344576,0.0,5.735670154128011,0.0,3.9161065840005045,0.0,2.2271431221184588,0.0
Emgab,482.8549019607843,0.0,20.30445393683865,0.0,454.2293561511066,0.0,538.0,0.0,491.0,0.0,419.0,0.0,350.0,0.0,277.0,0.0,173.0,0.0,123.0,0.0,83.0,0.0,68.0,0.0,15.082745525836906,0.0,23.194827009486403,0.0,22.15851980616034,0.0,20.46948949045872,0.0,18.708286933869708,0.0,16.64331697709324,0.0,13.152946437965905,0.0,11.090536506409418,0.0,9.1104335791443,0.0,8.246211251235321,0.0,,,,,,,,,,,,,,,,,,,,,3.7256074139742483,0.0,,,,,,,,,,,,,,,,,,,,,15.082917536935032,0.0,21.214647107914082,0.0,20.351720512509164,0.0,18.81611677806574,0.0,16.88128917184272,0.0,14.704844337932107,0.0,11.38431642436652,0.0,9.363881279549808,0.0,7.5295704145604905,0.0,6.671191821595541,0.0
Enbel,386.16862745098035,0.0,18.26750054924869,0.0,364.7162035349727,0.0,399.0,0.0,373.0,0.0,323.0,0.0,246.0,0.0,169.0,0.0,82.0,0.0,47.0,0.0,33.0,0.0,10.0,0.0,12.267585262290229,0.0,19.974984355438178,0.0,19.313207915827967,0.0,17.97220075561143,0.0,15.684387141358123,0.0,13.0,0.0,9.055385138137417,0.0,6.855654600401044,0.0,5.744562646538029,0.0,3.1622776601683795,0.0,,,,,,,,,,,,,,,,,,,,,5.13176370063864,0.0,,,,,,,,,,,,,,,,,,,,,12.267914736448834,0.0,18.257324484266686,0.0,17.64389911113995,0.0,16.231806287498866,0.0,13.670694715788498,0.0,10.98180191493075,0.0,7.4142662694534005,0.0,5.564209988116909,0.0,4.705687844357379,0.0,2.2386181575997384,0.0
Enden,412.4078431372549,0.0,18.905589920909456,0.0,346.0721343473364,0.0,421.0,0.0,388.0,0.0,336.0,0.0,267.0,0.0,175.0,0.0,62.0,0.0,33.0,0.0,19.0,0.0,9.0,0.0,11.633166061520726,0.0,20.518284528683193,0.0,19.697715603592208,0.0,18.33030277982336,0.0,16.34013463836819,0.0,13.228756555322953,0.0,7.874007874011811,0.0,5.744562646538029,0.0,4.358898943540674,0.0,3.0,0.0,,,,,,,,,,,,,,,,,,,,,2.2375478893620366,0.0,,,,,,,,,,,,,,,,,,,,,11.633479053570266,0.0,18.813588558401037,0.0,18.04974544854418,0.0,16.68740040841513,0.0,14.366674845937464,0.0,11.042277437383655,0.0,5.978522056021246,0.0,4.622678239275979,0.0,3.7177190496214902,0.0,2.5150661115962025,0.0
Engel,397.38823529411764,0.0,18.57358734511429,0.0,377.90025701041765,0.0,415.0,0.0,379.0,0.0,327.0,0.0,262.0,0.0,183.0,0.0,95.0,0.0,60.0,0.0,46.0,0.0,24.0,0.0,12.748127273411272,0.0,20.37154878746336,0.0,19.467922333931785,0.0,18.083141320025124,0.0,16.186414056238647,0.0,13.527749258468683,0.0,9.746794344808963,0.0,7.745966692414834,0.0,6.782329983125268,0.0,4.898979485566356,0.0,,,,,,,,,,,,,,,,,,,,,5.0352124383407775,0.0,,,,,,,,,,,,,,,,,,,,,12.74849709663378,0.0,18.515285059031758,0.0,17.810859272695158,0.0,16.4372305394342,0.0,14.221993248695387,0.0,11.553207646287891,0.0,7.95743630589029,0.0,6.271358250468358,0.0,5.372949563537892,0.0,3.3738329492262906,0.0
Ennus,382.2392156862745,0.0,18.15370700564777,0.0,327.4763021276243,0.0,387.0,0.0,357.0,0.0,300.0,0.0,230.0,0.0,148.0,0.0,46.0,0.0,10.0,0.0,2.0,0.0,0.0,0.0,10.936110185213556,0.0,19.672315572906,0.0,18.894443627691185,0.0,17.320508075688775,0.0,15.165750888103101,0.0,12.165525060596439,0.0,6.782329983125268,0.0,3.1622776601683795,0.0,1.4142135623730951,0.0,0.0,0.0,,,,,,,,,,,,,,,,,,,,,3.694060532161827,0.0,,,,,,,,,,,,,,,,,,,,,10.936318391357931,0.0,17.848051692652852,0.0,17.14378720751063,0.0,15.532146182606581,0.0,12.934154835122724,0.0,9.95610938528296,0.0,4.434415428114108,0.0,1.8574753188030209,0.0,0.7187909436737252,0.0,0.0,0.0
Enten,369.3176470588235,0.0,17.86010656133274,0.0,335.5560703862983,0.0,368.0,0.0,341.0,0.0,294.0,0.0,229.0,0.0,153.0,0.0,54.0,0.0,22.0,0.0,6.0,0.0,0.0,0.0,11.256746350041606,0.0,19.183326093250876,0.0,18.466185312619388,0.0,17.146428199482248,0.0,15.132745950421556,0.0,12.36931687685298,0.0,7.3484692283495345,0.0,4.69041575982343,0.0,2.449489742783178,0.0,0.0,0.0,,,,,,,,,,,,,,,,,,,,,3.2361909803482174,0.0,,,,,,,,,,,,,,,,,,,,,11.256783896020254,0.0,17.379092539600897,0.0,16.7256550609829,0.0,15.517981197033714,0.0,13.089313349614574,0.0,10.208547289368246,0.0,5.379778872540321,0.0,3.2449665204402596,0.0,1.3721937161970579,0.0,0.0,0.0
Entok,389.01960784313724,0.0,18.323402574073956,0.0,367.830883635293,0.0,407.0,0.0,371.0,0.0,325.0,0.0,257.0,0.0,181.0,0.0,92.0,0.0,53.0,0.0,23.0,0.0,5.0,0.0,12.359353564840687,0.0,20.174241001832016,0.0,19.261360284258224,0.0,18.027756377319946,0.0,16.0312195418814,0.0,13.45362404707371,0.0,9.591663046625438,0.0,7.280109889280518,0.0,4.795831523312719,0.0,2.23606797749979,0.0,,,,,,,,,,,,,,,,,,,,,3.6998738917309013,0.0,,,,,,,,,,,,,,,,,,,,,12.359643820103114,0.0,18.2849098451855,0.0,17.44831888152563,0.0,16.27367246659703,0.0,14.043554814292449,0.0,11.360617468966106,0.0,7.669497019007556,0.0,5.714856557376364,0.0,4.051142473374237,0.0,1.4706755745363886,0.0
Enuel,366.8509803921569,0.0,17.869284440427887,0.0,352.6971626265812,0.0,378.0,0.0,350.0,0.0,296.0,0.0,235.0,0.0,153.0,0.0,61.0,0.0,35.0,0.0,24.0,0.0,8.0,0.0,11.854914272167438,0.0,19.44222209522358,0.0,18.708286933869708,0.0,17.204650534085253,0.0,15.329709716755891,0.0,12.36931687685298,0.0,7.810249675906654,0.0,5.916079783099616,0.0,4.898979485566356,0.0,2.8284271247461903,0.0,,,,,,,,,,,,,,,,,,,,,5.3241037149181105,0.0,,,,,,,,,,,,,,,,,,,,,11.855310015482967,0.0,17.615805524755995,0.0,16.966043072471198,0.0,15.469116707822353,0.0,13.23847447378222,0.0,10.177435207173193,0.0,6.10816885477522,0.0,4.83273134954873,0.0,4.095071745403798,0.0,2.1360381094173597,0.0
Epfel,373.2392156862745,0.0,18.01087970572046,0.0,388.5722863398422,0.0,383.0,0.0,347.0,0.0,301.0,0.0,247.0,0.0,188.0,0.0,111.0,0.0,81.0,0.0,56.0,0.0,31.0,0.0,13.230778294446736,0.0,19.570385790780925,0.0,18.627936010197157,0.0,17.349351572897472,0.0,15.716233645501712,0.0,13.711309200802088,0.0,10.535653752852738,0.0,9.0,0.0,7.483314773547883,0.0,5.5677643628300215,0.0,,,,,,,,,,,,,,,,,,,,,6.663233046233167,0.0,,,,,,,,,,,,,,,,,,,,,13.230859171057054,0.0,17.638024240868813,0.0,16.911183905661197,0.0,15.668568577395076,0.0,13.889962427806072,0.0,11.824523456509219,0.0,8.936167353089962,0.0,7.766514356732681,0.0,6.472902002252161,0.0,4.51309256751881,0.0
Eptek,403.6392156862745,0.0,18.701087065714827,0.0,379.7446139849302,0.0,425.0,0.0,385.0,0.0,331.0,0.0,269.0,0.0,195.0,0.0,101.0,0.0,66.0,0.0,42.0,0.0,21.0,0.0,12.820145843980502,0.0,20.615528128088304,0.0,19.621416870348583,0.0,18.193405398660254,0.0,16.401219466856727,0.0,13.96424004376894,0.0,10.04987562112089,0.0,8.12403840463596,0.0,6.48074069840786,0.0,4.58257569495584,0.0,,,,,,,,,,,,,,,,,,,,,3.832470118822024,0.0,,,,,,,,,,,,,,,,,,,,,12.820382073004753,0.0,18.60533488269991,0.0,17.81094981630071,0.0,16.449761854355888,0.0,14.520432140102686,0.0,11.998886004004595,0.0,8.478834262180255,0.0,6.830254830261347,0.0,5.573483572857119,0.0,3.7466259723859867,0.0
Erain,336.0235294117647,0.0,17.018382534730602,0.0,354.31501459182016,0.0,326.0,0.0,306.0,0.0,263.0,0.0,217.0,0.0,166.0,0.0,76.0,0.0,40.0,0.0,13.0,0.0,0.0,0.0,12.038601165370716,0.0,18.05547008526779,0.0,17.4928556845359,0.0,16.217274740226856,0.0,14.730919862656235,0.0,12.884098726725126,0.0,8.717797887081348,0.0,6.324555320336759,0.0,3.605551275463989,0.0,0.0,0.0,,,,,,,,,,,,,,,,,,,,,3.9076868528823243,0.0,,,,,,,,,,,,,,,,,,,,,12.038619894124095,0.0,16.378630118155872,0.0,15.816912415936903,0.0,14.5201502514991,0.0,12.819928791702502,0.0,10.726409726776152,0.0,6.6169722518401395,0.0,4.529630172365302,0.0,2.5812498990447437,0.0,0.0,0.0
Erdöl,374.71764705882356,0.0,17.997822500612468,0.0,397.31031389287,0.0,395.0,0.0,359.0,0.0,311.0,0.0,264.0,0.0,190.0,0.0,112.0,0.0,85.0,0.0,53.0,0.0,21.0,0.0,13.381025162514794,0.0,19.87460691435179,0.0,18.947295321496416,0.0,17.635192088548397,0.0,16.24807680927192,0.0,13.784048752090222,0.0,10.583005244258363,0.0,9.219544457292887,0.0,7.280109889280518,0.0,4.58257569495584,0.0,,,,,,,,,,,,,,,,,,,,,4.081742061259503,0.0,,,,,,,,,,,,,,,,,,,,,13.380869159478097,0.0,17.968588601358938,0.0,17.115703699470433,0.0,15.847317995955134,0.0,14.386427362971967,0.0,11.737221669676693,0.0,8.747352572391936,0.0,7.692124372739262,0.0,6.29750866766834,0.0,3.685299968116637,0.0
Ernst,332.05098039215693,0.0,16.884089091116376,0.0,348.0723519422907,0.0,328.0,0.0,297.0,0.0,251.0,0.0,213.0,0.0,158.0,0.0,64.0,0.0,34.0,0.0,13.0,0.0,0.0,0.0,11.772597521451742,0.0,18.110770276274835,0.0,17.233687939614086,0.0,15.84297951775486,0.0,14.594519519326424,0.0,12.569805089976535,0.0,8.0,0.0,5.830951894845301,0.0,3.605551275463989,0.0,0.0,0.0,,,,,,,,,,,,,,,,,,,,,4.515138534255806,0.0,,,,,,,,,,,,,,,,,,,,,11.7722837067964,0.0,16.113443689653796,0.0,15.459194068320164,0.0,14.036667871359738,0.0,12.626886683084022,0.0,10.342973301410625,0.0,5.910967318564693,0.0,4.179777049444113,0.0,2.2136248767651665,0.0,0.0,0.0
Erron,339.9019607843137,0.0,17.13396432714898,0.0,351.908947850102,0.0,334.0,0.0,310.0,0.0,270.0,0.0,223.0,0.0,158.0,0.0,75.0,0.0,40.0,0.0,8.0,0.0,0.0,0.0,11.830596051818207,0.0,18.275666882497067,0.0,17.60681686165901,0.0,16.431676725154983,0.0,14.933184523068078,0.0,12.569805089976535,0.0,8.660254037844387,0.0,6.324555320336759,0.0,2.8284271247461903,0.0,0.0,0.0,,,,,,,,,,,,,,,,,,,,,4.5049284005974295,0.0,,,,,,,,,,,,,,,,,,,,,11.830784130588334,0.0,16.52781728086629,0.0,15.793921421740368,0.0,14.583127139223315,0.0,12.94390415335784,0.0,10.295768615903603,0.0,6.495652656292735,0.0,4.464622874710504,0.0,1.7973530153593622,0.0,0.0,0.0
Esaun,372.7137254901961,0.0,17.852873017281137,0.0,332.8657960168779,0.0,374.0,0.0,345.0,0.0,288.0,0.0,218.0,0.0,151.0,0.0,55.0,0.0,17.0,0.0,2.0,0.0,1.0,0.0,11.161340948056331,0.0,19.339079605813716,0.0,18.57417562100671,0.0,16.97056274847714,0.0,14.7648230602334,0.0,12.288205727444508,0.0,7.416198487095663,0.0,4.123105625617661,0.0,1.4142135623730951,0.0,1.0,0.0,,,,,,,,,,,,,,,,,,,,,3.367763514915582,0.0,,,,,,,,,,,,,,,,,,,,,11.160853241068486,0.0,17.422128589346677,0.0,16.743743390256874,0.0,15.19680916633267,0.0,12.601516904004692,0.0,10.04633566103968,0.0,5.104968145420742,0.0,2.52364245246134,0.0,0.603300150865872,0.0,0.3917743058796373,0.0
Esche,362.97254901960787,0.0,17.644191488187225,0.0,341.4307794272877,0.0,372.0,0.0,322.0,0.0,278.0,0.0,218.0,0.0,148.0,0.0,60.0,0.0,29.0,0.0,18.0,0.0,3.0,0.0,11.414617767604833,0.0,19.28730152198591,0.0,17.944358444926362,0.0,16.673332000533065,0.0,14.7648230602334,0.0,12.165525060596439,0.0,7.745966692414834,0.0,5.385164807134504,0.0,4.242640687119285,0.0,1.7320508075688772,0.0,,,,,,,,,,,,,,,,,,,,,3.3554930764528925,0.0,,,,,,,,,,,,,,,,,,,,,11.413951621035842,0.0,17.277516786906286,0.0,16.09673333615844,0.0,14.80340482222083,0.0,12.766506763766037,0.0,10.046038785061699,0.0,5.896114013067808,0.0,4.368604976360588,0.0,3.8041781280975306,0.0,0.7687948332748952,0.0
Eschu,373.8901960784314,0.0,17.918904852019622,0.0,352.0190357789814,0.0,391.0,0.0,348.0,0.0,297.0,0.0,233.0,0.0,159.0,0.0,67.0,0.0,30.0,0.0,18.0,0.0,3.0,0.0,11.76866575743341,0.0,19.77371993328519,0.0,18.65475810617763,0.0,17.233687939614086,0.0,15.264337522473747,0.0,12.609520212918492,0.0,8.18535277187245,0.0,5.477225575051661,0.0,4.242640687119285,0.0,1.7320508075688772,0.0,,,,,,,,,,,,,,,,,,,,,4.152436010272747,0.0,,,,,,,,,,,,,,,,,,,,,11.767862248993062,0.0,17.733569227316746,0.0,16.756203673848795,0.0,15.332305617877994,0.0,13.085951949044912,0.0,10.362033697784396,0.0,6.2362958288674175,0.0,4.41615171751286,0.0,3.8041781280975306,0.0,0.7687948332748952,0.0
Eslom,391.9294117647059,0.0,18.35912330937852,0.0,430.0141655395456,0.0,425.0,0.0,378.0,0.0,327.0,0.0,278.0,0.0,223.0,0.0,149.0,0.0,112.0,0.0,72.0,0.0,52.0,0.0,14.434231715609679,0.0,20.615528128088304,0.0,19.44222209522358,0.0,18.083141320025124,0.0,16.673332000533065,0.0,14.933184523068078,0.0,12.206555615733702,0.0,10.583005244258363,0.0,8.48528137423857,0.0,7.211102550927978,0.0,,,,,,,,,,,,,,,,,,,,,8.152487189440038,0.0,,,,,,,,,,,,,,,,,,,,,14.434033320398687,0.0,18.43822915756522,0.0,17.519666623992265,0.0,16.416921207882627,0.0,14.91413316761171,0.0,13.081453901844675,0.0,10.424278913014453,0.0,9.108913898537859,0.0,7.418100218381614,0.0,6.089250586153805,0.0
Essen,348.6549019607843,0.0,17.251326278352295,0.0,324.8127919376476,0.0,346.0,0.0,308.0,0.0,253.0,0.0,203.0,0.0,137.0,0.0,45.0,0.0,15.0,0.0,5.0,0.0,1.0,0.0,10.849248641449845,0.0,18.601075237738275,0.0,17.549928774784245,0.0,15.905973720586866,0.0,14.247806848775006,0.0,11.704699910719626,0.0,6.708203932499369,0.0,3.872983346207417,0.0,2.23606797749979,0.0,1.0,0.0,,,,,,,,,,,,,,,,,,,,,3.612506733670489,0.0,,,,,,,,,,,,,,,,,,,,,10.849079869821095,0.0,16.633377148357997,0.0,15.768172459400542,0.0,14.182435172823775,0.0,12.2215256906445,0.0,9.41907094823453,0.0,4.5090818374466135,0.0,2.2645969386016795,0.0,1.0984136795824593,0.0,0.3917743058796373,0.0
Essig,356.2705882352941,0.0,17.41457096269347,0.0,368.92395488279277,0.0,376.0,0.0,330.0,0.0,270.0,0.0,223.0,0.0,170.0,0.0,89.0,0.0,54.0,0.0,31.0,0.0,17.0,0.0,12.416833743578737,0.0,19.390719429665317,0.0,18.16590212458495,0.0,16.431676725154983,0.0,14.933184523068078,0.0,13.038404810405298,0.0,9.433981132056603,0.0,7.3484692283495345,0.0,5.5677643628300215,0.0,4.123105625617661,0.0,,,,,,,,,,,,,,,,,,,,,6.093650822568976,0.0,,,,,,,,,,,,,,,,,,,,,12.416566132328956,0.0,17.365805525794446,0.0,16.476787640659907,0.0,14.66566592443572,0.0,12.992879098500389,0.0,10.958776839769952,0.0,7.371125565169912,0.0,5.546574103448057,0.0,4.060700628332725,0.0,2.636391241497725,0.0
Estar,322.5254901960784,0.0,16.560207165401494,0.0,344.1278062594988,0.0,319.0,0.0,289.0,0.0,243.0,0.0,195.0,0.0,142.0,0.0,69.0,0.0,33.0,0.0,5.0,0.0,1.0,0.0,11.559500683794065,0.0,17.86057109949175,0.0,17.0,0.0,15.588457268119896,0.0,13.96424004376894,0.0,11.916375287812984,0.0,8.306623862918075,0.0,5.744562646538029,0.0,2.23606797749979,0.0,1.0,0.0,,,,,,,,,,,,,,,,,,,,,4.819772309005932,0.0,,,,,,,,,,,,,,,,,,,,,11.55956139793789,0.0,15.757312741564522,0.0,15.07359460797117,0.0,13.774429310005935,0.0,11.920494922066563,0.0,9.784841334180708,0.0,6.206614930889769,0.0,3.9910697341279575,0.0,1.218236861419301,0.0,0.3917743058796373,0.0
Etage,387.035294117647,0.0,18.174612930433707,0.0,364.9818594379782,0.0,409.0,0.0,360.0,0.0,304.0,0.0,238.0,0.0,173.0,0.0,86.0,0.0,52.0,0.0,31.0,0.0,19.0,0.0,12.275996927182108,0.0,20.223748416156685,0.0,18.973665961010276,0.0,17.435595774162696,0.0,15.427248620541512,0.0,13.152946437965905,0.0,9.273618495495704,0.0,7.211102550927978,0.0,5.5677643628300215,0.0,4.358898943540674,0.0,,,,,,,,,,,,,,,,,,,,,4.500089465422841,0.0,,,,,,,,,,,,,,,,,,,,,12.275894474958953,0.0,18.141673284566114,0.0,17.091674445886028,0.0,15.644176336739209,0.0,13.486756524663535,0.0,11.1621038497421,0.0,7.5382754308229805,0.0,5.656786879620076,0.0,4.083400608545342,0.0,2.823474658968615,0.0
Ethik,382.678431372549,0.0,18.25738109995486,0.0,402.13627410484963,0.0,416.0,0.0,367.0,0.0,324.0,0.0,277.0,0.0,215.0,0.0,114.0,0.0,75.0,0.0,48.0,0.0,11.0,0.0,13.55095075961321,0.0,20.396078054371138,0.0,19.157244060668017,0.0,18.0,0.0,16.64331697709324,0.0,14.66287829861518,0.0,10.677078252031311,0.0,8.660254037844387,0.0,6.928203230275509,0.0,3.3166247903554,0.0,,,,,,,,,,,,,,,,,,,,,3.8159354009584696,0.0,,,,,,,,,,,,,,,,,,,,,13.550246584735422,0.0,18.473092228537503,0.0,17.423696702879145,0.0,16.243382811614687,0.0,14.792876312166118,0.0,12.651864947700975,0.0,9.032336426877043,0.0,7.197826005493717,0.0,6.061244764681931,0.0,2.0838385737906315,0.0
Etlas,327.49411764705883,0.0,16.735889004669705,0.0,361.4338100984567,0.0,336.0,0.0,297.0,0.0,245.0,0.0,201.0,0.0,155.0,0.0,89.0,0.0,50.0,0.0,25.0,0.0,8.0,0.0,12.25052595756761,0.0,18.33030277982336,0.0,17.233687939614086,0.0,15.652475842498529,0.0,14.177446878757825,0.0,12.449899597988733,0.0,9.433981132056603,0.0,7.0710678118654755,0.0,5.0,0.0,2.8284271247461903,0.0,,,,,,,,,,,,,,,,,,,,,3.947676834548005,0.0,,,,,,,,,,,,,,,,,,,,,12.250799610978966,0.0,16.227547765128563,0.0,15.363765526240018,0.0,13.873383171544845,0.0,12.277440812636993,0.0,10.496081526658106,0.0,7.699746583127545,0.0,5.729312813347627,0.0,4.377417876041566,0.0,2.0397281987622526,0.0
Euter,337.21176470588233,0.0,17.043433670937777,0.0,337.77776724898933,0.0,342.0,0.0,310.0,0.0,261.0,0.0,203.0,0.0,133.0,0.0,50.0,0.0,24.0,0.0,5.0,0.0,0.0,0.0,11.228966799589818,0.0,18.49324200890693,0.0,17.60681686165901,0.0,16.15549442140351,0.0,14.247806848775006,0.0,11.532562594670797,0.0,7.0710678118654755,0.0,4.898979485566356,0.0,2.23606797749979,0.0,0.0,0.0,,,,,,,,,,,,,,,,,,,,,6.549571009809874,0.0,,,,,,,,,,,,,,,,,,,,,11.229298646182801,0.0,16.402180896244023,0.0,15.609655113878164,0.0,14.325103983348903,0.0,12.154299584761079,0.0,9.492038236473418,0.0,5.228546296581073,0.0,3.468051050957356,0.0,1.2630786460460597,0.0,0.0,0.0
Fabal,364.8509803921569,0.0,17.650915918349167,0.0,360.44006149892056,0.0,374.0,0.0,346.0,0.0,288.0,0.0,218.0,0.0,158.0,0.0,89.0,0.0,50.0,0.0,30.0,0.0,10.0,0.0,12.18001481649485,0.0,19.339079605813716,0.0,18.601075237738275,0.0,16.97056274847714,0.0,14.7648230602334,0.0,12.569805089976535,0.0,9.433981132056603,0.0,7.0710678118654755,0.0,5.477225575051661,0.0,3.1622776601683795,0.0,,,,,,,,,,,,,,,,,,,,,4.278607909612428,0.0,,,,,,,,,,,,,,,,,,,,,12.17995408330918,0.0,17.51107174121229,0.0,16.905091610443694,0.0,15.07662605513563,0.0,12.865539430275497,0.0,10.505306101035801,0.0,7.772872389317743,0.0,5.6758916156731445,0.0,4.6235622903464115,0.0,2.2386181575997384,0.0
Fabel,360.16470588235296,0.0,17.581681074898782,0.0,356.4694055014261,0.0,370.0,0.0,343.0,0.0,284.0,0.0,216.0,0.0,147.0,0.0,75.0,0.0,44.0,0.0,31.0,0.0,10.0,0.0,11.979774209079054,0.0,19.235384061671343,0.0,18.520259177452136,0.0,16.852299546352718,0.0,14.696938456699069,0.0,12.12435565298214,0.0,8.660254037844387,0.0,6.6332495807108,0.0,5.5677643628300215,0.0,3.1622776601683795,0.0,,,,,,,,,,,,,,,,,,,,,4.464277158985128,0.0,,,,,,,,,,,,,,,,,,,,,11.979865128356835,0.0,17.37444608404906,0.0,16.770469600062448,0.0,14.979571157889032,0.0,12.779685438774901,0.0,10.125137839516439,0.0,7.189612760672787,0.0,5.432097887175588,0.0,4.65099838741558,0.0,2.2386181575997384,0.0
Falke,360.3058823529412,0.0,17.702492455549663,0.0,362.3306420131038,0.0,373.0,0.0,330.0,0.0,282.0,0.0,225.0,0.0,164.0,0.0,87.0,0.0,51.0,0.0,35.0,0.0,7.0,0.0,12.238822403031747,0.0,19.313207915827967,0.0,18.16590212458495,0.0,16.792855623746664,0.0,15.0,0.0,12.806248474865697,0.0,9.327379053088816,0.0,7.14142842854285,0.0,5.916079783099616,0.0,2.6457513110645907,0.0,,,,,,,,,,,,,,,,,,,,,3.750374141724321,0.0,,,,,,,,,,,,,,,,,,,,,12.23888789103951,0.0,17.46321965187901,0.0,16.53172041435337,0.0,14.97929687681303,0.0,13.158284312527153,0.0,10.8200879681853,0.0,7.795237938313343,0.0,6.056064423616889,0.0,5.460678514933528,0.0,1.852178220648916,0.0
Falle,320.2980392156863,0.0,16.70548835032019,0.0,361.3979782027084,0.0,325.0,0.0,289.0,0.0,241.0,0.0,194.0,0.0,149.0,0.0,82.0,0.0,54.0,0.0,32.0,0.0,10.0,0.0,12.229076078569506,0.0,18.027756377319946,0.0,17.0,0.0,15.524174696260024,0.0,13.92838827718412,0.0,12.206555615733702,0.0,9.055385138137417,0.0,7.3484692283495345,0.0,5.656854249492381,0.0,3.1622776601683795,0.0,,,,,,,,,,,,,,,,,,,,,3.411219034484509,0.0,,,,,,,,,,,,,,,,,,,,,12.229267863984676,0.0,16.207555797364538,0.0,15.361873781641105,0.0,13.761308402389481,0.0,12.156617655493173,0.0,10.29473908645282,0.0,7.561190565658198,0.0,6.266738010949483,0.0,5.412030021876012,0.0,2.4288058989325174,0.0
Falte,319.47058823529414,0.0,16.590471735394445,0.0,347.5743764392714,0.0,323.0,0.0,288.0,0.0,236.0,0.0,187.0,0.0,138.0,0.0,67.0,0.0,41.0,0.0,19.0,0.0,5.0,0.0,11.698573853517804,0.0,17.97220075561143,0.0,16.97056274847714,0.0,15.362291495737216,0.0,13.674794331177344,0.0,11.74734012447073,0.0,8.18535277187245,0.0,6.4031242374328485,0.0,4.358898943540674,0.0,2.23606797749979,0.0,,,,,,,,,,,,,,,,,,,,,3.27975266928827,0.0,,,,,,,,,,,,,,,,,,,,,11.698900391777594,0.0,16.004378084030915,0.0,15.167760063388757,0.0,13.58553418071499,0.0,11.823772630352016,0.0,9.764979732130332,0.0,6.627706697593677,0.0,5.277614991282145,0.0,3.9735443616330546,0.0,1.728702033370433,0.0
Fanda,391.0901960784314,0.0,18.310504818202695,0.0,339.3587150019023,0.0,393.0,0.0,356.0,0.0,300.0,0.0,242.0,0.0,159.0,0.0,72.0,0.0,31.0,0.0,16.0,0.0,9.0,0.0,11.467002917621086,0.0,19.82422760159901,0.0,18.867962264113206,0.0,17.320508075688775,0.0,15.556349186104045,0.0,12.609520212918492,0.0,8.48528137423857,0.0,5.5677643628300215,0.0,4.0,0.0,3.0,0.0,,,,,,,,,,,,,,,,,,,,,4.814577340480935,0.0,,,,,,,,,,,,,,,,,,,,,11.466922537490273,0.0,18.02868624963193,0.0,17.211357227969653,0.0,15.509421792688896,0.0,13.6745850324987,0.0,10.445561540167327,0.0,6.490894491142474,0.0,4.49077809376968,0.0,3.619940692728586,0.0,2.4773383361263903,0.0
Fanft,342.46274509803925,0.0,17.136263263812047,0.0,349.5646553981628,0.0,338.0,0.0,309.0,0.0,261.0,0.0,210.0,0.0,159.0,0.0,72.0,0.0,43.0,0.0,18.0,0.0,7.0,0.0,11.89423840772394,0.0,18.384776310850235,0.0,17.578395831246947,0.0,16.15549442140351,0.0,14.491376746189438,0.0,12.609520212918492,0.0,8.48528137423857,0.0,6.557438524302,0.0,4.242640687119285,0.0,2.6457513110645907,0.0,,,,,,,,,,,,,,,,,,,,,3.440436078646029,0.0,,,,,,,,,,,,,,,,,,,,,11.893810690301502,0.0,16.488728098038,0.0,15.903829896292088,0.0,14.335109981355956,0.0,12.614730654757823,0.0,10.491410487871265,0.0,6.640407147660471,0.0,5.25307968849606,0.0,3.5120083130333475,0.0,1.9949946886188294,0.0
Faran,343.8588235294118,0.0,17.170228071465555,0.0,328.2129436601841,0.0,333.0,0.0,307.0,0.0,254.0,0.0,199.0,0.0,141.0,0.0,61.0,0.0,24.0,0.0,0.0,0.0,0.0,0.0,11.040051056662959,0.0,18.24828759089466,0.0,17.52141546793523,0.0,15.937377450509228,0.0,14.106735979665885,0.0,11.874342087037917,0.0,7.810249675906654,0.0,4.898979485566356,0.0,0.0,0.0,0.0,0.0,,,,,,,,,,,,,,,,,,,,,3.9158934404676713,0.0,,,,,,,,,,,,,,,,,,,,,11.0400457082587,0.0,16.511123501885628,0.0,15.871245857498359,0.0,14.085726278391048,0.0,12.130410705943424,0.0,9.57822693025184,0.0,5.76484076584439,0.0,3.2705491605035646,0.0,0.0,0.0,0.0,0.0
Farbe,355.19607843137254,0.0,17.414533872712315,0.0,336.0300191947904,0.0,361.0,0.0,329.0,0.0,273.0,0.0,203.0,0.0,138.0,0.0,59.0,0.0,28.0,0.0,9.0,0.0,2.0,0.0,11.14698171102723,0.0,19.0,0.0,18.138357147217054,0.0,16.522711641858304,0.0,14.247806848775006,0.0,11.74734012447073,0.0,7.681145747868608,0.0,5.291502622129181,0.0,3.0,0.0,1.4142135623730951,0.0,,,,,,,,,,,,,,,,,,,,,3.524197432341727,0.0,,,,,,,,,,,,,,,,,,,,,11.146748014058835,0.0,17.197774064412453,0.0,16.354269737727858,0.0,14.548051074397351,0.0,12.275141234319998,0.0,9.64689093257438,0.0,6.041202321802689,0.0,3.810674837869005,0.0,2.2869579908649196,0.0,0.6618696519470317,0.0
Farmt,369.62745098039215,0.0,17.817877833033176,0.0,408.79896790879275,0.0,388.0,0.0,349.0,0.0,297.0,0.0,255.0,0.0,206.0,0.0,128.0,0.0,95.0,0.0,52.0,0.0,44.0,0.0,13.780248771412111,0.0,19.697715603592208,0.0,18.681541692269406,0.0,17.233687939614086,0.0,15.968719422671311,0.0,14.352700094407323,0.0,11.313708498984761,0.0,9.746794344808963,0.0,7.211102550927978,0.0,6.6332495807108,0.0,,,,,,,,,,,,,,,,,,,,,5.1499948475898885,0.0,,,,,,,,,,,,,,,,,,,,,13.78048541803983,0.0,17.620047907896648,0.0,16.898478290986827,0.0,15.447154511575583,0.0,14.228507630394699,0.0,12.40351671897526,0.0,9.607196276546901,0.0,8.318130002033413,0.0,6.199530301190619,0.0,5.6613953851328915,0.0
Faser,316.50588235294117,0.0,16.43770807710561,0.0,320.94642493648905,0.0,310.0,0.0,277.0,0.0,219.0,0.0,177.0,0.0,111.0,0.0,41.0,0.0,15.0,0.0,3.0,0.0,0.0,0.0,10.627584741167048,0.0,17.60681686165901,0.0,16.64331697709324,0.0,14.798648586948742,0.0,13.30413469565007,0.0,10.535653752852738,0.0,6.4031242374328485,0.0,3.872983346207417,0.0,1.7320508075688772,0.0,0.0,0.0,,,,,,,,,,,,,,,,,,,,,3.9500683154365688,0.0,,,,,,,,,,,,,,,,,,,,,10.627629207027418,0.0,15.56754624288415,0.0,14.811850926327587,0.0,12.815511819293278,0.0,11.243355880362571,0.0,8.257740791479097,0.0,4.367462376418778,0.0,2.450977496542457,0.0,0.9190078189597055,0.0,0.0,0.0
Faune,364.69019607843137,0.0,17.71662627583092,0.0,319.0329645557791,0.0,368.0,0.0,337.0,0.0,276.0,0.0,212.0,0.0,125.0,0.0,34.0,0.0,7.0,0.0,0.0,0.0,0.0,0.0,10.570387825517741,0.0,19.183326093250876,0.0,18.35755975068582,0.0,16.61324772583615,0.0,14.560219778561036,0.0,11.180339887498949,0.0,5.830951894845301,0.0,2.6457513110645907,0.0,0.0,0.0,0.0,0.0,,,,,,,,,,,,,,,,,,,,,2.8104464891299203,0.0,,,,,,,,,,,,,,,,,,,,,10.570591617713406,0.0,17.318181388067195,0.0,16.58231715307514,0.0,14.719681790429627,0.0,12.519884980499889,0.0,8.769910628378643,0.0,3.911606889733466,0.0,1.332698045694108,0.0,0.0,0.0,0.0,0.0
Fausa,346.7098039215686,0.0,17.150481278197933,0.0,320.0572439412215,0.0,350.0,0.0,311.0,0.0,247.0,0.0,194.0,0.0,123.0,0.0,40.0,0.0,11.0,0.0,2.0,0.0,0.0,0.0,10.629478141802977,0.0,18.708286933869708,0.0,17.635192088548397,0.0,15.716233645501712,0.0,13.92838827718412,0.0,11.090536506409418,0.0,6.324555320336759,0.0,3.3166247903554,0.0,1.4142135623730951,0.0,0.0,0.0,,,,,,,,,,,,,,,,,,,,,2.4828346395918213,0.0,,,,,,,,,,,,,,,,,,,,,10.629169537577074,0.0,16.721465528849563,0.0,15.807173918886107,0.0,13.790368634094065,0.0,11.804738239391357,0.0,8.649195091588163,0.0,4.313361264238064,0.0,1.8860893917725363,0.0,0.7705191819566715,0.0,0.0,0.0
Fazit,308.7529411764706,0.0,16.29077948864199,0.0,349.1937758663971,0.0,309.0,0.0,283.0,0.0,231.0,0.0,184.0,0.0,139.0,0.0,68.0,0.0,36.0,0.0,11.0,0.0,0.0,0.0,11.743542348264521,0.0,17.578395831246947,0.0,16.822603841260722,0.0,15.198684153570664,0.0,13.564659966250536,0.0,11.789826122551595,0.0,8.246211251235321,0.0,6.0,0.0,3.3166247903554,0.0,0.0,0.0,,,,,,,,,,,,,,,,,,,,,5.256420466773167,0.0,,,,,,,,,,,,,,,,,,,,,11.743470800767199,0.0,15.625993985870732,0.0,14.995915979622554,0.0,13.232700128857369,0.0,11.538793717755128,0.0,9.58321206724779,0.0,6.151156444235829,0.0,4.2919492161744435,0.0,2.341014052615495,0.0,0.0,0.0
Fcnkl,358.8705882352941,0.0,17.700515982635046,0.0,386.42305453642234,0.0,370.0,0.0,336.0,0.0,301.0,0.0,256.0,0.0,189.0,0.0,101.0,0.0,63.0,0.0,43.0,0.0,10.0,0.0,13.089107935240392,0.0,19.235384061671343,0.0,18.33030277982336,0.0,17.349351572897472,0.0,16.0,0.0,13.74772708486752,0.0,10.04987562112089,0.0,7.937253933193772,0.0,6.557438524302,0.0,3.1622776601683795,0.0,,,,,,,,,,,,,,,,,,,,,5.062610640144033,0.0,,,,,,,,,,,,,,,,,,,,,13.088969683026892,0.0,17.404839565242685,0.0,16.71273083416796,0.0,15.525079750731663,0.0,14.05693555709796,0.0,11.667941786641975,0.0,8.188315104800873,0.0,6.498158192288634,0.0,5.653983029941067,0.0,2.23586327734084,0.0
Fealt,319.4705882352941,0.0,16.590471735394445,0.0,354.42318304163155,0.0,320.0,0.0,287.0,0.0,238.0,0.0,193.0,0.0,146.0,0.0,75.0,0.0,47.0,0.0,20.0,0.0,5.0,0.0,11.97188440936362,0.0,17.88854381999832,0.0,16.941074346097416,0.0,15.427248620541512,0.0,13.892443989449804,0.0,12.083045973594572,0.0,8.660254037844387,0.0,6.855654600401044,0.0,4.47213595499958,0.0,2.23606797749979,0.0,,,,,,,,,,,,,,,,,,,,,3.8541533979266296,0.0,,,,,,,,,,,,,,,,,,,,,11.971914033607481,0.0,15.833734622178403,0.0,15.10966729200058,0.0,13.586611843055643,0.0,12.048089704698699,0.0,10.079915783829051,0.0,6.871316700970596,0.0,5.465703502425049,0.0,3.993081883128902,0.0,1.7074736544341382,0.0
Febus,367.5725490196079,0.0,17.703679536391828,0.0,337.959148571999,0.0,385.0,0.0,352.0,0.0,286.0,0.0,212.0,0.0,132.0,0.0,56.0,0.0,19.0,0.0,10.0,0.0,2.0,0.0,11.156127503612689,0.0,19.621416870348583,0.0,18.76166303929372,0.0,16.911534525287763,0.0,14.560219778561036,0.0,11.489125293076057,0.0,7.483314773547883,0.0,4.358898943540674,0.0,3.1622776601683795,0.0,1.4142135623730951,0.0,,,,,,,,,,,,,,,,,,,,,3.8156062040280365,0.0,,,,,,,,,,,,,,,,,,,,,11.155957282579843,0.0,17.587843163236535,0.0,16.797053587894982,0.0,14.926931148504064,0.0,12.315697794484414,0.0,9.372367911728148,0.0,5.721814378125547,0.0,3.0942592622664384,0.0,2.3711089853635583,0.0,0.668680288732816,0.0
Feder,352.90588235294115,0.0,17.475492368616315,0.0,346.1164362481877,0.0,359.0,0.0,324.0,0.0,271.0,0.0,225.0,0.0,141.0,0.0,58.0,0.0,35.0,0.0,18.0,0.0,9.0,0.0,11.523745535466587,0.0,18.947295321496416,0.0,18.0,0.0,16.46207763315433,0.0,15.0,0.0,11.874342087037917,0.0,7.615773105863909,0.0,5.916079783099616,0.0,4.242640687119285,0.0,3.0,0.0,,,,,,,,,,,,,,,,,,,,,4.600374031810294,0.0,,,,,,,,,,,,,,,,,,,,,11.523800241176659,0.0,16.955192961732607,0.0,16.11960775655952,0.0,14.602876340175062,0.0,13.032134627462074,0.0,9.777308444763325,0.0,5.880937466096046,0.0,4.762775388168759,0.0,3.6782733232645772,0.0,2.5150661115962025,0.0
Feier,300.64705882352945,0.0,16.12949566870336,0.0,338.4093622524049,0.0,294.0,0.0,265.0,0.0,221.0,0.0,184.0,0.0,120.0,0.0,54.0,0.0,24.0,0.0,6.0,0.0,0.0,0.0,11.272968980225818,0.0,17.146428199482248,0.0,16.278820596099706,0.0,14.866068747318506,0.0,13.564659966250536,0.0,10.954451150103322,0.0,7.3484692283495345,0.0,4.898979485566356,0.0,2.449489742783178,0.0,0.0,0.0,,,,,,,,,,,,,,,,,,,,,4.140428584027404,0.0,,,,,,,,,,,,,,,,,,,,,11.273482771401506,0.0,15.138199528236262,0.0,14.36671119910302,0.0,12.962267660456064,0.0,11.488531144921808,0.0,8.866863175181793,0.0,5.4413410526091965,0.0,3.391521790628626,0.0,1.9401385128985384,0.0,0.0,0.0
Feige,356.70196078431377,0.0,17.530798295824663,0.0,358.7069754571252,0.0,373.0,0.0,325.0,0.0,274.0,0.0,219.0,0.0,152.0,0.0,78.0,0.0,45.0,0.0,27.0,0.0,16.0,0.0,11.996326554681435,0.0,19.313207915827967,0.0,18.027756377319946,0.0,16.55294535724685,0.0,14.798648586948742,0.0,12.328828005937952,0.0,8.831760866327848,0.0,6.708203932499369,0.0,5.196152422706632,0.0,4.0,0.0,,,,,,,,,,,,,,,,,,,,,5.172528424892488,0.0,,,,,,,,,,,,,,,,,,,,,11.996256003437944,0.0,17.29590582240772,0.0,16.188507756028645,0.0,14.719086864872748,0.0,12.817799674008757,0.0,10.326706392272436,0.0,7.073025902819432,0.0,5.153835644464755,0.0,3.9554498311913564,0.0,2.609431180892979,0.0
Feind,362.0901960784314,0.0,17.716935728588027,0.0,360.0918334399712,0.0,366.0,0.0,336.0,0.0,288.0,0.0,241.0,0.0,160.0,0.0,83.0,0.0,43.0,0.0,22.0,0.0,9.0,0.0,12.14683519682491,0.0,19.131126469708992,0.0,18.33030277982336,0.0,16.97056274847714,0.0,15.524174696260024,0.0,12.649110640673518,0.0,9.1104335791443,0.0,6.557438524302,0.0,4.69041575982343,0.0,3.0,0.0,,,,,,,,,,,,,,,,,,,,,7.7233334528031845,0.0,,,,,,,,,,,,,,,,,,,,,12.146631176140643,0.0,17.261922399046096,0.0,16.593825577499867,0.0,15.206569139564033,0.0,13.609296559173874,0.0,10.584265945568193,0.0,7.193021397651874,0.0,5.198475365885471,0.0,4.060637247651334,0.0,2.3331247271656537,0.0
Felge,366.69803921568626,0.0,17.831229812664763,0.0,369.0269426289036,0.0,386.0,0.0,338.0,0.0,286.0,0.0,228.0,0.0,163.0,0.0,90.0,0.0,57.0,0.0,39.0,0.0,21.0,0.0,12.381474018560915,0.0,19.6468827043885,0.0,18.384776310850235,0.0,16.911534525287763,0.0,15.0996688705415,0.0,12.767145334803704,0.0,9.486832980505138,0.0,7.54983443527075,0.0,6.244997998398398,0.0,4.58257569495584,0.0,,,,,,,,,,,,,,,,,,,,,5.276719901568499,0.0,,,,,,,,,,,,,,,,,,,,,12.3812871901662,0.0,17.64994466090322,0.0,16.598626375235714,0.0,15.114809819613376,0.0,13.186063360915822,0.0,10.82376690809502,0.0,7.867645481473447,0.0,6.195398572182941,0.0,5.195444905743051,0.0,3.1301908699584793,0.0
Felle,315.61176470588236,0.0,16.63231846993995,0.0,365.19832268305936,0.0,322.0,0.0,283.0,0.0,240.0,0.0,198.0,0.0,150.0,0.0,83.0,0.0,55.0,0.0,33.0,0.0,10.0,0.0,12.322789263268204,0.0,17.944358444926362,0.0,16.822603841260722,0.0,15.491933384829668,0.0,14.071247279470288,0.0,12.24744871391589,0.0,9.1104335791443,0.0,7.416198487095663,0.0,5.744562646538029,0.0,3.1622776601683795,0.0,,,,,,,,,,,,,,,,,,,,,3.403495869208277,0.0,,,,,,,,,,,,,,,,,,,,,12.323078641750815,0.0,16.06839881499655,0.0,15.049616125938476,0.0,13.717255579674662,0.0,12.276001163303997,0.0,10.34549210934459,0.0,7.594984874909149,0.0,6.294686278375611,0.0,5.4323278627143665,0.0,2.4288058989325174,0.0
Ferse,311.8196078431373,0.0,16.363340841373592,0.0,323.6157389184507,0.0,308.0,0.0,267.0,0.0,216.0,0.0,175.0,0.0,116.0,0.0,43.0,0.0,20.0,0.0,3.0,0.0,0.0,0.0,10.70610899655934,0.0,17.549928774784245,0.0,16.34013463836819,0.0,14.696938456699069,0.0,13.228756555322953,0.0,10.770329614269007,0.0,6.557438524302,0.0,4.47213595499958,0.0,1.7320508075688772,0.0,0.0,0.0,,,,,,,,,,,,,,,,,,,,,3.2420476563228697,0.0,,,,,,,,,,,,,,,,,,,,,10.706134963059512,0.0,15.54700860250015,0.0,14.394495592033241,0.0,12.71974633125991,0.0,11.188019107578995,0.0,8.494427038056214,0.0,4.6724218463716936,0.0,3.011856249512697,0.0,0.9046079998481863,0.0,0.0,0.0
Feste,315.9607843137255,0.0,16.424946096922593,0.0,327.39216091227905,0.0,320.0,0.0,275.0,0.0,220.0,0.0,179.0,0.0,120.0,0.0,44.0,0.0,22.0,0.0,6.0,0.0,0.0,0.0,10.859787149156007,0.0,17.88854381999832,0.0,16.583123951777,0.0,14.832396974191326,0.0,13.379088160259652,0.0,10.954451150103322,0.0,6.6332495807108,0.0,4.69041575982343,0.0,2.449489742783178,0.0,0.0,0.0,,,,,,,,,,,,,,,,,,,,,2.93185454041082,0.0,,,,,,,,,,,,,,,,,,,,,10.859948667006341,0.0,15.759440873645483,0.0,14.590231940597056,0.0,12.954968353725201,0.0,11.398349238374314,0.0,8.763441106626008,0.0,4.783514691348242,0.0,3.341667769100052,0.0,1.3909101303457403,0.0,0.0,0.0
Fette,313.9568627450981,0.0,16.400452446380324,0.0,338.2457637825887,0.0,319.0,0.0,281.0,0.0,231.0,0.0,185.0,0.0,127.0,0.0,52.0,0.0,30.0,0.0,7.0,0.0,0.0,0.0,11.263617666773566,0.0,17.86057109949175,0.0,16.76305461424021,0.0,15.198684153570664,0.0,13.601470508735444,0.0,11.269427669584644,0.0,7.211102550927978,0.0,5.477225575051661,0.0,2.6457513110645907,0.0,0.0,0.0,,,,,,,,,,,,,,,,,,,,,3.136944019407565,0.0,,,,,,,,,,,,,,,,,,,,,11.26389990619807,0.0,15.67004947028089,0.0,14.654724170952862,0.0,13.36961659697031,0.0,11.64006104391667,0.0,9.211028968567202,0.0,5.5593175396089585,0.0,4.0761344454827375,0.0,1.5756094634340314,0.0,0.0,0.0
Feßen,396.4117647058823,0.0,18.460192320228078,0.0,371.1967833202401,0.0,409.0,0.0,374.0,0.0,316.0,0.0,265.0,0.0,185.0,0.0,95.0,0.0,57.0,0.0,33.0,0.0,13.0,0.0,12.514842657012286,0.0,20.223748416156685,0.0,19.339079605813716,0.0,17.776388834631177,0.0,16.278820596099706,0.0,13.601470508735444,0.0,9.746794344808963,0.0,7.54983443527075,0.0,5.744562646538029,0.0,3.605551275463989,0.0,,,,,,,,,,,,,,,,,,,,,4.259762197895425,0.0,,,,,,,,,,,,,,,,,,,,,12.515517921940784,0.0,18.349893214217385,0.0,17.53074329912099,0.0,16.073945596017328,0.0,14.447025826453348,0.0,11.573799533443632,0.0,8.038880772118194,0.0,6.0166061243261,0.0,4.380161414407707,0.0,2.4569395688641578,0.0
Ffscr,300.0078431372549,0.0,16.003472326023864,0.0,361.79220356736926,0.0,297.0,0.0,265.0,0.0,223.0,0.0,194.0,0.0,142.0,0.0,79.0,0.0,49.0,0.0,19.0,0.0,9.0,0.0,12.192870700025146,0.0,17.233687939614086,0.0,16.278820596099706,0.0,14.933184523068078,0.0,13.92838827718412,0.0,11.916375287812984,0.0,8.888194417315589,0.0,7.0,0.0,4.358898943540674,0.0,3.0,0.0,,,,,,,,,,,,,,,,,,,,,4.94948302806873,0.0,,,,,,,,,,,,,,,,,,,,,12.192625950487413,0.0,15.184900973789432,0.0,14.38913726677306,0.0,12.962118531837424,0.0,11.880968742591026,0.0,9.688454061945214,0.0,6.936704313504761,0.0,5.492004487924705,0.0,3.562323260894915,0.0,2.5217663651109694,0.0
Ffspr,343.3372549019608,0.0,17.201173479992928,0.0,379.6963311222876,0.0,346.0,0.0,309.0,0.0,265.0,0.0,228.0,0.0,168.0,0.0,99.0,0.0,69.0,0.0,38.0,0.0,25.0,0.0,12.874635058025596,0.0,18.601075237738275,0.0,17.578395831246947,0.0,16.278820596099706,0.0,15.0996688705415,0.0,12.96148139681572,0.0,9.9498743710662,0.0,8.306623862918075,0.0,6.164414002968976,0.0,5.0,0.0,,,,,,,,,,,,,,,,,,,,,4.475979077714564,0.0,,,,,,,,,,,,,,,,,,,,,12.874640941254649,0.0,16.588948316673722,0.0,15.73118281710148,0.0,14.358784877345544,0.0,13.116546240402187,0.0,10.854137968223913,0.0,8.154403339055019,0.0,6.865092965076131,0.0,5.236199027490116,0.0,4.270012115671441,0.0
Fgzns,381.36470588235295,0.0,18.137478324008104,0.0,360.9502136804049,0.0,401.0,0.0,358.0,0.0,295.0,0.0,237.0,0.0,162.0,0.0,84.0,0.0,45.0,0.0,25.0,0.0,18.0,0.0,12.14266447470876,0.0,20.024984394500787,0.0,18.920887928424502,0.0,17.175564037317667,0.0,15.394804318340652,0.0,12.727922061357855,0.0,9.16515138991168,0.0,6.708203932499369,0.0,5.0,0.0,4.242640687119285,0.0,,,,,,,,,,,,,,,,,,,,,4.88433026751438,0.0,,,,,,,,,,,,,,,,,,,,,12.143000225018298,0.0,18.04841860159668,0.0,17.145842640930326,0.0,15.27161897991634,0.0,13.385270577340393,0.0,10.566279544075805,0.0,7.115883510177576,0.0,5.157677781044829,0.0,3.6092251750540103,0.0,2.903287701079112,0.0
Fhlkx,388.3921568627451,0.0,18.471505743000137,0.0,403.0499607195204,0.0,410.0,0.0,373.0,0.0,331.0,0.0,276.0,0.0,210.0,0.0,125.0,0.0,78.0,0.0,55.0,0.0,19.0,0.0,13.601428074564941,0.0,20.248456731316587,0.0,19.313207915827967,0.0,18.193405398660254,0.0,16.61324772583615,0.0,14.491376746189438,0.0,11.180339887498949,0.0,8.831760866327848,0.0,7.416198487095663,0.0,4.358898943540674,0.0,,,,,,,,,,,,,,,,,,,,,3.6142291886054307,0.0,,,,,,,,,,,,,,,,,,,,,13.601740444459013,0.0,18.38846474021552,0.0,17.68702471373097,0.0,16.35716060115205,0.0,14.655764381341838,0.0,12.455151077030258,0.0,9.474384057095174,0.0,7.510918226122635,0.0,6.707488618324949,0.0,3.5286432869567297,0.0
Fhrhn,396.5568627450981,0.0,18.651742262511117,0.0,369.4770817978847,0.0,408.0,0.0,369.0,0.0,325.0,0.0,266.0,0.0,182.0,0.0,93.0,0.0,52.0,0.0,33.0,0.0,14.0,0.0,12.493724026064367,0.0,20.199009876724155,0.0,19.209372712298546,0.0,18.027756377319946,0.0,16.30950643030009,0.0,13.490737563232042,0.0,9.643650760992955,0.0,7.211102550927978,0.0,5.744562646538029,0.0,3.7416573867739413,0.0,,,,,,,,,,,,,,,,,,,,,3.739150841743547,0.0,,,,,,,,,,,,,,,,,,,,,12.493411152060688,0.0,18.447228579422294,0.0,17.554101636088994,0.0,16.202509462887292,0.0,14.372259294595528,0.0,11.352364012968858,0.0,7.88688737354574,0.0,6.127306350535073,0.0,5.339601476567576,0.0,3.0732651282249654,0.0
Fhrsm,397.98039215686276,0.0,18.56922623628204,0.0,425.22091152308315,0.0,429.0,0.0,382.0,0.0,326.0,0.0,283.0,0.0,220.0,0.0,141.0,0.0,109.0,0.0,73.0,0.0,58.0,0.0,14.30199949921413,0.0,20.71231517720798,0.0,19.544820285692065,0.0,18.05547008526779,0.0,16.822603841260722,0.0,14.832396974191326,0.0,11.874342087037917,0.0,10.44030650891055,0.0,8.54400374531753,0.0,7.615773105863909,0.0,,,,,,,,,,,,,,,,,,,,,6.805548021116027,0.0,,,,,,,,,,,,,,,,,,,,,14.302091855856064,0.0,18.620406293382274,0.0,17.71308047627473,0.0,16.301411554121714,0.0,15.010898191846037,0.0,12.921983204030532,0.0,10.273473789566253,0.0,9.07462210212049,0.0,7.420161256693511,0.0,6.550242737108283,0.0
Fiene,329.4588235294118,0.0,16.88679179193672,0.0,339.0882844284624,0.0,329.0,0.0,295.0,0.0,247.0,0.0,204.0,0.0,137.0,0.0,55.0,0.0,24.0,0.0,8.0,0.0,0.0,0.0,11.41273263302306,0.0,18.138357147217054,0.0,17.175564037317667,0.0,15.716233645501712,0.0,14.2828568570857,0.0,11.704699910719626,0.0,7.416198487095663,0.0,4.898979485566356,0.0,2.8284271247461903,0.0,0.0,0.0,,,,,,,,,,,,,,,,,,,,,4.289591865415491,0.0,,,,,,,,,,,,,,,,,,,,,11.412748422794783,0.0,16.19658204641553,0.0,15.410699446536523,0.0,13.862342974307433,0.0,12.34815754733251,0.0,9.513819837746397,0.0,5.565675366610386,0.0,3.435096176869061,0.0,2.0700452325721046,0.0,0.0,0.0
Figur,353.0196078431373,0.0,17.474746539741854,0.0,384.28060219268707,0.0,376.0,0.0,340.0,0.0,290.0,0.0,241.0,0.0,169.0,0.0,96.0,0.0,54.0,0.0,29.0,0.0,16.0,0.0,12.85980155101137,0.0,19.390719429665317,0.0,18.439088914585774,0.0,17.029386365926403,0.0,15.524174696260024,0.0,13.0,0.0,9.797958971132712,0.0,7.3484692283495345,0.0,5.385164807134504,0.0,4.0,0.0,,,,,,,,,,,,,,,,,,,,,5.563154007583472,0.0,,,,,,,,,,,,,,,,,,,,,12.859613789579338,0.0,17.25197026474142,0.0,16.494632829475446,0.0,15.121843779166982,0.0,13.353912708491965,0.0,10.885150883258854,0.0,7.76514773111076,0.0,5.536166880082318,0.0,4.014331265846582,0.0,2.6099998410952274,0.0
Filet,295.156862745098,0.0,16.00931918145162,0.0,371.0843509812018,0.0,301.0,0.0,267.0,0.0,224.0,0.0,193.0,0.0,146.0,0.0,86.0,0.0,56.0,0.0,27.0,0.0,5.0,0.0,12.551546857443965,0.0,17.349351572897472,0.0,16.34013463836819,0.0,14.966629547095765,0.0,13.892443989449804,0.0,12.083045973594572,0.0,9.273618495495704,0.0,7.483314773547883,0.0,5.196152422706632,0.0,2.23606797749979,0.0,,,,,,,,,,,,,,,,,,,,,3.3494392122030976,0.0,,,,,,,,,,,,,,,,,,,,,12.551662424449704,0.0,15.148174794011336,0.0,14.457642774130976,0.0,13.150583698629633,0.0,12.023703040541365,0.0,10.110976657670248,0.0,7.575482052722607,0.0,6.005730154157056,0.0,4.477127055278274,0.0,1.728702033370433,0.0
Final,324.51372549019607,0.0,16.78454049691042,0.0,370.38381887244725,0.0,326.0,0.0,293.0,0.0,252.0,0.0,216.0,0.0,166.0,0.0,92.0,0.0,56.0,0.0,28.0,0.0,8.0,0.0,12.66572295060096,0.0,18.05547008526779,0.0,17.11724276862369,0.0,15.874507866387544,0.0,14.696938456699069,0.0,12.884098726725126,0.0,9.591663046625438,0.0,7.483314773547883,0.0,5.291502622129181,0.0,2.8284271247461903,0.0,,,,,,,,,,,,,,,,,,,,,3.481627955723946,0.0,,,,,,,,,,,,,,,,,,,,,12.66598750302943,0.0,16.165181922925083,0.0,15.443156844294002,0.0,14.059631327303904,0.0,12.818055141099638,0.0,10.773778845741935,0.0,7.659880522602825,0.0,5.877952156958288,0.0,4.474242633592528,0.0,2.1360381094173597,0.0
Finne,343.6705882352941,0.0,17.275273179812224,0.0,340.9957628376973,0.0,341.0,0.0,307.0,0.0,267.0,0.0,221.0,0.0,149.0,0.0,58.0,0.0,25.0,0.0,7.0,0.0,0.0,0.0,11.565272650496428,0.0,18.466185312619388,0.0,17.52141546793523,0.0,16.34013463836819,0.0,14.866068747318506,0.0,12.206555615733702,0.0,7.615773105863909,0.0,5.0,0.0,2.6457513110645907,0.0,0.0,0.0,,,,,,,,,,,,,,,,,,,,,4.261288223543399,0.0,,,,,,,,,,,,,,,,,,,,,11.565997657546403,0.0,16.65771468857322,0.0,15.844354050519003,0.0,14.537386871004967,0.0,12.936919193469233,0.0,9.97944003174907,0.0,5.604916875422998,0.0,3.4707813231455233,0.0,2.0071385088597786,0.0,0.0,0.0
Finte,319.0,0.0,16.59674328702732,0.0,349.8986010210224,0.0,323.0,0.0,285.0,0.0,243.0,0.0,205.0,0.0,149.0,0.0,61.0,0.0,35.0,0.0,10.0,0.0,0.0,0.0,11.827862249313775,0.0,17.97220075561143,0.0,16.881943016134134,0.0,15.588457268119896,0.0,14.317821063276353,0.0,12.206555615733702,0.0,7.810249675906654,0.0,5.916079783099616,0.0,3.1622776601683795,0.0,0.0,0.0,,,,,,,,,,,,,,,,,,,,,3.1566523472672317,0.0,,,,,,,,,,,,,,,,,,,,,11.827824161146106,0.0,15.992385822784538,0.0,15.044648439814607,0.0,13.845598948005298,0.0,12.460288142083229,0.0,10.09366850560229,0.0,5.997449008156923,0.0,4.4447131486474225,0.0,2.2724932140756686,0.0,0.0,0.0
Firma,360.4588235294118,0.0,17.62618765784255,0.0,423.2880511753093,0.0,381.0,0.0,334.0,0.0,295.0,0.0,265.0,0.0,217.0,0.0,145.0,0.0,104.0,0.0,56.0,0.0,44.0,0.0,14.273606632933754,0.0,19.519221295943137,0.0,18.275666882497067,0.0,17.175564037317667,0.0,16.278820596099706,0.0,14.730919862656235,0.0,12.041594578792296,0.0,10.198039027185569,0.0,7.483314773547883,0.0,6.6332495807108,0.0,,,,,,,,,,,,,,,,,,,,,8.090051540147277,0.0,,,,,,,,,,,,,,,,,,,,,14.273519829937685,0.0,17.52484726221555,0.0,16.51106604916796,0.0,15.469033184548659,0.0,14.55806631271978,0.0,12.801659579593972,0.0,10.21437998585468,0.0,8.590316495833333,0.0,6.430793550316783,0.0,5.6613953851328915,0.0
First,281.73333333333335,0.0,15.541587621285052,0.0,358.75690728997057,0.0,283.0,0.0,247.0,0.0,204.0,0.0,179.0,0.0,138.0,0.0,75.0,0.0,47.0,0.0,12.0,0.0,0.0,0.0,12.097908959907485,0.0,16.822603841260722,0.0,15.716233645501712,0.0,14.2828568570857,0.0,13.379088160259652,0.0,11.74734012447073,0.0,8.660254037844387,0.0,6.855654600401044,0.0,3.4641016151377544,0.0,0.0,0.0,,,,,,,,,,,,,,,,,,,,,3.5203610110749772,0.0,,,,,,,,,,,,,,,,,,,,,12.098267987645547,0.0,14.576170128448425,0.0,13.767411100738794,0.0,12.311806169367502,0.0,11.415303985590677,0.0,9.514037556434085,0.0,6.691301116389351,0.0,5.016322234878073,0.0,2.389288811005767,0.0,0.0,0.0
Fisir,272.56470588235294,0.0,15.321444666436213,0.0,363.99846954615504,0.0,272.0,0.0,240.0,0.0,201.0,0.0,182.0,0.0,139.0,0.0,78.0,0.0,46.0,0.0,14.0,0.0,0.0,0.0,12.287700919616217,0.0,16.492422502470642,0.0,15.491933384829668,0.0,14.177446878757825,0.0,13.490737563232042,0.0,11.789826122551595,0.0,8.831760866327848,0.0,6.782329983125268,0.0,3.7416573867739413,0.0,0.0,0.0,,,,,,,,,,,,,,,,,,,,,4.853197479009182,0.0,,,,,,,,,,,,,,,,,,,,,12.287212804567645,0.0,14.44346781311454,0.0,13.633044046394097,0.0,12.213851151420405,0.0,11.504927655225536,0.0,9.584193360206276,0.0,6.755770580740472,0.0,4.901438780670162,0.0,2.8346111171017725,0.0,0.0,0.0
Fitis,276.7058823529412,0.0,15.387221889038786,0.0,362.78738516196756,0.0,281.0,0.0,248.0,0.0,203.0,0.0,177.0,0.0,135.0,0.0,77.0,0.0,48.0,0.0,15.0,0.0,0.0,0.0,12.261032932603424,0.0,16.76305461424021,0.0,15.748015748023622,0.0,14.247806848775006,0.0,13.30413469565007,0.0,11.61895003862225,0.0,8.774964387392123,0.0,6.928203230275509,0.0,3.872983346207417,0.0,0.0,0.0,,,,,,,,,,,,,,,,,,,,,4.391413167204992,0.0,,,,,,,,,,,,,,,,,,,,,12.260866890113986,0.0,14.535094423613787,0.0,13.722658101326616,0.0,12.41550469603952,0.0,11.402386262273446,0.0,9.601626695743466,0.0,6.935100282749265,0.0,5.156110443253367,0.0,2.9258430411977407,0.0,0.0,0.0
Fjerd,342.7098039215686,0.0,17.240093913293432,0.0,390.1032552853165,0.0,358.0,0.0,332.0,0.0,280.0,0.0,243.0,0.0,180.0,0.0,100.0,0.0,64.0,0.0,34.0,0.0,16.0,0.0,13.069843276147884,0.0,18.920887928424502,0.0,18.2208671582886,0.0,16.73320053068151,0.0,15.588457268119896,0.0,13.416407864998739,0.0,10.0,0.0,8.0,0.0,5.830951894845301,0.0,4.0,0.0,,,,,,,,,,,,,,,,,,,,,6.517331550869702,0.0,,,,,,,,,,,,,,,,,,,,,13.069971791070587,0.0,16.9555022040467,0.0,16.408633270831743,0.0,14.893572555728037,0.0,13.76846669220757,0.0,11.363336768109884,0.0,8.219683952033952,0.0,6.483467497695767,0.0,4.8772265468002916,0.0,3.079251122034427,0.0
Fjqrf,338.94901960784307,0.0,17.12893682455848,0.0,413.0842483930096,0.0,359.0,0.0,329.0,0.0,284.0,0.0,246.0,0.0,191.0,0.0,120.0,0.0,92.0,0.0,51.0,0.0,27.0,0.0,13.861560938001858,0.0,18.947295321496416,0.0,18.138357147217054,0.0,16.852299546352718,0.0,15.684387141358123,0.0,13.820274961085254,0.0,10.954451150103322,0.0,9.591663046625438,0.0,7.14142842854285,0.0,5.196152422706632,0.0,,,,,,,,,,,,,,,,,,,,,4.273520014611692,0.0,,,,,,,,,,,,,,,,,,,,,13.86129089468275,0.0,16.985057727957432,0.0,16.283693179581824,0.0,14.982703522614676,0.0,13.885630779054663,0.0,11.73220754705733,0.0,9.153387824611759,0.0,7.816402903651474,0.0,5.962061428149875,0.0,3.9841151121210285,0.0
Fkckt,374.2078431372549,0.0,18.0174911812376,0.0,390.94385483230843,0.0,393.0,0.0,354.0,0.0,314.0,0.0,259.0,0.0,199.0,0.0,111.0,0.0,69.0,0.0,43.0,0.0,16.0,0.0,13.181098597118579,0.0,19.82422760159901,0.0,18.81488772222678,0.0,17.72004514666935,0.0,16.09347693943108,0.0,14.106735979665885,0.0,10.535653752852738,0.0,8.306623862918075,0.0,6.557438524302,0.0,4.0,0.0,,,,,,,,,,,,,,,,,,,,,4.156091304422861,0.0,,,,,,,,,,,,,,,,,,,,,13.180299762891082,0.0,17.75883445568806,0.0,17.04343154078087,0.0,15.746147661473838,0.0,14.168779796278702,0.0,12.093580668227654,0.0,8.764767644428298,0.0,6.830407117207339,0.0,5.694726354940961,0.0,3.1463519321219997,0.0
Fkhrt,371.2274509803922,0.0,18.009782040184387,0.0,389.75291984892453,0.0,391.0,0.0,349.0,0.0,307.0,0.0,261.0,0.0,199.0,0.0,103.0,0.0,68.0,0.0,40.0,0.0,17.0,0.0,13.138066115071064,0.0,19.77371993328519,0.0,18.681541692269406,0.0,17.52141546793523,0.0,16.15549442140351,0.0,14.106735979665885,0.0,10.14889156509222,0.0,8.246211251235321,0.0,6.324555320336759,0.0,4.123105625617661,0.0,,,,,,,,,,,,,,,,,,,,,7.001473628095879,0.0,,,,,,,,,,,,,,,,,,,,,13.13751795399119,0.0,17.762225914107017,0.0,16.92557698477422,0.0,15.623162065042651,0.0,14.294053971403944,0.0,12.038671363146154,0.0,8.417294905687092,0.0,6.900358464901235,0.0,5.596805339762985,0.0,3.2343272999400847,0.0
Flash,352.5098039215686,0.0,17.46489244975274,0.0,372.8160558619698,0.0,368.0,0.0,323.0,0.0,270.0,0.0,226.0,0.0,170.0,0.0,94.0,0.0,58.0,0.0,35.0,0.0,12.0,0.0,12.6502029690487,0.0,19.183326093250876,0.0,17.97220075561143,0.0,16.431676725154983,0.0,15.033296378372908,0.0,13.038404810405298,0.0,9.695359714832659,0.0,7.615773105863909,0.0,5.916079783099616,0.0,3.4641016151377544,0.0,,,,,,,,,,,,,,,,,,,,,6.450928037690296,0.0,,,,,,,,,,,,,,,,,,,,,12.650318884451979,0.0,17.17083410536098,0.0,16.218657644132946,0.0,14.655464900992072,0.0,13.184920089132472,0.0,10.91505462593265,0.0,8.006413091343727,0.0,6.411508491799155,0.0,5.331734720090506,0.0,2.6707677091228623,0.0
Fldfl,347.3921568627451,0.0,17.453202326050764,0.0,424.18364771214783,0.0,369.0,0.0,334.0,0.0,292.0,0.0,256.0,0.0,205.0,0.0,137.0,0.0,111.0,0.0,69.0,0.0,31.0,0.0,14.312794968467072,0.0,19.209372712298546,0.0,18.275666882497067,0.0,17.08800749063506,0.0,16.0,0.0,14.317821063276353,0.0,11.704699910719626,0.0,10.535653752852738,0.0,8.306623862918075,0.0,5.5677643628300215,0.0,,,,,,,,,,,,,,,,,,,,,4.8051067866948705,0.0,,,,,,,,,,,,,,,,,,,,,14.312044654183257,0.0,17.298050701917223,0.0,16.519736643465713,0.0,15.395376735470641,0.0,14.312423335719487,0.0,12.398639488369206,0.0,10.047898416496642,0.0,9.038319832889648,0.0,7.336333235435752,0.0,4.453142407165068,0.0
Fleck,344.6588235294118,0.0,17.321574398379628,0.0,383.974287349526,0.0,359.0,0.0,327.0,0.0,277.0,0.0,236.0,0.0,179.0,0.0,99.0,0.0,63.0,0.0,36.0,0.0,12.0,0.0,12.935807490558767,0.0,18.947295321496416,0.0,18.083141320025124,0.0,16.64331697709324,0.0,15.362291495737216,0.0,13.379088160259652,0.0,9.9498743710662,0.0,7.937253933193772,0.0,6.0,0.0,3.4641016151377544,0.0,,,,,,,,,,,,,,,,,,,,,6.1006457578295255,0.0,,,,,,,,,,,,,,,,,,,,,12.935331237434458,0.0,17.016219818952635,0.0,16.31726677224839,0.0,14.770772196295756,0.0,13.494294789304233,0.0,11.337856719638145,0.0,8.322558527969107,0.0,6.609640860492992,0.0,5.349232012462509,0.0,2.6707677091228623,0.0
Flegs,358.24313725490197,0.0,17.57967352325293,0.0,378.29715452751344,0.0,380.0,0.0,338.0,0.0,275.0,0.0,229.0,0.0,167.0,0.0,95.0,0.0,62.0,0.0,40.0,0.0,23.0,0.0,12.723701746052832,0.0,19.493588689617926,0.0,18.384776310850235,0.0,16.583123951777,0.0,15.132745950421556,0.0,12.922847983320086,0.0,9.746794344808963,0.0,7.874007874011811,0.0,6.324555320336759,0.0,4.795831523312719,0.0,,,,,,,,,,,,,,,,,,,,,5.759067497037669,0.0,,,,,,,,,,,,,,,,,,,,,12.72330148417155,0.0,17.34344282613572,0.0,16.54637426686437,0.0,14.740370677693184,0.0,13.209246320039343,0.0,10.969990481176005,0.0,8.091994691293817,0.0,6.442998543356987,0.0,5.0989086013600815,0.0,3.4290407951979125,0.0
Flert,300.1843137254902,0.0,16.15774269448431,0.0,372.4992084511068,0.0,302.0,0.0,278.0,0.0,231.0,0.0,200.0,0.0,157.0,0.0,84.0,0.0,55.0,0.0,21.0,0.0,7.0,0.0,12.552258661190063,0.0,17.378147196982766,0.0,16.673332000533065,0.0,15.198684153570664,0.0,14.142135623730951,0.0,12.529964086141668,0.0,9.16515138991168,0.0,7.416198487095663,0.0,4.58257569495584,0.0,2.6457513110645907,0.0,,,,,,,,,,,,,,,,,,,,,4.169253022332116,0.0,,,,,,,,,,,,,,,,,,,,,12.551823679906427,0.0,15.280612957044296,0.0,14.788570307251758,0.0,13.289442433282908,0.0,12.272843247284014,0.0,10.470829510846619,0.0,7.430574922953683,0.0,5.969939791704556,0.0,3.867191479357637,0.0,2.2271431221184588,0.0
Flfvd,351.5333333333334,0.0,17.475392046585196,0.0,412.6594204307082,0.0,367.0,0.0,336.0,0.0,294.0,0.0,257.0,0.0,198.0,0.0,132.0,0.0,95.0,0.0,51.0,0.0,23.0,0.0,13.93982905654148,0.0,19.157244060668017,0.0,18.33030277982336,0.0,17.146428199482248,0.0,16.0312195418814,0.0,14.071247279470288,0.0,11.489125293076057,0.0,9.746794344808963,0.0,7.14142842854285,0.0,4.795831523312719,0.0,,,,,,,,,,,,,,,,,,,,,7.538233145333185,0.0,,,,,,,,,,,,,,,,,,,,,13.939869604487448,0.0,17.16187083970105,0.0,16.49026528815981,0.0,15.447107887962277,0.0,14.18679292827852,0.0,12.06779064142215,0.0,9.577124132522425,0.0,8.128996965477537,0.0,6.1905814108843344,0.0,3.788145899710756,0.0
Flich,325.69019607843137,0.0,16.85475825448094,0.0,389.50860067006295,0.0,341.0,0.0,303.0,0.0,264.0,0.0,227.0,0.0,173.0,0.0,105.0,0.0,65.0,0.0,37.0,0.0,12.0,0.0,13.143364107078503,0.0,18.466185312619388,0.0,17.406895185529212,0.0,16.24807680927192,0.0,15.066519173319364,0.0,13.152946437965905,0.0,10.246950765959598,0.0,8.06225774829855,0.0,6.082762530298219,0.0,3.4641016151377544,0.0,,,,,,,,,,,,,,,,,,,,,6.939172931996724,0.0,,,,,,,,,,,,,,,,,,,,,13.143306356637025,0.0,16.53360750212945,0.0,15.639537524215763,0.0,14.441866711906778,0.0,13.22619366433989,0.0,11.121717184621394,0.0,8.526942392758224,0.0,6.773599887531683,0.0,5.579885390466371,0.0,2.6707677091228623,0.0
Flirt,280.55686274509804,0.0,15.63862271969664,0.0,386.6355524779094,0.0,283.0,0.0,258.0,0.0,222.0,0.0,196.0,0.0,160.0,0.0,100.0,0.0,67.0,0.0,24.0,0.0,7.0,0.0,13.047597325839028,0.0,16.822603841260722,0.0,16.06237840420901,0.0,14.89966442575134,0.0,14.0,0.0,12.649110640673518,0.0,10.0,0.0,8.18535277187245,0.0,4.898979485566356,0.0,2.6457513110645907,0.0,,,,,,,,,,,,,,,,,,,,,4.845825983482089,0.0,,,,,,,,,,,,,,,,,,,,,13.047600783135053,0.0,14.742972125784362,0.0,14.148424359334143,0.0,13.029628797387868,0.0,12.141307164394357,0.0,10.634770707376877,0.0,8.148548564420764,0.0,6.524425806970978,0.0,4.245664206855967,0.0,2.2271431221184588,0.0
Fllms,362.2823529411765,0.0,17.771007842077594,0.0,448.45332183265646,0.0,394.0,0.0,348.0,0.0,300.0,0.0,271.0,0.0,228.0,0.0,164.0,0.0,127.0,0.0,82.0,0.0,56.0,0.0,15.013438633929963,0.0,19.849433241279208,0.0,18.65475810617763,0.0,17.320508075688775,0.0,16.46207763315433,0.0,15.0996688705415,0.0,12.806248474865697,0.0,11.269427669584644,0.0,9.055385138137417,0.0,7.483314773547883,0.0,,,,,,,,,,,,,,,,,,,,,6.402183931366652,0.0,,,,,,,,,,,,,,,,,,,,,15.013080985237048,0.0,17.747253487610852,0.0,16.87144956296543,0.0,15.7199828680996,0.0,14.823377287005128,0.0,13.330212763740352,0.0,11.195719566550562,0.0,9.874559197537351,0.0,8.098097598749922,0.0,6.32513758177255,0.0
Flora,318.8666666666667,0.0,16.578184040547868,0.0,365.50243997915777,0.0,319.0,0.0,291.0,0.0,247.0,0.0,208.0,0.0,156.0,0.0,87.0,0.0,53.0,0.0,17.0,0.0,7.0,0.0,12.33774445857001,0.0,17.86057109949175,0.0,17.05872210923198,0.0,15.716233645501712,0.0,14.422205101855956,0.0,12.489995996796797,0.0,9.327379053088816,0.0,7.280109889280518,0.0,4.123105625617661,0.0,2.6457513110645907,0.0,,,,,,,,,,,,,,,,,,,,,3.159914949192792,0.0,,,,,,,,,,,,,,,,,,,,,12.33791364986664,0.0,15.95686825138,0.0,15.195173532465404,0.0,13.848487254940014,0.0,12.544668698130048,0.0,10.438253890597432,0.0,7.415515933460406,0.0,5.7741122530061855,0.0,3.688763073373746,0.0,2.2271431221184588,0.0
Flshb,378.05882352941177,0.0,18.07603531397439,0.0,390.4098530559128,0.0,410.0,0.0,362.0,0.0,308.0,0.0,254.0,0.0,185.0,0.0,110.0,0.0,67.0,0.0,45.0,0.0,13.0,0.0,13.108786256597377,0.0,20.248456731316587,0.0,19.026297590440446,0.0,17.549928774784245,0.0,15.937377450509228,0.0,13.601470508735444,0.0,10.488088481701515,0.0,8.18535277187245,0.0,6.708203932499369,0.0,3.605551275463989,0.0,,,,,,,,,,,,,,,,,,,,,8.822787243988437,0.0,,,,,,,,,,,,,,,,,,,,,13.108596259251252,0.0,18.306512300140117,0.0,17.3155455724588,0.0,15.635021113955093,0.0,13.958630500186613,0.0,11.484408737028865,0.0,8.763997634414833,0.0,6.8512526785062775,0.0,5.825226447687396,0.0,2.6223949167804506,0.0
Fluch,356.2352941176471,0.0,17.61699923520054,0.0,380.1899941416741,0.0,381.0,0.0,343.0,0.0,292.0,0.0,245.0,0.0,171.0,0.0,87.0,0.0,53.0,0.0,33.0,0.0,12.0,0.0,12.773266246385381,0.0,19.519221295943137,0.0,18.520259177452136,0.0,17.08800749063506,0.0,15.652475842498529,0.0,13.076696830622021,0.0,9.327379053088816,0.0,7.280109889280518,0.0,5.744562646538029,0.0,3.4641016151377544,0.0,,,,,,,,,,,,,,,,,,,,,6.081399287624195,0.0,,,,,,,,,,,,,,,,,,,,,12.772906804930697,0.0,17.548974924734676,0.0,16.68448173586061,0.0,15.224193395286857,0.0,13.685351982737311,0.0,10.851490344963638,0.0,7.742237810823806,0.0,6.238335774092023,0.0,5.272050100296974,0.0,2.6707677091228623,0.0
Flude,368.7921568627451,0.0,17.916808051801258,0.0,375.3899007324253,0.0,395.0,0.0,355.0,0.0,297.0,0.0,250.0,0.0,163.0,0.0,86.0,0.0,56.0,0.0,33.0,0.0,16.0,0.0,12.581464761458042,0.0,19.87460691435179,0.0,18.841443681416774,0.0,17.233687939614086,0.0,15.811388300841896,0.0,12.767145334803704,0.0,9.273618495495704,0.0,7.483314773547883,0.0,5.744562646538029,0.0,4.0,0.0,,,,,,,,,,,,,,,,,,,,,5.4704792631682055,0.0,,,,,,,,,,,,,,,,,,,,,12.581607042330674,0.0,17.858764044883177,0.0,16.919002439749985,0.0,15.393749148237726,0.0,13.886087454190244,0.0,10.58113722153437,0.0,7.675338893080028,0.0,6.368897843282647,0.0,5.167800043195932,0.0,3.333281010778293,0.0
Fluhu,378.1137254901961,0.0,18.194237990088638,0.0,382.1161436018707,0.0,413.0,0.0,373.0,0.0,313.0,0.0,260.0,0.0,172.0,0.0,87.0,0.0,50.0,0.0,33.0,0.0,9.0,0.0,12.801707970499946,0.0,20.322401432901575,0.0,19.313207915827967,0.0,17.69180601295413,0.0,16.1245154965971,0.0,13.114877048604,0.0,9.327379053088816,0.0,7.0710678118654755,0.0,5.744562646538029,0.0,3.0,0.0,,,,,,,,,,,,,,,,,,,,,6.069343727944245,0.0,,,,,,,,,,,,,,,,,,,,,12.801763501717192,0.0,18.269887168800416,0.0,17.38679799617718,0.0,15.78343937554957,0.0,13.983197396721197,0.0,10.808196170749607,0.0,7.675246319529617,0.0,6.0775771030994346,0.0,5.256176643609374,0.0,2.323520649544872,0.0
Fluid,349.16470588235296,0.0,17.450096915287926,0.0,395.4285775607225,0.0,371.0,0.0,344.0,0.0,289.0,0.0,253.0,0.0,180.0,0.0,102.0,0.0,70.0,0.0,39.0,0.0,16.0,0.0,13.295173104172822,0.0,19.261360284258224,0.0,18.547236990991408,0.0,17.0,0.0,15.905973720586866,0.0,13.416407864998739,0.0,10.099504938362077,0.0,8.366600265340756,0.0,6.244997998398398,0.0,4.0,0.0,,,,,,,,,,,,,,,,,,,,,6.1689636123488345,0.0,,,,,,,,,,,,,,,,,,,,,13.295012109759753,0.0,17.309770174137576,0.0,16.69779212455051,0.0,15.215567991063278,0.0,14.01453141516748,0.0,11.307246122906905,0.0,8.411615629145937,0.0,6.972682423112499,0.0,5.472675208933539,0.0,3.2260022954724956,0.0
Fluss,319.25098039215686,0.0,16.56714414987036,0.0,353.89963014257,0.0,334.0,0.0,295.0,0.0,233.0,0.0,198.0,0.0,134.0,0.0,62.0,0.0,38.0,0.0,19.0,0.0,7.0,0.0,11.886146166794557,0.0,18.275666882497067,0.0,17.175564037317667,0.0,15.264337522473747,0.0,14.071247279470288,0.0,11.575836902790225,0.0,7.874007874011811,0.0,6.164414002968976,0.0,4.358898943540674,0.0,2.6457513110645907,0.0,,,,,,,,,,,,,,,,,,,,,3.133777786038285,0.0,,,,,,,,,,,,,,,,,,,,,11.885853202369459,0.0,16.097177355741493,0.0,15.21243843113384,0.0,13.383922943114413,0.0,12.028414318255058,0.0,9.305938860427682,0.0,6.241706218939654,0.0,4.977004082066099,0.0,3.770336098000125,0.0,2.2271431221184588,0.0
Flyer,321.26666666666665,0.0,16.694144361975244,0.0,386.39861154981054,0.0,330.0,0.0,302.0,0.0,259.0,0.0,227.0,0.0,163.0,0.0,99.0,0.0,65.0,0.0,31.0,0.0,17.0,0.0,12.995343166969523,0.0,18.16590212458495,0.0,17.378147196982766,0.0,16.09347693943108,0.0,15.066519173319364,0.0,12.767145334803704,0.0,9.9498743710662,0.0,8.06225774829855,0.0,5.5677643628300215,0.0,4.123105625617661,0.0,,,,,,,,,,,,,,,,,,,,,3.922527841274224,0.0,,,,,,,,,,,,,,,,,,,,,12.9956246290693,0.0,16.047836594197634,0.0,15.411495881984916,0.0,14.198033546836022,0.0,13.137532748868487,0.0,10.757992594876082,0.0,8.177898283512624,0.0,6.450942840496328,0.0,4.673791413867475,0.0,3.3251007231623215,0.0
Flöte,329.74901960784314,0.0,16.83631216006331,0.0,371.3536347266426,0.0,345.0,0.0,309.0,0.0,256.0,0.0,213.0,0.0,156.0,0.0,83.0,0.0,60.0,0.0,28.0,0.0,11.0,0.0,12.501912472724651,0.0,18.57417562100671,0.0,17.578395831246947,0.0,16.0,0.0,14.594519519326424,0.0,12.489995996796797,0.0,9.1104335791443,0.0,7.745966692414834,0.0,5.291502622129181,0.0,3.3166247903554,0.0,,,,,,,,,,,,,,,,,,,,,2.9412530239571684,0.0,,,,,,,,,,,,,,,,,,,,,12.501758887941774,0.0,16.48861078765519,0.0,15.593192319845153,0.0,14.21849134809563,0.0,12.753362766610003,0.0,10.532427650705975,0.0,7.5278333027216595,0.0,6.461781557019464,0.0,4.7127513905969804,0.0,2.808144273990528,0.0
Flöße,387.53333333333336,0.0,18.228606405956214,0.0,412.1757581402378,0.0,418.0,0.0,380.0,0.0,320.0,0.0,278.0,0.0,205.0,0.0,133.0,0.0,98.0,0.0,59.0,0.0,25.0,0.0,13.830566715513703,0.0,20.445048300260872,0.0,19.493588689617926,0.0,17.88854381999832,0.0,16.673332000533065,0.0,14.317821063276353,0.0,11.532562594670797,0.0,9.899494936611665,0.0,7.681145747868608,0.0,5.0,0.0,,,,,,,,,,,,,,,,,,,,,6.51901519690819,0.0,,,,,,,,,,,,,,,,,,,,,13.830829544277371,0.0,18.39980982688463,0.0,17.528318793885493,0.0,16.12454469261809,0.0,14.913347468540646,0.0,12.341854174679737,0.0,9.778145774664035,0.0,8.189220150295029,0.0,6.348302376440445,0.0,3.7584580488165864,0.0
Fnlls,321.3686274509804,0.0,16.762980303350567,0.0,370.57977905743,0.0,327.0,0.0,296.0,0.0,252.0,0.0,206.0,0.0,156.0,0.0,92.0,0.0,58.0,0.0,34.0,0.0,10.0,0.0,12.549566068213037,0.0,18.083141320025124,0.0,17.204650534085253,0.0,15.874507866387544,0.0,14.352700094407323,0.0,12.489995996796797,0.0,9.591663046625438,0.0,7.615773105863909,0.0,5.830951894845301,0.0,3.1622776601683795,0.0,,,,,,,,,,,,,,,,,,,,,4.719534796823075,0.0,,,,,,,,,,,,,,,,,,,,,12.549763067369735,0.0,16.26905135325569,0.0,15.579248645486354,0.0,14.188068159511669,0.0,12.476875089941469,0.0,10.552789437012061,0.0,7.855512624360958,0.0,6.414583924151426,0.0,5.459843993197472,0.0,2.4288058989325174,0.0
Fnrmt,379.1529411764706,0.0,18.119292854541403,0.0,417.25930920351016,0.0,399.0,0.0,363.0,0.0,320.0,0.0,274.0,0.0,217.0,0.0,135.0,0.0,98.0,0.0,54.0,0.0,44.0,0.0,14.027086431778063,0.0,19.974984355438178,0.0,19.05255888325765,0.0,17.88854381999832,0.0,16.55294535724685,0.0,14.730919862656235,0.0,11.61895003862225,0.0,9.899494936611665,0.0,7.3484692283495345,0.0,6.6332495807108,0.0,,,,,,,,,,,,,,,,,,,,,4.529997357327131,0.0,,,,,,,,,,,,,,,,,,,,,14.02727229973669,0.0,17.98594787416826,0.0,17.300369688896378,0.0,16.168958876489587,0.0,14.730426379231394,0.0,12.745567650071944,0.0,9.780359644236858,0.0,8.408985052411207,0.0,6.241083060418677,0.0,5.6613953851328915,0.0
Fnyfr,344.25882352941176,0.0,17.236653451938466,0.0,383.9557394043945,0.0,348.0,0.0,323.0,0.0,289.0,0.0,240.0,0.0,179.0,0.0,105.0,0.0,66.0,0.0,30.0,0.0,17.0,0.0,12.959958329754624,0.0,18.65475810617763,0.0,17.97220075561143,0.0,17.0,0.0,15.491933384829668,0.0,13.379088160259652,0.0,10.246950765959598,0.0,8.12403840463596,0.0,5.477225575051661,0.0,4.123105625617661,0.0,,,,,,,,,,,,,,,,,,,,,4.838261432936549,0.0,,,,,,,,,,,,,,,,,,,,,12.9601598889366,0.0,16.80498392615589,0.0,16.213915545261138,0.0,15.200153315883624,0.0,13.523541790141167,0.0,11.2792351572052,0.0,8.213104299670434,0.0,6.44024698633606,0.0,4.4463519922985855,0.0,3.1752169160589427,0.0
Folge,370.2352941176471,0.0,17.876384452882704,0.0,368.78951035735764,0.0,393.0,0.0,345.0,0.0,289.0,0.0,227.0,0.0,162.0,0.0,92.0,0.0,57.0,0.0,38.0,0.0,21.0,0.0,12.354387785295195,0.0,19.82422760159901,0.0,18.57417562100671,0.0,17.0,0.0,15.066519173319364,0.0,12.727922061357855,0.0,9.591663046625438,0.0,7.54983443527075,0.0,6.164414002968976,0.0,4.58257569495584,0.0,,,,,,,,,,,,,,,,,,,,,5.0440999360359475,0.0,,,,,,,,,,,,,,,,,,,,,12.354249070636651,0.0,17.78891927610447,0.0,16.749714534879164,0.0,15.201423358594235,0.0,13.197572127836231,0.0,10.800781548591324,0.0,7.903700451602471,0.0,6.18235274755048,0.0,5.173856228429449,0.0,3.1301908699584793,0.0
Folie,309.15294117647056,0.0,16.359172180080865,0.0,353.8847375767049,0.0,313.0,0.0,279.0,0.0,231.0,0.0,187.0,0.0,138.0,0.0,74.0,0.0,43.0,0.0,21.0,0.0,5.0,0.0,11.898254321301422,0.0,17.69180601295413,0.0,16.703293088490067,0.0,15.198684153570664,0.0,13.674794331177344,0.0,11.74734012447073,0.0,8.602325267042627,0.0,6.557438524302,0.0,4.58257569495584,0.0,2.23606797749979,0.0,,,,,,,,,,,,,,,,,,,,,4.391309250887092,0.0,,,,,,,,,,,,,,,,,,,,,11.898390681707193,0.0,15.774488406057353,0.0,14.861558886727346,0.0,13.408724936246031,0.0,11.86792729146496,0.0,9.800046861870763,0.0,6.890098399059629,0.0,5.266240155880472,0.0,4.253289024968648,0.0,1.728702033370433,0.0
Folve,323.29019607843134,0.0,16.703934803168288,0.0,354.2794542848117,0.0,329.0,0.0,293.0,0.0,246.0,0.0,197.0,0.0,141.0,0.0,74.0,0.0,43.0,0.0,19.0,0.0,5.0,0.0,11.90400442643901,0.0,18.138357147217054,0.0,17.11724276862369,0.0,15.684387141358123,0.0,14.035668847618199,0.0,11.874342087037917,0.0,8.602325267042627,0.0,6.557438524302,0.0,4.358898943540674,0.0,2.23606797749979,0.0,,,,,,,,,,,,,,,,,,,,,2.850776290728395,0.0,,,,,,,,,,,,,,,,,,,,,11.903859202527174,0.0,16.13517517317716,0.0,15.17968431273035,0.0,13.877092891335463,0.0,12.125650019005915,0.0,9.823977075591314,0.0,6.713610604704541,0.0,5.123524970830902,0.0,3.9648953574302492,0.0,1.728702033370433,0.0
Fongt,383.61960784313726,0.0,18.138546217942135,0.0,360.3091330487854,0.0,401.0,0.0,360.0,0.0,303.0,0.0,241.0,0.0,170.0,0.0,81.0,0.0,45.0,0.0,25.0,0.0,16.0,0.0,12.103697979467695,0.0,20.024984394500787,0.0,18.973665961010276,0.0,17.406895185529212,0.0,15.524174696260024,0.0,13.038404810405298,0.0,9.0,0.0,6.708203932499369,0.0,5.0,0.0,4.0,0.0,,,,,,,,,,,,,,,,,,,,,5.087225769382636,0.0,,,,,,,,,,,,,,,,,,,,,12.103718952731892,0.0,17.915170344456566,0.0,17.151793145473547,0.0,15.549959010687866,0.0,13.59241285620433,0.0,10.985534921667728,0.0,7.023780470563736,0.0,5.116635043344449,0.0,3.6396376113369873,0.0,2.609431180892979,0.0
Forst,304.89803921568625,0.0,16.113951677891794,0.0,337.44676212767854,0.0,305.0,0.0,270.0,0.0,216.0,0.0,176.0,0.0,125.0,0.0,59.0,0.0,31.0,0.0,5.0,0.0,0.0,0.0,11.242061953671751,0.0,17.46424919657298,0.0,16.431676725154983,0.0,14.696938456699069,0.0,13.2664991614216,0.0,11.180339887498949,0.0,7.681145747868608,0.0,5.5677643628300215,0.0,2.23606797749979,0.0,0.0,0.0,,,,,,,,,,,,,,,,,,,,,4.355738934202919,0.0,,,,,,,,,,,,,,,,,,,,,11.242246133245981,0.0,15.24568403278908,0.0,14.447489750221974,0.0,12.717959380999535,0.0,11.292862233105952,0.0,8.966105992343598,0.0,5.647292910317211,0.0,3.923451204488491,0.0,1.2987902436464969,0.0,0.0,0.0
Forum,389.85490196078433,0.0,18.333884441753412,0.0,410.81278545839297,0.0,425.0,0.0,385.0,0.0,321.0,0.0,267.0,0.0,200.0,0.0,127.0,0.0,89.0,0.0,54.0,0.0,46.0,0.0,13.755277718383493,0.0,20.615528128088304,0.0,19.621416870348583,0.0,17.916472867168917,0.0,16.34013463836819,0.0,14.142135623730951,0.0,11.269427669584644,0.0,9.433981132056603,0.0,7.3484692283495345,0.0,6.782329983125268,0.0,,,,,,,,,,,,,,,,,,,,,9.914145054369232,0.0,,,,,,,,,,,,,,,,,,,,,13.75550775619161,0.0,18.377016202138996,0.0,17.561951844274446,0.0,16.037356657347047,0.0,14.369234179888554,0.0,12.233300468911553,0.0,9.478285181704798,0.0,8.093602311237087,0.0,6.3284071737435,0.0,5.823196449690414,0.0
Fotos,323.035294117647,0.0,16.522820075193472,0.0,330.42351996285146,0.0,330.0,0.0,291.0,0.0,232.0,0.0,181.0,0.0,113.0,0.0,54.0,0.0,26.0,0.0,3.0,0.0,0.0,0.0,10.927642310881682,0.0,18.16590212458495,0.0,17.05872210923198,0.0,15.231546211727817,0.0,13.45362404707371,0.0,10.63014581273465,0.0,7.3484692283495345,0.0,5.0990195135927845,0.0,1.7320508075688772,0.0,0.0,0.0,,,,,,,,,,,,,,,,,,,,,2.694021605248703,0.0,,,,,,,,,,,,,,,,,,,,,10.927852661237496,0.0,15.882380942381763,0.0,14.905734963417164,0.0,13.311769533233287,0.0,11.482486845755774,0.0,8.55829571371962,0.0,5.350929628086502,0.0,3.5653980303926787,0.0,1.0567933171388846,0.0,0.0,0.0
Fotto,321.0313725490196,0.0,16.498471729114367,0.0,345.89768204679586,0.0,332.0,0.0,297.0,0.0,243.0,0.0,192.0,0.0,134.0,0.0,62.0,0.0,38.0,0.0,7.0,0.0,0.0,0.0,11.511684730800706,0.0,18.2208671582886,0.0,17.233687939614086,0.0,15.588457268119896,0.0,13.856406460551018,0.0,11.575836902790225,0.0,7.874007874011811,0.0,6.164414002968976,0.0,2.6457513110645907,0.0,0.0,0.0,,,,,,,,,,,,,,,,,,,,,3.06771185796786,0.0,,,,,,,,,,,,,,,,,,,,,11.511971235010083,0.0,15.96834643899074,0.0,15.097212704054144,0.0,13.759640424660223,0.0,11.939784139109399,0.0,9.545952939384865,0.0,5.979675927421262,0.0,4.516110203382068,0.0,1.5338901428755456,0.0,0.0,0.0
Fouls,331.24313725490197,0.0,16.881660617536713,0.0,346.04377627135034,0.0,347.0,0.0,310.0,0.0,247.0,0.0,199.0,0.0,132.0,0.0,58.0,0.0,32.0,0.0,16.0,0.0,5.0,0.0,11.544600711612793,0.0,18.627936010197157,0.0,17.60681686165901,0.0,15.716233645501712,0.0,14.106735979665885,0.0,11.489125293076057,0.0,7.615773105863909,0.0,5.656854249492381,0.0,4.0,0.0,2.23606797749979,0.0,,,,,,,,,,,,,,,,,,,,,3.54901910678843,0.0,,,,,,,,,,,,,,,,,,,,,11.544552652713666,0.0,16.57358317315808,0.0,15.692478570586182,0.0,13.862430785907316,0.0,12.148157011785269,0.0,9.347032111176587,0.0,5.913619236710735,0.0,4.590739954602839,0.0,3.825133001229261,0.0,1.7074736544341382,0.0
Foval,327.9764705882353,0.0,16.776792340780602,0.0,360.8830448715347,0.0,334.0,0.0,300.0,0.0,249.0,0.0,205.0,0.0,148.0,0.0,87.0,0.0,53.0,0.0,24.0,0.0,9.0,0.0,12.21312104208088,0.0,18.275666882497067,0.0,17.320508075688775,0.0,15.7797338380595,0.0,14.317821063276353,0.0,12.165525060596439,0.0,9.327379053088816,0.0,7.280109889280518,0.0,4.898979485566356,0.0,3.0,0.0,,,,,,,,,,,,,,,,,,,,,2.908545323460338,0.0,,,,,,,,,,,,,,,,,,,,,12.213064147690522,0.0,16.18351548960746,0.0,15.401732453687188,0.0,13.915308539854193,0.0,12.403269050471572,0.0,10.084013201775994,0.0,7.277731330073413,0.0,5.586839303961377,0.0,4.1332878032127685,0.0,2.1700641943904446,0.0
Foyer,334.43529411764706,0.0,16.917123902207642,0.0,353.156115741078,0.0,340.0,0.0,309.0,0.0,258.0,0.0,213.0,0.0,140.0,0.0,71.0,0.0,37.0,0.0,14.0,0.0,10.0,0.0,11.773912608437165,0.0,18.439088914585774,0.0,17.578395831246947,0.0,16.06237840420901,0.0,14.594519519326424,0.0,11.832159566199232,0.0,8.426149773176359,0.0,6.082762530298219,0.0,3.7416573867739413,0.0,3.1622776601683795,0.0,,,,,,,,,,,,,,,,,,,,,4.085427532843683,0.0,,,,,,,,,,,,,,,,,,,,,11.774138965205548,0.0,16.2983648783332,0.0,15.556644358663423,0.0,14.11788710096953,0.0,12.622580647010345,0.0,9.770622192268918,0.0,6.484119593503957,0.0,4.46995718197936,0.0,2.8711369550567225,0.0,2.469705180131099,0.0
Fpnds,405.6313725490196,0.0,18.71778221401108,0.0,363.8950320318127,0.0,419.0,0.0,379.0,0.0,321.0,0.0,266.0,0.0,178.0,0.0,90.0,0.0,53.0,0.0,36.0,0.0,25.0,0.0,12.323153883353797,0.0,20.46948949045872,0.0,19.467922333931785,0.0,17.916472867168917,0.0,16.30950643030009,0.0,13.341664064126334,0.0,9.486832980505138,0.0,7.280109889280518,0.0,6.0,0.0,5.0,0.0,,,,,,,,,,,,,,,,,,,,,3.304036536918654,0.0,,,,,,,,,,,,,,,,,,,,,12.32331331028366,0.0,18.52104865569409,0.0,17.710816745884284,0.0,16.099834507926378,0.0,14.458495903791407,0.0,11.262991034559365,0.0,7.679190390335584,0.0,6.24469554493576,0.0,5.2940604698253555,0.0,4.244010174018892,0.0
Frage,366.41568627450977,0.0,17.73534777086802,0.0,361.1379392731894,0.0,377.0,0.0,337.0,0.0,283.0,0.0,226.0,0.0,159.0,0.0,84.0,0.0,51.0,0.0,30.0,0.0,16.0,0.0,12.138920947103978,0.0,19.4164878389476,0.0,18.35755975068582,0.0,16.822603841260722,0.0,15.033296378372908,0.0,12.609520212918492,0.0,9.16515138991168,0.0,7.14142842854285,0.0,5.477225575051661,0.0,4.0,0.0,,,,,,,,,,,,,,,,,,,,,6.502180126823009,0.0,,,,,,,,,,,,,,,,,,,,,12.138834060743113,0.0,17.441907478664803,0.0,16.555785919974358,0.0,14.978704104684521,0.0,13.065243509329797,0.0,10.532107201664635,0.0,7.311821716043583,0.0,5.485016613124698,0.0,3.9205170490571466,0.0,2.609431180892979,0.0
Franc,328.21176470588233,0.0,16.777229584348888,0.0,340.9324842810591,0.0,316.0,0.0,296.0,0.0,250.0,0.0,204.0,0.0,136.0,0.0,64.0,0.0,29.0,0.0,8.0,0.0,0.0,0.0,11.493436923586804,0.0,17.776388834631177,0.0,17.204650534085253,0.0,15.811388300841896,0.0,14.2828568570857,0.0,11.661903789690601,0.0,8.0,0.0,5.385164807134504,0.0,2.8284271247461903,0.0,0.0,0.0,,,,,,,,,,,,,,,,,,,,,3.336341764898698,0.0,,,,,,,,,,,,,,,,,,,,,11.493563231762646,0.0,15.930496070585749,0.0,15.459702271695708,0.0,13.901690875137716,0.0,12.274489252717208,0.0,9.433036374549827,0.0,5.8525558802429964,0.0,3.7396084877446274,0.0,1.7973530153593622,0.0,0.0,0.0
Frdkv,377.7921568627451,0.0,18.130313457067384,0.0,397.59786967519995,0.0,399.0,0.0,363.0,0.0,323.0,0.0,275.0,0.0,197.0,0.0,115.0,0.0,76.0,0.0,46.0,0.0,11.0,0.0,13.368344105399496,0.0,19.974984355438178,0.0,19.05255888325765,0.0,17.97220075561143,0.0,16.583123951777,0.0,14.035668847618199,0.0,10.723805294763608,0.0,8.717797887081348,0.0,6.782329983125268,0.0,3.3166247903554,0.0,,,,,,,,,,,,,,,,,,,,,5.785600947839508,0.0,,,,,,,,,,,,,,,,,,,,,13.368033228220009,0.0,17.999691093134196,0.0,17.257065452342854,0.0,16.100049962901,0.0,14.652247109716646,0.0,11.899889508278834,0.0,8.730197570811946,0.0,7.031337871448208,0.0,5.6929488482337565,0.0,2.6003694233226256,0.0
Fregt,351.2705882352941,0.0,17.38940447306118,0.0,375.59367867758374,0.0,365.0,0.0,332.0,0.0,276.0,0.0,230.0,0.0,169.0,0.0,92.0,0.0,57.0,0.0,34.0,0.0,16.0,0.0,12.596636496457903,0.0,19.1049731745428,0.0,18.2208671582886,0.0,16.61324772583615,0.0,15.165750888103101,0.0,13.0,0.0,9.591663046625438,0.0,7.54983443527075,0.0,5.830951894845301,0.0,4.0,0.0,,,,,,,,,,,,,,,,,,,,,5.855407000272484,0.0,,,,,,,,,,,,,,,,,,,,,12.59591777432895,0.0,16.930450609024565,0.0,16.367589852059552,0.0,14.712523708842639,0.0,13.195514854421564,0.0,10.930630505800272,0.0,7.723320879744881,0.0,5.825021086239317,0.0,4.092567257341993,0.0,2.609431180892979,0.0
Frfhb,380.6941176470589,0.0,18.13988830908849,0.0,395.5394937542685,0.0,403.0,0.0,365.0,0.0,321.0,0.0,261.0,0.0,194.0,0.0,120.0,0.0,73.0,0.0,48.0,0.0,13.0,0.0,13.301475587328303,0.0,20.074859899884732,0.0,19.1049731745428,0.0,17.916472867168917,0.0,16.15549442140351,0.0,13.92838827718412,0.0,10.954451150103322,0.0,8.54400374531753,0.0,6.928203230275509,0.0,3.605551275463989,0.0,,,,,,,,,,,,,,,,,,,,,9.190862821649834,0.0,,,,,,,,,,,,,,,,,,,,,13.30105432015383,0.0,18.242650003631653,0.0,17.41072340117278,0.0,16.077584824767435,0.0,14.188124747353742,0.0,11.837013815946422,0.0,9.14398610735502,0.0,7.122620991678155,0.0,5.802812761968219,0.0,2.4169880632075142,0.0
Frimm,410.89803921568625,0.0,18.876591469274462,0.0,503.75036108343863,0.0,459.0,0.0,410.0,0.0,364.0,0.0,338.0,0.0,290.0,0.0,214.0,0.0,171.0,0.0,115.0,0.0,90.0,0.0,16.517042277157625,0.0,21.42428528562855,0.0,20.248456731316587,0.0,19.078784028338912,0.0,18.384776310850235,0.0,17.029386365926403,0.0,14.628738838327793,0.0,13.076696830622021,0.0,10.723805294763608,0.0,9.486832980505138,0.0,,,,,,,,,,,,,,,,,,,,,14.07849589758208,0.0,,,,,,,,,,,,,,,,,,,,,16.51650578141314,0.0,19.237851949859586,0.0,18.374288682292583,0.0,17.47213132821185,0.0,16.725548672096423,0.0,15.213226173912817,0.0,12.816460707561248,0.0,11.38553271453362,0.0,9.163081941462334,0.0,8.123014731313827,0.0
Frinz,314.1372549019608,0.0,16.55903284094367,0.0,363.8979503959091,0.0,311.0,0.0,292.0,0.0,253.0,0.0,211.0,0.0,152.0,0.0,86.0,0.0,40.0,0.0,16.0,0.0,1.0,0.0,12.284368829801968,0.0,17.635192088548397,0.0,17.08800749063506,0.0,15.905973720586866,0.0,14.52583904633395,0.0,12.328828005937952,0.0,9.273618495495704,0.0,6.324555320336759,0.0,4.0,0.0,1.0,0.0,,,,,,,,,,,,,,,,,,,,,4.382332767268459,0.0,,,,,,,,,,,,,,,,,,,,,12.284241629075455,0.0,15.77481802228906,0.0,15.30065587737503,0.0,14.000108700090752,0.0,12.490282870638408,0.0,10.136067137766034,0.0,7.105439476762807,0.0,4.501687583555825,0.0,2.8567398820982275,0.0,0.4897494419998338,0.0
Frost,304.89803921568625,0.0,16.113951677891794,0.0,349.7656224268579,0.0,304.0,0.0,275.0,0.0,223.0,0.0,189.0,0.0,136.0,0.0,66.0,0.0,39.0,0.0,13.0,0.0,0.0,0.0,11.721802493159341,0.0,17.435595774162696,0.0,16.583123951777,0.0,14.933184523068078,0.0,13.74772708486752,0.0,11.661903789690601,0.0,8.12403840463596,0.0,6.244997998398398,0.0,3.605551275463989,0.0,0.0,0.0,,,,,,,,,,,,,,,,,,,,,3.0247140117220734,0.0,,,,,,,,,,,,,,,,,,,,,11.721154308339862,0.0,15.198406090248012,0.0,14.57643513916424,0.0,12.96904773546836,0.0,11.738990583266602,0.0,9.428907976340405,0.0,6.06415232805169,0.0,4.509208235664147,0.0,2.2136248767651665,0.0,0.0,0.0
Frqck,369.4117647058823,0.0,17.88404188790571,0.0,390.1216331500242,0.0,388.0,0.0,355.0,0.0,306.0,0.0,261.0,0.0,187.0,0.0,103.0,0.0,70.0,0.0,41.0,0.0,16.0,0.0,13.087642452150083,0.0,19.697715603592208,0.0,18.841443681416774,0.0,17.4928556845359,0.0,16.15549442140351,0.0,13.674794331177344,0.0,10.14889156509222,0.0,8.366600265340756,0.0,6.4031242374328485,0.0,4.0,0.0,,,,,,,,,,,,,,,,,,,,,6.2133027289426925,0.0,,,,,,,,,,,,,,,,,,,,,13.087083783778322,0.0,17.82589956406467,0.0,17.046667766958045,0.0,15.584508284979703,0.0,14.256658942151871,0.0,11.48676537686753,0.0,8.336910738761073,0.0,6.811272714377192,0.0,5.431539324783431,0.0,2.951768591668813,0.0
Frsst,292.90588235294115,0.0,15.78414517021195,0.0,346.85216798546423,0.0,292.0,0.0,255.0,0.0,203.0,0.0,178.0,0.0,130.0,0.0,65.0,0.0,37.0,0.0,15.0,0.0,0.0,0.0,11.65424327629272,0.0,17.08800749063506,0.0,15.968719422671311,0.0,14.247806848775006,0.0,13.341664064126334,0.0,11.40175425099138,0.0,8.06225774829855,0.0,6.082762530298219,0.0,3.872983346207417,0.0,0.0,0.0,,,,,,,,,,,,,,,,,,,,,3.183679207118168,0.0,,,,,,,,,,,,,,,,,,,,,11.653805309444936,0.0,14.803415633679338,0.0,14.040967909545175,0.0,12.237945242607179,0.0,11.31025011705391,0.0,9.07504899808265,0.0,5.989382810350478,0.0,4.348463179034745,0.0,2.3422525241519976,0.0,0.0,0.0
Frzhq,380.30980392156863,0.0,18.2225850715461,0.0,387.57861549135635,0.0,402.0,0.0,362.0,0.0,312.0,0.0,265.0,0.0,183.0,0.0,106.0,0.0,63.0,0.0,43.0,0.0,13.0,0.0,13.001681512370006,0.0,20.049937655763422,0.0,19.026297590440446,0.0,17.663521732655695,0.0,16.278820596099706,0.0,13.527749258468683,0.0,10.295630140987,0.0,7.937253933193772,0.0,6.557438524302,0.0,3.605551275463989,0.0,,,,,,,,,,,,,,,,,,,,,9.252851318226746,0.0,,,,,,,,,,,,,,,,,,,,,13.001532319844236,0.0,18.140563953844282,0.0,17.218117971464046,0.0,15.754648799140917,0.0,14.233614573488174,0.0,11.357483100316015,0.0,8.195034673468037,0.0,6.521392410421875,0.0,5.484535643412984,0.0,2.6376676619669377,0.0
Fröhö,381.2392156862745,0.0,18.08190855931008,0.0,379.02757705588,0.0,404.0,0.0,362.0,0.0,308.0,0.0,256.0,0.0,173.0,0.0,97.0,0.0,64.0,0.0,41.0,0.0,10.0,0.0,12.716774511449945,0.0,20.09975124224178,0.0,19.026297590440446,0.0,17.549928774784245,0.0,16.0,0.0,13.152946437965905,0.0,9.848857801796104,0.0,8.0,0.0,6.4031242374328485,0.0,3.1622776601683795,0.0,,,,,,,,,,,,,,,,,,,,,6.729021998326006,0.0,,,,,,,,,,,,,,,,,,,,,12.715479911568023,0.0,18.09062364805619,0.0,17.12269888987061,0.0,15.64154031152248,0.0,14.044002444019076,0.0,11.080093659270522,0.0,7.974004663486585,0.0,6.711922577443673,0.0,5.679589046623877,0.0,2.451453848363609,0.0
Fröss,318.32941176470587,0.0,16.416700829594603,0.0,344.4615823418717,0.0,321.0,0.0,286.0,0.0,226.0,0.0,190.0,0.0,130.0,0.0,63.0,0.0,37.0,0.0,18.0,0.0,4.0,0.0,11.543159058766074,0.0,17.916472867168917,0.0,16.911534525287763,0.0,15.033296378372908,0.0,13.784048752090222,0.0,11.40175425099138,0.0,7.937253933193772,0.0,6.082762530298219,0.0,4.242640687119285,0.0,2.0,0.0,,,,,,,,,,,,,,,,,,,,,3.0360529090944217,0.0,,,,,,,,,,,,,,,,,,,,,11.542604670841419,0.0,15.766921312599225,0.0,14.942998342665131,0.0,13.091799162932434,0.0,11.754822679986267,0.0,9.211868607667753,0.0,5.9917861182553676,0.0,4.662395045738374,0.0,3.3517076105701786,0.0,1.7099716373443858,0.0
Frühe,373.6549019607843,0.0,18.004661705715407,0.0,363.7215089643177,0.0,397.0,0.0,352.0,0.0,299.0,0.0,250.0,0.0,157.0,0.0,74.0,0.0,40.0,0.0,30.0,0.0,8.0,0.0,12.175089807720466,0.0,19.924858845171276,0.0,18.76166303929372,0.0,17.291616465790582,0.0,15.811388300841896,0.0,12.529964086141668,0.0,8.602325267042627,0.0,6.324555320336759,0.0,5.477225575051661,0.0,2.8284271247461903,0.0,,,,,,,,,,,,,,,,,,,,,5.444591619080437,0.0,,,,,,,,,,,,,,,,,,,,,12.175093225010258,0.0,17.966328510359492,0.0,16.912614856429556,0.0,15.393238097863177,0.0,13.797716314111456,0.0,10.275748191213028,0.0,6.953001007676171,0.0,5.289619364985869,0.0,4.707737134153587,0.0,2.3107403338096013,0.0
Fsgsn,373.6313725490196,0.0,17.868706523365,0.0,358.4419140256954,0.0,385.0,0.0,343.0,0.0,288.0,0.0,234.0,0.0,167.0,0.0,78.0,0.0,40.0,0.0,26.0,0.0,17.0,0.0,12.066736040657853,0.0,19.621416870348583,0.0,18.520259177452136,0.0,16.97056274847714,0.0,15.297058540778355,0.0,12.922847983320086,0.0,8.831760866327848,0.0,6.324555320336759,0.0,5.0990195135927845,0.0,4.123105625617661,0.0,,,,,,,,,,,,,,,,,,,,,4.714289330734752,0.0,,,,,,,,,,,,,,,,,,,,,12.066309932569657,0.0,17.61642540361979,0.0,16.78454247866038,0.0,15.235510442216498,0.0,13.316181227094924,0.0,10.693185243631083,0.0,6.790379526773807,0.0,4.586121955193788,0.0,3.619899171660882,0.0,2.6377467946747144,0.0
Fshcg,387.9490196078432,0.0,18.248285062651696,0.0,374.749140823891,0.0,417.0,0.0,362.0,0.0,308.0,0.0,252.0,0.0,178.0,0.0,88.0,0.0,56.0,0.0,40.0,0.0,20.0,0.0,12.560274365519012,0.0,20.42057785666214,0.0,19.026297590440446,0.0,17.549928774784245,0.0,15.874507866387544,0.0,13.341664064126334,0.0,9.38083151964686,0.0,7.483314773547883,0.0,6.324555320336759,0.0,4.47213595499958,0.0,,,,,,,,,,,,,,,,,,,,,7.369149637256197,0.0,,,,,,,,,,,,,,,,,,,,,12.559913393489442,0.0,18.36171789577499,0.0,17.306887827581313,0.0,15.713736929318358,0.0,13.932577125144531,0.0,11.254855077667555,0.0,7.605435457159897,0.0,6.111045725429926,0.0,5.159639759433962,0.0,2.821920576889986,0.0
Fslbt,336.56470588235294,0.0,16.97222735369864,0.0,374.86508221903614,0.0,350.0,0.0,320.0,0.0,272.0,0.0,212.0,0.0,163.0,0.0,95.0,0.0,56.0,0.0,30.0,0.0,8.0,0.0,12.587984571043911,0.0,18.708286933869708,0.0,17.88854381999832,0.0,16.492422502470642,0.0,14.560219778561036,0.0,12.767145334803704,0.0,9.746794344808963,0.0,7.483314773547883,0.0,5.477225575051661,0.0,2.8284271247461903,0.0,,,,,,,,,,,,,,,,,,,,,4.184486643465633,0.0,,,,,,,,,,,,,,,,,,,,,12.587668039320459,0.0,16.60921524680789,0.0,16.018062690332858,0.0,14.632405563578219,0.0,12.646602251040099,0.0,10.809371733353188,0.0,7.992596116199605,0.0,5.926799495439237,0.0,4.617103484734867,0.0,1.8935721364329667,0.0
Ftgtn,369.6235294117647,0.0,17.82365409046321,0.0,386.2466881561927,0.0,392.0,0.0,355.0,0.0,305.0,0.0,253.0,0.0,189.0,0.0,100.0,0.0,60.0,0.0,34.0,0.0,19.0,0.0,12.996823793213157,0.0,19.79898987322333,0.0,18.841443681416774,0.0,17.46424919657298,0.0,15.905973720586866,0.0,13.74772708486752,0.0,10.0,0.0,7.745966692414834,0.0,5.830951894845301,0.0,4.358898943540674,0.0,,,,,,,,,,,,,,,,,,,,,4.69074550120036,0.0,,,,,,,,,,,,,,,,,,,,,12.996500707734526,0.0,17.741935081278427,0.0,16.988278443456252,0.0,15.736039328913831,0.0,14.024375277030039,0.0,11.686853078441322,0.0,8.17732166659639,0.0,6.009423289117913,0.0,4.21995319447562,0.0,2.826662828921462,0.0
Ftlkk,375.53725490196075,0.0,18.156257983406586,0.0,420.5879790936056,0.0,410.0,0.0,366.0,0.0,326.0,0.0,277.0,0.0,220.0,0.0,143.0,0.0,92.0,0.0,62.0,0.0,15.0,0.0,14.120984144761774,0.0,20.248456731316587,0.0,19.131126469708992,0.0,18.05547008526779,0.0,16.64331697709324,0.0,14.832396974191326,0.0,11.958260743101398,0.0,9.591663046625438,0.0,7.874007874011811,0.0,3.872983346207417,0.0,,,,,,,,,,,,,,,,,,,,,8.712786603238282,0.0,,,,,,,,,,,,,,,,,,,,,14.120927282434051,0.0,18.257632277081896,0.0,17.40169923185526,0.0,16.230269180312085,0.0,14.799580500372565,0.0,12.855833110986458,0.0,10.271188553292424,0.0,8.09648719286627,0.0,7.003403658084974,0.0,2.6021120552871215,0.0
Fugen,401.4588235294118,0.0,18.624607419698005,0.0,352.19403287681587,0.0,419.0,0.0,379.0,0.0,321.0,0.0,250.0,0.0,164.0,0.0,68.0,0.0,33.0,0.0,24.0,0.0,16.0,0.0,11.79467471243393,0.0,20.46948949045872,0.0,19.467922333931785,0.0,17.916472867168917,0.0,15.811388300841896,0.0,12.806248474865697,0.0,8.246211251235321,0.0,5.744562646538029,0.0,4.898979485566356,0.0,4.0,0.0,,,,,,,,,,,,,,,,,,,,,4.170244625825449,0.0,,,,,,,,,,,,,,,,,,,,,11.794562738427105,0.0,18.53507963416674,0.0,17.68211946709617,0.0,16.138962785843717,0.0,13.795527982538601,0.0,10.680492898488655,0.0,6.414812157574376,0.0,4.263092244059514,0.0,3.547846000145309,0.0,2.6099998410952274,0.0
Fuhre,362.2274509803922,0.0,17.759817532859433,0.0,346.04359377235653,0.0,379.0,0.0,329.0,0.0,284.0,0.0,225.0,0.0,152.0,0.0,55.0,0.0,32.0,0.0,17.0,0.0,3.0,0.0,11.548533751077157,0.0,19.467922333931785,0.0,18.138357147217054,0.0,16.852299546352718,0.0,15.0,0.0,12.328828005937952,0.0,7.416198487095663,0.0,5.656854249492381,0.0,4.123105625617661,0.0,1.7320508075688772,0.0,,,,,,,,,,,,,,,,,,,,,3.874412054541973,0.0,,,,,,,,,,,,,,,,,,,,,11.54856511451381,0.0,17.562905007739005,0.0,16.31544272657833,0.0,14.962647559790843,0.0,13.043001180127648,0.0,10.196792140128327,0.0,5.826273121995689,0.0,4.698567450958769,0.0,3.7911296163611787,0.0,1.0076972804339992,0.0
Funde,392.63529411764705,0.0,18.44357877004845,0.0,341.86551632907026,0.0,407.0,0.0,364.0,0.0,310.0,0.0,245.0,0.0,155.0,0.0,61.0,0.0,29.0,0.0,17.0,0.0,9.0,0.0,11.442024523206708,0.0,20.174241001832016,0.0,19.078784028338912,0.0,17.60681686165901,0.0,15.652475842498529,0.0,12.449899597988733,0.0,7.810249675906654,0.0,5.385164807134504,0.0,4.123105625617661,0.0,3.0,0.0,,,,,,,,,,,,,,,,,,,,,4.150816826504423,0.0,,,,,,,,,,,,,,,,,,,,,11.44216341343022,0.0,18.286087513509703,0.0,17.255998426224767,0.0,15.75375814284702,0.0,13.718614116914871,0.0,10.300762491466209,0.0,5.952309368252341,0.0,4.433793163283382,0.0,3.6517893189887394,0.0,2.4773383361263903,0.0
Funke,390.38039215686274,0.0,18.43535084307918,0.0,345.97309192711907,0.0,406.0,0.0,360.0,0.0,314.0,0.0,246.0,0.0,166.0,0.0,63.0,0.0,29.0,0.0,20.0,0.0,2.0,0.0,11.632689458061046,0.0,20.149441679609886,0.0,18.973665961010276,0.0,17.72004514666935,0.0,15.684387141358123,0.0,12.884098726725126,0.0,7.937253933193772,0.0,5.385164807134504,0.0,4.47213595499958,0.0,1.4142135623730951,0.0,,,,,,,,,,,,,,,,,,,,,3.9256382060644217,0.0,,,,,,,,,,,,,,,,,,,,,11.63269584995265,0.0,18.311310558753476,0.0,17.248610230347552,0.0,15.834789755027053,0.0,13.715261147901533,0.0,10.786660755487848,0.0,6.197076142772432,0.0,4.317922304984833,0.0,3.926160239668837,0.0,0.6618696519470317,0.0
Furie,311.56470588235294,0.0,16.42955533027703,0.0,340.3171662441655,0.0,313.0,0.0,281.0,0.0,235.0,0.0,185.0,0.0,129.0,0.0,56.0,0.0,30.0,0.0,6.0,0.0,0.0,0.0,11.360184443319017,0.0,17.69180601295413,0.0,16.76305461424021,0.0,15.329709716755891,0.0,13.601470508735444,0.0,11.357816691600547,0.0,7.483314773547883,0.0,5.477225575051661,0.0,2.449489742783178,0.0,0.0,0.0,,,,,,,,,,,,,,,,,,,,,4.838647247245315,0.0,,,,,,,,,,,,,,,,,,,,,11.36027752620647,0.0,15.826424853834487,0.0,14.86194937795031,0.0,13.366702301622187,0.0,11.614994352919089,0.0,9.236716451500248,0.0,5.6177475388707325,0.0,3.9302010260770355,0.0,1.91369725977325,0.0,0.0,0.0
Futul,336.61960784313726,0.0,17.09806260117127,0.0,366.065303053618,0.0,356.0,0.0,325.0,0.0,271.0,0.0,209.0,0.0,145.0,0.0,77.0,0.0,46.0,0.0,25.0,0.0,8.0,0.0,12.286298010075038,0.0,18.867962264113206,0.0,18.027756377319946,0.0,16.46207763315433,0.0,14.45683229480096,0.0,12.041594578792296,0.0,8.774964387392123,0.0,6.782329983125268,0.0,5.0,0.0,2.8284271247461903,0.0,,,,,,,,,,,,,,,,,,,,,3.1175391718950305,0.0,,,,,,,,,,,,,,,,,,,,,12.286479375349582,0.0,16.65657517881868,0.0,15.939223265750469,0.0,14.537458292542835,0.0,12.280386160705515,0.0,10.023685045644218,0.0,7.0010463090189825,0.0,5.497523891381946,0.0,4.168578316325274,0.0,2.1360381094173597,0.0
Fvhrg,387.2745098039216,0.0,18.329504475924843,0.0,397.71398655014775,0.0,420.0,0.0,369.0,0.0,320.0,0.0,270.0,0.0,205.0,0.0,108.0,0.0,76.0,0.0,46.0,0.0,21.0,0.0,13.337726101960374,0.0,20.493901531919196,0.0,19.209372712298546,0.0,17.88854381999832,0.0,16.431676725154983,0.0,14.317821063276353,0.0,10.392304845413264,0.0,8.717797887081348,0.0,6.782329983125268,0.0,4.58257569495584,0.0,,,,,,,,,,,,,,,,,,,,,6.753412220406958,0.0,,,,,,,,,,,,,,,,,,,,,13.33800068896366,0.0,18.46719196091903,0.0,17.442399315995548,0.0,16.034159293526663,0.0,14.484486637342266,0.0,12.185701179297325,0.0,8.522452631956478,0.0,7.014590282723874,0.0,5.385070369708258,0.0,2.8866555312220252,0.0
Fxkns,372.7450980392157,0.0,17.957382159156612,0.0,366.8363272887283,0.0,381.0,0.0,347.0,0.0,300.0,0.0,254.0,0.0,178.0,0.0,92.0,0.0,43.0,0.0,24.0,0.0,6.0,0.0,12.430107712004427,0.0,19.519221295943137,0.0,18.627936010197157,0.0,17.320508075688775,0.0,15.937377450509228,0.0,13.341664064126334,0.0,9.591663046625438,0.0,6.557438524302,0.0,4.898979485566356,0.0,2.449489742783178,0.0,,,,,,,,,,,,,,,,,,,,,3.968678779015839,0.0,,,,,,,,,,,,,,,,,,,,,12.430132469533191,0.0,17.569294636077885,0.0,16.953867884225424,0.0,15.48008510612254,0.0,13.904280675789995,0.0,11.060036210007036,0.0,7.445786610580836,0.0,5.033560356372085,0.0,4.064636785552104,0.0,1.3257791051524537,0.0
Fzchs,345.7725490196078,0.0,17.27232008555955,0.0,352.4711106251665,0.0,360.0,0.0,312.0,0.0,261.0,0.0,214.0,0.0,146.0,0.0,74.0,0.0,37.0,0.0,23.0,0.0,3.0,0.0,11.803436574719472,0.0,18.973665961010276,0.0,17.663521732655695,0.0,16.15549442140351,0.0,14.628738838327793,0.0,12.083045973594572,0.0,8.602325267042627,0.0,6.082762530298219,0.0,4.795831523312719,0.0,1.7320508075688772,0.0,,,,,,,,,,,,,,,,,,,,,3.648927420021388,0.0,,,,,,,,,,,,,,,,,,,,,11.802993676670145,0.0,16.89107643100081,0.0,15.824062033314291,0.0,14.157837327764138,0.0,12.603593742048627,0.0,9.909672858922603,0.0,6.664999205523424,0.0,4.8566520128337265,0.0,4.108855201592594,0.0,0.8209315505352331,0.0
Fzhld,388.1882352941177,0.0,18.465824288849568,0.0,401.7845450888595,0.0,421.0,0.0,371.0,0.0,321.0,0.0,280.0,0.0,206.0,0.0,116.0,0.0,80.0,0.0,56.0,0.0,18.0,0.0,13.501391666674484,0.0,20.518284528683193,0.0,19.261360284258224,0.0,17.916472867168917,0.0,16.73320053068151,0.0,14.352700094407323,0.0,10.770329614269007,0.0,8.94427190999916,0.0,7.483314773547883,0.0,4.242640687119285,0.0,,,,,,,,,,,,,,,,,,,,,5.501037817908808,0.0,,,,,,,,,,,,,,,,,,,,,13.501342278258658,0.0,18.61583529691942,0.0,17.61100045941856,0.0,16.135848361571135,0.0,14.906948837304858,0.0,12.29798683855839,0.0,9.06717973506269,0.0,7.657594521970002,0.0,6.670159780524572,0.0,3.099461628249531,0.0
Fählt,361.9333333333334,0.0,17.691730387559975,0.0,377.1731761574231,0.0,384.0,0.0,336.0,0.0,286.0,0.0,239.0,0.0,177.0,0.0,91.0,0.0,63.0,0.0,41.0,0.0,13.0,0.0,12.757671920944986,0.0,19.595917942265423,0.0,18.33030277982336,0.0,16.911534525287763,0.0,15.459624833740307,0.0,13.30413469565007,0.0,9.539392014169456,0.0,7.937253933193772,0.0,6.4031242374328485,0.0,3.605551275463989,0.0,,,,,,,,,,,,,,,,,,,,,5.342583030096691,0.0,,,,,,,,,,,,,,,,,,,,,12.757289438949766,0.0,17.614153870712922,0.0,16.680833765954326,0.0,15.095396331745706,0.0,13.670648774127233,0.0,11.312018349254434,0.0,8.033543672108438,0.0,6.784342632907747,0.0,5.896658126132967,0.0,2.754095900464012,0.0
Fälle,331.72549019607845,0.0,16.96620790536874,0.0,369.33406575903064,0.0,342.0,0.0,303.0,0.0,254.0,0.0,207.0,0.0,157.0,0.0,90.0,0.0,60.0,0.0,38.0,0.0,15.0,0.0,12.504500851295552,0.0,18.49324200890693,0.0,17.406895185529212,0.0,15.937377450509228,0.0,14.38749456993816,0.0,12.529964086141668,0.0,9.486832980505138,0.0,7.745966692414834,0.0,6.164414002968976,0.0,3.872983346207417,0.0,,,,,,,,,,,,,,,,,,,,,3.808981790956122,0.0,,,,,,,,,,,,,,,,,,,,,12.504711028075326,0.0,16.69685743303047,0.0,15.788203980062583,0.0,14.196958668185141,0.0,12.64869808824163,0.0,10.639887759806138,0.0,8.03536361715214,0.0,6.648746024274277,0.0,5.849955226355986,0.0,3.0918134609294876,0.0
Föhne,395.08627450980396,0.0,18.474348312170587,0.0,343.69435332993123,0.0,413.0,0.0,361.0,0.0,309.0,0.0,246.0,0.0,156.0,0.0,62.0,0.0,32.0,0.0,24.0,0.0,6.0,0.0,11.541078634262952,0.0,20.322401432901575,0.0,19.0,0.0,17.578395831246947,0.0,15.684387141358123,0.0,12.489995996796797,0.0,7.874007874011811,0.0,5.656854249492381,0.0,4.898979485566356,0.0,2.449489742783178,0.0,,,,,,,,,,,,,,,,,,,,,3.585419963485661,0.0,,,,,,,,,,,,,,,,,,,,,11.541398378452882,0.0,18.39402468378133,0.0,17.257111763975384,0.0,15.75930091061416,0.0,13.791042319234903,0.0,10.389525452126868,0.0,6.25284078025958,0.0,4.85164899514358,0.0,4.649933509284647,0.0,1.661588710425858,0.0
Föten,353.5921568627451,0.0,17.395832668572876,0.0,338.56143250911794,0.0,359.0,0.0,325.0,0.0,269.0,0.0,212.0,0.0,139.0,0.0,58.0,0.0,28.0,0.0,12.0,0.0,3.0,0.0,11.32501113513792,0.0,18.947295321496416,0.0,18.027756377319946,0.0,16.401219466856727,0.0,14.560219778561036,0.0,11.789826122551595,0.0,7.615773105863909,0.0,5.291502622129181,0.0,3.4641016151377544,0.0,1.7320508075688772,0.0,,,,,,,,,,,,,,,,,,,,,3.334965431995678,0.0,,,,,,,,,,,,,,,,,,,,,11.32533406903914,0.0,16.904105488759814,0.0,16.085395094551412,0.0,14.646885018277501,0.0,12.62310643634751,0.0,9.700255767085492,0.0,5.864716486880595,0.0,4.093231876513256,0.0,2.9784087497714555,0.0,1.3219081418980734,0.0
Fötus,341.843137254902,0.0,17.035418697410357,0.0,339.9015399027563,0.0,359.0,0.0,321.0,0.0,254.0,0.0,195.0,0.0,124.0,0.0,59.0,0.0,27.0,0.0,11.0,0.0,3.0,0.0,11.287880459529777,0.0,18.947295321496416,0.0,17.916472867168917,0.0,15.937377450509228,0.0,13.96424004376894,0.0,11.135528725660043,0.0,7.681145747868608,0.0,5.196152422706632,0.0,3.3166247903554,0.0,1.7320508075688772,0.0,,,,,,,,,,,,,,,,,,,,,2.940648503979568,0.0,,,,,,,,,,,,,,,,,,,,,11.288181223976299,0.0,16.6405992548584,0.0,15.76385958728338,0.0,14.009196072818959,0.0,11.807232451549147,0.0,9.096104393186009,0.0,5.819720770892024,0.0,4.081849423065437,0.0,2.9369099077869105,0.0,1.3219081418980734,0.0
Fülle,337.9568627450981,0.0,17.18023282281742,0.0,375.68221120749,0.0,357.0,0.0,314.0,0.0,269.0,0.0,216.0,0.0,161.0,0.0,91.0,0.0,61.0,0.0,39.0,0.0,15.0,0.0,12.66727501481691,0.0,18.894443627691185,0.0,17.72004514666935,0.0,16.401219466856727,0.0,14.696938456699069,0.0,12.68857754044952,0.0,9.539392014169456,0.0,7.810249675906654,0.0,6.244997998398398,0.0,3.872983346207417,0.0,,,,,,,,,,,,,,,,,,,,,4.157221497003415,0.0,,,,,,,,,,,,,,,,,,,,,12.667511586651704,0.0,17.046773005201135,0.0,15.970698716425437,0.0,14.632620048013521,0.0,12.90559059446514,0.0,10.828978509783699,0.0,8.077763709509723,0.0,6.696412001276699,0.0,5.874046652279009,0.0,3.0918134609294876,0.0
Fürst,323.7058823529412,0.0,16.630497778567463,0.0,348.16808292365516,0.0,333.0,0.0,294.0,0.0,242.0,0.0,195.0,0.0,137.0,0.0,65.0,0.0,37.0,0.0,12.0,0.0,5.0,0.0,11.647432307900676,0.0,18.24828759089466,0.0,17.146428199482248,0.0,15.556349186104045,0.0,13.96424004376894,0.0,11.704699910719626,0.0,8.06225774829855,0.0,6.082762530298219,0.0,3.4641016151377544,0.0,2.23606797749979,0.0,,,,,,,,,,,,,,,,,,,,,5.447033436169368,0.0,,,,,,,,,,,,,,,,,,,,,11.647653061034074,0.0,16.09903656158278,0.0,15.198431049688066,0.0,13.583048637126847,0.0,11.953037636085307,0.0,9.538195715759139,0.0,6.229986351852419,0.0,4.55580070197684,0.0,2.629909239998828,0.0,1.912422272232873,0.0
Gaban,399.435294117647,0.0,18.35955134857267,0.0,338.67053397153904,0.0,405.0,0.0,375.0,0.0,312.0,0.0,219.0,0.0,148.0,0.0,86.0,0.0,36.0,0.0,16.0,0.0,2.0,0.0,11.44764264616389,0.0,20.12461179749811,0.0,19.364916731037084,0.0,17.663521732655695,0.0,14.798648586948742,0.0,12.165525060596439,0.0,9.273618495495704,0.0,6.0,0.0,4.0,0.0,1.4142135623730951,0.0,,,,,,,,,,,,,,,,,,,,,2.702099449020658,0.0,,,,,,,,,,,,,,,,,,,,,11.447364701098174,0.0,18.367253074428298,0.0,17.660807955186005,0.0,15.698089808644946,0.0,12.592709649062725,0.0,9.946412997892404,0.0,7.299884040426311,0.0,4.196572565592495,0.0,2.814945264464535,0.0,0.668680288732816,0.0
Gabel,370.90588235294115,0.0,17.761762730703477,0.0,358.350586777461,0.0,383.0,0.0,353.0,0.0,290.0,0.0,208.0,0.0,138.0,0.0,93.0,0.0,55.0,0.0,38.0,0.0,10.0,0.0,12.113123548346952,0.0,19.570385790780925,0.0,18.788294228055936,0.0,17.029386365926403,0.0,14.422205101855956,0.0,11.74734012447073,0.0,9.643650760992955,0.0,7.416198487095663,0.0,6.164414002968976,0.0,3.1622776601683795,0.0,,,,,,,,,,,,,,,,,,,,,4.202606369044385,0.0,,,,,,,,,,,,,,,,,,,,,12.113086895448886,0.0,17.66575941688758,0.0,16.96287378357922,0.0,15.02012532135321,0.0,12.297661124857534,0.0,9.764824831106019,0.0,7.968621880711404,0.0,5.912394398744787,0.0,4.914304121653841,0.0,2.2386181575997384,0.0
Gaben,394.74901960784314,0.0,18.292998725843137,0.0,334.69987797404457,0.0,401.0,0.0,372.0,0.0,308.0,0.0,217.0,0.0,137.0,0.0,72.0,0.0,30.0,0.0,17.0,0.0,2.0,0.0,11.2343558482341,0.0,20.024984394500787,0.0,19.28730152198591,0.0,17.549928774784245,0.0,14.730919862656235,0.0,11.704699910719626,0.0,8.48528137423857,0.0,5.477225575051661,0.0,4.123105625617661,0.0,1.4142135623730951,0.0,,,,,,,,,,,,,,,,,,,,,2.690237760548888,0.0,,,,,,,,,,,,,,,,,,,,,11.234255249535666,0.0,18.225018967021185,0.0,17.518603459210976,0.0,15.59737364083476,0.0,12.514786958323226,0.0,9.53578448359632,0.0,6.676985410536884,0.0,3.8584453151966964,0.0,2.859800129919149,0.0,0.668680288732816,0.0
Gagen,405.9686274509804,0.0,18.598665891226904,0.0,347.88393144948947,0.0,417.0,0.0,378.0,0.0,312.0,0.0,233.0,0.0,151.0,0.0,85.0,0.0,43.0,0.0,30.0,0.0,16.0,0.0,11.75720426531255,0.0,20.42057785666214,0.0,19.44222209522358,0.0,17.663521732655695,0.0,15.264337522473747,0.0,12.288205727444508,0.0,9.219544457292887,0.0,6.557438524302,0.0,5.477225575051661,0.0,4.0,0.0,,,,,,,,,,,,,,,,,,,,,3.592885455471794,0.0,,,,,,,,,,,,,,,,,,,,,11.756790531710749,0.0,18.48909451534936,0.0,17.681120529942465,0.0,15.791722271833894,0.0,13.122530740711621,0.0,10.140617280511776,0.0,7.2677956726975,0.0,4.818431542642057,0.0,3.858342005877473,0.0,2.6099998410952274,0.0
Gamma,465.23921568627446,0.0,19.89489800303903,0.0,464.22559278426957,0.0,508.0,0.0,445.0,0.0,387.0,0.0,325.0,0.0,267.0,0.0,207.0,0.0,155.0,0.0,105.0,0.0,88.0,0.0,15.547125145180894,0.0,22.538855339169288,0.0,21.095023109728988,0.0,19.672315572906,0.0,18.027756377319946,0.0,16.34013463836819,0.0,14.38749456993816,0.0,12.449899597988733,0.0,10.246950765959598,0.0,9.38083151964686,0.0,,,,,,,,,,,,,,,,,,,,,6.133947168095925,0.0,,,,,,,,,,,,,,,,,,,,,15.547368456660278,0.0,20.432957454321553,0.0,19.31442089136304,0.0,17.93737695124134,0.0,16.22786851980405,0.0,14.532899231132838,0.0,12.525713896940305,0.0,10.884145165994155,0.0,8.790544231533497,0.0,8.008574964728354,0.0
Garbe,365.9372549019608,0.0,17.596326204244953,0.0,337.9112004708253,0.0,374.0,0.0,339.0,0.0,279.0,0.0,195.0,0.0,129.0,0.0,77.0,0.0,39.0,0.0,16.0,0.0,2.0,0.0,11.29017153381548,0.0,19.339079605813716,0.0,18.411952639521967,0.0,16.703293088490067,0.0,13.96424004376894,0.0,11.357816691600547,0.0,8.774964387392123,0.0,6.244997998398398,0.0,4.0,0.0,1.4142135623730951,0.0,,,,,,,,,,,,,,,,,,,,,2.7984543342370367,0.0,,,,,,,,,,,,,,,,,,,,,11.289829460139567,0.0,17.489993665714547,0.0,16.554864717145747,0.0,14.59303072192215,0.0,11.778442290040823,0.0,9.274490485662243,0.0,6.943352112409837,0.0,4.471949772519954,0.0,2.7829614897827635,0.0,0.6618696519470317,0.0
Garde,368.33333333333337,0.0,17.725599080005676,0.0,343.9083058639943,0.0,376.0,0.0,336.0,0.0,275.0,0.0,208.0,0.0,131.0,0.0,87.0,0.0,49.0,0.0,23.0,0.0,9.0,0.0,11.559537291759339,0.0,19.390719429665317,0.0,18.33030277982336,0.0,16.583123951777,0.0,14.422205101855956,0.0,11.445523142259598,0.0,9.327379053088816,0.0,7.0,0.0,4.795831523312719,0.0,3.0,0.0,,,,,,,,,,,,,,,,,,,,,3.0810731916066763,0.0,,,,,,,,,,,,,,,,,,,,,11.55946806197198,0.0,17.460839068819823,0.0,16.45205509985782,0.0,14.533123533002577,0.0,12.347405297095227,0.0,9.27631509989132,0.0,7.361628310043898,0.0,5.529571062128262,0.0,3.9544636682566727,0.0,2.4773383361263903,0.0
Garta,329.92941176470583,0.0,16.679276429355188,0.0,336.9440972644039,0.0,326.0,0.0,293.0,0.0,238.0,0.0,177.0,0.0,124.0,0.0,81.0,0.0,42.0,0.0,10.0,0.0,0.0,0.0,11.391128117388888,0.0,18.05547008526779,0.0,17.11724276862369,0.0,15.427248620541512,0.0,13.30413469565007,0.0,11.135528725660043,0.0,9.0,0.0,6.48074069840786,0.0,3.1622776601683795,0.0,0.0,0.0,,,,,,,,,,,,,,,,,,,,,4.2183820625218305,0.0,,,,,,,,,,,,,,,,,,,,,11.391182282645994,0.0,16.08500657283324,0.0,15.245040672639378,0.0,13.403974969687713,0.0,11.107304496664883,0.0,9.004767790486326,0.0,6.920512483761159,0.0,4.66833673837612,0.0,1.913107797510506,0.0,0.0,0.0
Gasse,333.3921568627451,0.0,16.714870545331006,0.0,313.9099575338871,0.0,335.0,0.0,284.0,0.0,217.0,0.0,159.0,0.0,100.0,0.0,52.0,0.0,23.0,0.0,11.0,0.0,0.0,0.0,10.454153535862075,0.0,18.303005217723125,0.0,16.852299546352718,0.0,14.730919862656235,0.0,12.609520212918492,0.0,10.0,0.0,7.211102550927978,0.0,4.795831523312719,0.0,3.3166247903554,0.0,0.0,0.0,,,,,,,,,,,,,,,,,,,,,3.6680357840844424,0.0,,,,,,,,,,,,,,,,,,,,,10.453833220868633,0.0,16.18976272714294,0.0,14.9641109193057,0.0,12.613667227106562,0.0,10.326823751318834,0.0,7.589956403624753,0.0,5.136939261222114,0.0,3.137435870808228,0.0,1.9232030561733677,0.0,0.0,0.0
Gbstd,389.5686274509804,0.0,18.139171493859916,0.0,375.8904301414906,0.0,416.0,0.0,374.0,0.0,304.0,0.0,241.0,0.0,171.0,0.0,111.0,0.0,68.0,0.0,39.0,0.0,17.0,0.0,12.641185257333019,0.0,20.396078054371138,0.0,19.339079605813716,0.0,17.435595774162696,0.0,15.524174696260024,0.0,13.076696830622021,0.0,10.535653752852738,0.0,8.246211251235321,0.0,6.244997998398398,0.0,4.123105625617661,0.0,,,,,,,,,,,,,,,,,,,,,4.35466365148824,0.0,,,,,,,,,,,,,,,,,,,,,12.641196174794329,0.0,18.34121854373028,0.0,17.442704968658997,0.0,15.473092954706793,0.0,13.443824389016894,0.0,10.97887703492129,0.0,8.62393073637917,0.0,6.55941530595022,0.0,4.8544893600756245,0.0,3.1425811850652257,0.0
Gdnrm,432.9843137254902,0.0,19.31609182278912,0.0,430.6885678958342,0.0,464.0,0.0,420.0,0.0,366.0,0.0,302.0,0.0,231.0,0.0,161.0,0.0,117.0,0.0,77.0,0.0,56.0,0.0,14.534280871729246,0.0,21.540659228538015,0.0,20.493901531919196,0.0,19.131126469708992,0.0,17.378147196982766,0.0,15.198684153570664,0.0,12.68857754044952,0.0,10.816653826391969,0.0,8.774964387392123,0.0,7.483314773547883,0.0,,,,,,,,,,,,,,,,,,,,,4.637857636332187,0.0,,,,,,,,,,,,,,,,,,,,,14.533834359846677,0.0,19.534659997027763,0.0,18.624904313383833,0.0,17.311532406150075,0.0,15.472715644045484,0.0,13.311079564604581,0.0,10.818926750083943,0.0,9.260030533033294,0.0,7.465889343426823,0.0,6.3853392256395205,0.0
Gdrkl,384.3921568627451,0.0,18.28381569000525,0.0,402.8476071304184,0.0,406.0,0.0,365.0,0.0,320.0,0.0,255.0,0.0,186.0,0.0,142.0,0.0,95.0,0.0,63.0,0.0,20.0,0.0,13.634477034564256,0.0,20.149441679609886,0.0,19.1049731745428,0.0,17.88854381999832,0.0,15.968719422671311,0.0,13.638181696985855,0.0,11.916375287812984,0.0,9.746794344808963,0.0,7.937253933193772,0.0,4.47213595499958,0.0,,,,,,,,,,,,,,,,,,,,,4.194451693839102,0.0,,,,,,,,,,,,,,,,,,,,,13.633965374051675,0.0,18.258551945073,0.0,17.335400016292144,0.0,15.929570692542494,0.0,13.962682438482041,0.0,11.725938019429755,0.0,10.022994359901244,0.0,8.075145355628095,0.0,6.840023492412652,0.0,3.4425144787076203,0.0
Gebet,365.3921568627451,0.0,17.584405117741895,0.0,344.2732865747149,0.0,377.0,0.0,343.0,0.0,282.0,0.0,203.0,0.0,128.0,0.0,77.0,0.0,39.0,0.0,21.0,0.0,2.0,0.0,11.507500851776244,0.0,19.4164878389476,0.0,18.520259177452136,0.0,16.792855623746664,0.0,14.247806848775006,0.0,11.313708498984761,0.0,8.774964387392123,0.0,6.244997998398398,0.0,4.58257569495584,0.0,1.4142135623730951,0.0,,,,,,,,,,,,,,,,,,,,,4.026770538503732,0.0,,,,,,,,,,,,,,,,,,,,,11.507358675154073,0.0,17.31472812842437,0.0,16.56063295727528,0.0,14.758842709658204,0.0,12.009125277898441,0.0,9.297350666918398,0.0,7.01389195548835,0.0,4.558256004230823,0.0,3.0812489261835694,0.0,0.668680288732816,0.0
Gefte,334.3058823529412,0.0,16.861363372483588,0.0,350.453454657369,0.0,340.0,0.0,297.0,0.0,247.0,0.0,186.0,0.0,132.0,0.0,86.0,0.0,54.0,0.0,25.0,0.0,7.0,0.0,11.866332160533856,0.0,18.439088914585774,0.0,17.233687939614086,0.0,15.716233645501712,0.0,13.638181696985855,0.0,11.489125293076057,0.0,9.273618495495704,0.0,7.3484692283495345,0.0,5.0,0.0,2.6457513110645907,0.0,,,,,,,,,,,,,,,,,,,,,3.720096656465946,0.0,,,,,,,,,,,,,,,,,,,,,11.86702727625383,0.0,16.339033377341753,0.0,15.213836814083209,0.0,13.79090299840753,0.0,11.47800754550437,0.0,9.486068148611292,0.0,7.447143572285509,0.0,5.8368769761523795,0.0,3.8356553302521825,0.0,1.983529229327966,0.0
Gehör,377.0156862745098,0.0,17.962826752609185,0.0,359.6740414078332,0.0,395.0,0.0,344.0,0.0,295.0,0.0,231.0,0.0,146.0,0.0,90.0,0.0,55.0,0.0,32.0,0.0,7.0,0.0,12.099613108707072,0.0,19.87460691435179,0.0,18.547236990991408,0.0,17.175564037317667,0.0,15.198684153570664,0.0,12.083045973594572,0.0,9.486832980505138,0.0,7.416198487095663,0.0,5.656854249492381,0.0,2.6457513110645907,0.0,,,,,,,,,,,,,,,,,,,,,4.0970605375925215,0.0,,,,,,,,,,,,,,,,,,,,,12.099355745534142,0.0,17.815439263057577,0.0,16.614874195901237,0.0,15.127720504764993,0.0,12.978836698216965,0.0,9.960737465103454,0.0,7.572100145729065,0.0,5.951654217731818,0.0,4.931185623875813,0.0,1.9273554818007281,0.0
Gelee,335.9843137254902,0.0,16.99649917591361,0.0,337.8243638857168,0.0,339.0,0.0,297.0,0.0,242.0,0.0,181.0,0.0,115.0,0.0,72.0,0.0,40.0,0.0,25.0,0.0,5.0,0.0,11.358497662790283,0.0,18.411952639521967,0.0,17.233687939614086,0.0,15.556349186104045,0.0,13.45362404707371,0.0,10.723805294763608,0.0,8.48528137423857,0.0,6.324555320336759,0.0,5.0,0.0,2.23606797749979,0.0,,,,,,,,,,,,,,,,,,,,,3.066249640775159,0.0,,,,,,,,,,,,,,,,,,,,,11.358423195354899,0.0,16.38143275618185,0.0,15.317498772525665,0.0,13.606665932844809,0.0,11.289775428032938,0.0,8.749131862392192,0.0,6.831037750398696,0.0,5.048960227329749,0.0,4.203458549012797,0.0,1.728702033370433,0.0
Gemüt,412.62745098039215,0.0,18.75260822561385,0.0,416.8428907732715,0.0,451.0,0.0,400.0,0.0,338.0,0.0,272.0,0.0,201.0,0.0,148.0,0.0,102.0,0.0,66.0,0.0,50.0,0.0,14.023233926818298,0.0,21.236760581595302,0.0,20.0,0.0,18.384776310850235,0.0,16.492422502470642,0.0,14.177446878757825,0.0,12.165525060596439,0.0,10.099504938362077,0.0,8.12403840463596,0.0,7.0710678118654755,0.0,,,,,,,,,,,,,,,,,,,,,4.963017983066517,0.0,,,,,,,,,,,,,,,,,,,,,14.023263153606369,0.0,18.925834354237747,0.0,17.959023842158793,0.0,16.44534217320334,0.0,14.356536332629958,0.0,12.319819201611812,0.0,10.310966003785852,0.0,8.596782892478494,0.0,6.791128035172135,0.0,6.077681343916569,0.0
Gengs,392.8274509803922,0.0,18.29106924562926,0.0,349.08075067559673,0.0,408.0,0.0,360.0,0.0,297.0,0.0,225.0,0.0,148.0,0.0,86.0,0.0,46.0,0.0,30.0,0.0,16.0,0.0,11.790949870711138,0.0,20.199009876724155,0.0,18.973665961010276,0.0,17.233687939614086,0.0,15.0,0.0,12.165525060596439,0.0,9.273618495495704,0.0,6.782329983125268,0.0,5.477225575051661,0.0,4.0,0.0,,,,,,,,,,,,,,,,,,,,,4.151511851279016,0.0,,,,,,,,,,,,,,,,,,,,,11.79096946622047,0.0,18.149638897073473,0.0,17.150972182300542,0.0,15.266654221088197,0.0,12.784239604543158,0.0,10.126855981730198,0.0,7.2667556863045215,0.0,5.077513781921784,0.0,3.856534010892671,0.0,2.609431180892979,0.0
Gennt,363.5803921568628,0.0,17.65202675170493,0.0,335.87268670375994,0.0,359.0,0.0,329.0,0.0,279.0,0.0,213.0,0.0,138.0,0.0,72.0,0.0,31.0,0.0,11.0,0.0,0.0,0.0,11.40596550121854,0.0,18.947295321496416,0.0,18.138357147217054,0.0,16.703293088490067,0.0,14.594519519326424,0.0,11.74734012447073,0.0,8.48528137423857,0.0,5.5677643628300215,0.0,3.3166247903554,0.0,0.0,0.0,,,,,,,,,,,,,,,,,,,,,2.705495458294718,0.0,,,,,,,,,,,,,,,,,,,,,11.405707076663669,0.0,16.986237292381453,0.0,16.35381230587816,0.0,14.720189556315747,0.0,12.416989857373546,0.0,9.580119886453414,0.0,6.26602575650251,0.0,3.776350064618525,0.0,1.9624872439608179,0.0,0.0,0.0
Genom,418.4901960784314,0.0,18.91373768665273,0.0,404.7897360513798,0.0,447.0,0.0,398.0,0.0,340.0,0.0,276.0,0.0,200.0,0.0,137.0,0.0,97.0,0.0,62.0,0.0,46.0,0.0,13.725576407208804,0.0,21.142374511865974,0.0,19.949937343260004,0.0,18.439088914585774,0.0,16.61324772583615,0.0,14.142135623730951,0.0,11.704699910719626,0.0,9.848857801796104,0.0,7.874007874011811,0.0,6.782329983125268,0.0,,,,,,,,,,,,,,,,,,,,,7.846277110913128,0.0,,,,,,,,,,,,,,,,,,,,,13.725498488644554,0.0,19.011575134926368,0.0,17.991146730034615,0.0,16.551613423307906,0.0,14.609019889908003,0.0,12.226857822631665,0.0,9.79030989290554,0.0,8.285854201134638,0.0,6.542873798857714,0.0,5.823196449690414,0.0
Genua,375.4313725490196,0.0,17.895350023953583,0.0,327.8740516666526,0.0,378.0,0.0,341.0,0.0,283.0,0.0,209.0,0.0,130.0,0.0,67.0,0.0,21.0,0.0,8.0,0.0,0.0,0.0,11.032839451294636,0.0,19.44222209522358,0.0,18.466185312619388,0.0,16.822603841260722,0.0,14.45683229480096,0.0,11.40175425099138,0.0,8.18535277187245,0.0,4.58257569495584,0.0,2.8284271247461903,0.0,0.0,0.0,,,,,,,,,,,,,,,,,,,,,1.9364441516565942,0.0,,,,,,,,,,,,,,,,,,,,,11.03273076625292,0.0,17.489696033034853,0.0,16.57623781109204,0.0,14.791152939864956,0.0,12.045649741161856,0.0,9.188256932297977,0.0,5.910101579197611,0.0,2.8980563705303086,0.0,1.658197683425983,0.0,0.0,0.0
Gerke,361.39215686274514,0.0,17.648062280838605,0.0,351.816225942394,0.0,372.0,0.0,326.0,0.0,278.0,0.0,213.0,0.0,143.0,0.0,90.0,0.0,50.0,0.0,27.0,0.0,2.0,0.0,11.84581253984179,0.0,19.28730152198591,0.0,18.05547008526779,0.0,16.673332000533065,0.0,14.594519519326424,0.0,11.958260743101398,0.0,9.486832980505138,0.0,7.0710678118654755,0.0,5.196152422706632,0.0,1.4142135623730951,0.0,,,,,,,,,,,,,,,,,,,,,2.892477563484158,0.0,,,,,,,,,,,,,,,,,,,,,11.844973787614395,0.0,17.362844232981058,0.0,16.207785147272254,0.0,14.609265412802594,0.0,12.422643301603795,0.0,9.885131791724753,0.0,7.609286526476294,0.0,5.46531515845797,0.0,4.234253122451395,0.0,0.6618696519470317,0.0
Geste,326.70196078431377,0.0,16.617567817498617,0.0,329.273342188314,0.0,333.0,0.0,285.0,0.0,226.0,0.0,171.0,0.0,111.0,0.0,62.0,0.0,33.0,0.0,13.0,0.0,0.0,0.0,11.006713811214306,0.0,18.24828759089466,0.0,16.881943016134134,0.0,15.033296378372908,0.0,13.076696830622021,0.0,10.535653752852738,0.0,7.874007874011811,0.0,5.744562646538029,0.0,3.605551275463989,0.0,0.0,0.0,,,,,,,,,,,,,,,,,,,,,3.9217606261711104,0.0,,,,,,,,,,,,,,,,,,,,,11.006973277413596,0.0,16.065882276410708,0.0,14.823206807778561,0.0,13.006969744572034,0.0,10.83845665378115,0.0,8.33621864848672,0.0,5.923707052501569,0.0,4.0889016901690844,0.0,2.1123268030682265,0.0,0.0,0.0
Getem,390.28235294117644,0.0,18.25195696638179,0.0,407.0843445019474,0.0,421.0,0.0,373.0,0.0,310.0,0.0,252.0,0.0,184.0,0.0,135.0,0.0,100.0,0.0,66.0,0.0,46.0,0.0,13.75412687097947,0.0,20.518284528683193,0.0,19.313207915827967,0.0,17.60681686165901,0.0,15.874507866387544,0.0,13.564659966250536,0.0,11.61895003862225,0.0,10.0,0.0,8.12403840463596,0.0,6.782329983125268,0.0,,,,,,,,,,,,,,,,,,,,,7.90503160519089,0.0,,,,,,,,,,,,,,,,,,,,,13.754073311091254,0.0,18.172189671188146,0.0,17.240339631025588,0.0,15.798158886588565,0.0,13.883122846528316,0.0,11.828241242363543,0.0,9.951774215709953,0.0,8.490600156714505,0.0,6.648558557298692,0.0,5.823196449690414,0.0
Getto,328.2352941176471,0.0,16.641872214493688,0.0,348.01629559437674,0.0,338.0,0.0,300.0,0.0,246.0,0.0,185.0,0.0,126.0,0.0,78.0,0.0,49.0,0.0,15.0,0.0,0.0,0.0,11.679112066471484,0.0,18.384776310850235,0.0,17.320508075688775,0.0,15.684387141358123,0.0,13.601470508735444,0.0,11.224972160321824,0.0,8.831760866327848,0.0,7.0,0.0,3.872983346207417,0.0,0.0,0.0,,,,,,,,,,,,,,,,,,,,,3.9098262043090237,0.0,,,,,,,,,,,,,,,,,,,,,11.679759595797657,0.0,16.11409265470514,0.0,15.128465706767905,0.0,13.69632653502048,0.0,11.392834270497318,0.0,9.178629993077013,0.0,6.866394692029154,0.0,5.109371476124285,0.0,2.261282390308127,0.0,0.0,0.0
Geäst,342.8156862745098,0.0,16.951747791064406,0.0,339.00630080477686,0.0,345.0,0.0,303.0,0.0,242.0,0.0,183.0,0.0,124.0,0.0,77.0,0.0,42.0,0.0,19.0,0.0,6.0,0.0,11.463758184108475,0.0,18.57417562100671,0.0,17.406895185529212,0.0,15.556349186104045,0.0,13.527749258468683,0.0,11.135528725660043,0.0,8.774964387392123,0.0,6.48074069840786,0.0,4.358898943540674,0.0,2.449489742783178,0.0,,,,,,,,,,,,,,,,,,,,,4.44613914699638,0.0,,,,,,,,,,,,,,,,,,,,,11.463836496193478,0.0,16.35693430142708,0.0,15.441922604142421,0.0,13.56022560911714,0.0,11.379710790411306,0.0,9.027439191663786,0.0,6.780610912585101,0.0,4.708822653336102,0.0,3.056384671194823,0.0,2.2144243950437734,0.0
Gfcßc,370.1686274509804,0.0,17.644327893265725,0.0,410.1482537059986,0.0,389.0,0.0,354.0,0.0,302.0,0.0,252.0,0.0,189.0,0.0,147.0,0.0,104.0,0.0,58.0,0.0,23.0,0.0,13.837538914014115,0.0,19.72308292331602,0.0,18.81488772222678,0.0,17.378147196982766,0.0,15.874507866387544,0.0,13.74772708486752,0.0,12.12435565298214,0.0,10.198039027185569,0.0,7.615773105863909,0.0,4.795831523312719,0.0,,,,,,,,,,,,,,,,,,,,,4.330732909670845,0.0,,,,,,,,,,,,,,,,,,,,,13.838112043995698,0.0,17.65453411662079,0.0,16.809599422574202,0.0,15.39321954749691,0.0,13.829640173238182,0.0,11.698336434782304,0.0,10.070235222284168,0.0,8.140294443679045,0.0,5.821730780473547,0.0,3.5488037744993424,0.0
Ggcht,396.686274509804,0.0,18.400016298072117,0.0,385.77701457562165,0.0,428.0,0.0,371.0,0.0,314.0,0.0,245.0,0.0,173.0,0.0,120.0,0.0,77.0,0.0,48.0,0.0,20.0,0.0,13.005687900930981,0.0,20.688160865577203,0.0,19.261360284258224,0.0,17.72004514666935,0.0,15.652475842498529,0.0,13.152946437965905,0.0,10.954451150103322,0.0,8.774964387392123,0.0,6.928203230275509,0.0,4.47213595499958,0.0,,,,,,,,,,,,,,,,,,,,,4.726575216455119,0.0,,,,,,,,,,,,,,,,,,,,,13.005386254046252,0.0,18.459506803160956,0.0,17.354995910500982,0.0,15.658293190403167,0.0,13.57554501281283,0.0,11.120366509528724,0.0,8.959456297038038,0.0,7.12009658981215,0.0,5.4541029281917845,0.0,2.977387096357184,0.0
Gggln,433.10588235294114,0.0,19.313862047889884,0.0,413.8927923695977,0.0,472.0,0.0,420.0,0.0,358.0,0.0,285.0,0.0,214.0,0.0,148.0,0.0,99.0,0.0,67.0,0.0,39.0,0.0,13.942502305426018,0.0,21.72556098240043,0.0,20.493901531919196,0.0,18.920887928424502,0.0,16.881943016134134,0.0,14.628738838327793,0.0,12.165525060596439,0.0,9.9498743710662,0.0,8.18535277187245,0.0,6.244997998398398,0.0,,,,,,,,,,,,,,,,,,,,,4.780929163820136,0.0,,,,,,,,,,,,,,,,,,,,,13.942111207512935,0.0,19.780741110975175,0.0,18.790917404100732,0.0,17.058206813514282,0.0,14.870905371736855,0.0,12.633922815005077,0.0,10.184437258219575,0.0,8.033717786907902,0.0,6.432995580813915,0.0,4.26141920058517,0.0
Ghtcl,345.6,0.0,17.240703605791744,0.0,381.89515675745673,0.0,356.0,0.0,323.0,0.0,276.0,0.0,214.0,0.0,152.0,0.0,112.0,0.0,77.0,0.0,48.0,0.0,20.0,0.0,12.968889763086503,0.0,18.867962264113206,0.0,17.97220075561143,0.0,16.61324772583615,0.0,14.628738838327793,0.0,12.328828005937952,0.0,10.583005244258363,0.0,8.774964387392123,0.0,6.928203230275509,0.0,4.47213595499958,0.0,,,,,,,,,,,,,,,,,,,,,7.622457196522774,0.0,,,,,,,,,,,,,,,,,,,,,12.96903204367786,0.0,16.845431378905964,0.0,16.038111187616202,0.0,14.65954620949645,0.0,12.535342648281004,0.0,10.421711556520567,0.0,8.81151004903978,0.0,7.252118946480566,0.0,5.840203464976798,0.0,3.6847145977995566,0.0
Ghtcr,340.6313725490196,0.0,17.07021796601177,0.0,362.7352034080874,0.0,344.0,0.0,314.0,0.0,269.0,0.0,207.0,0.0,138.0,0.0,93.0,0.0,56.0,0.0,27.0,0.0,12.0,0.0,12.240060213951573,0.0,18.547236990991408,0.0,17.72004514666935,0.0,16.401219466856727,0.0,14.38749456993816,0.0,11.74734012447073,0.0,9.643650760992955,0.0,7.483314773547883,0.0,5.196152422706632,0.0,3.4641016151377544,0.0,,,,,,,,,,,,,,,,,,,,,8.435982797448409,0.0,,,,,,,,,,,,,,,,,,,,,12.240274050852554,0.0,16.522102617885484,0.0,15.733766271188236,0.0,14.372925523372551,0.0,12.154913628468558,0.0,9.712633876685157,0.0,7.743534334995701,0.0,5.897902822490871,0.0,4.256037306160623,0.0,3.000484787208892,0.0
Ghtdr,384.22352941176473,0.0,18.19396581718408,0.0,382.77801670027696,0.0,402.0,0.0,366.0,0.0,314.0,0.0,249.0,0.0,163.0,0.0,119.0,0.0,75.0,0.0,43.0,0.0,21.0,0.0,12.913486844874008,0.0,20.049937655763422,0.0,19.131126469708992,0.0,17.72004514666935,0.0,15.7797338380595,0.0,12.767145334803704,0.0,10.908712114635714,0.0,8.660254037844387,0.0,6.557438524302,0.0,4.58257569495584,0.0,,,,,,,,,,,,,,,,,,,,,4.153552184890842,0.0,,,,,,,,,,,,,,,,,,,,,12.913668732384995,0.0,18.000871635059866,0.0,17.16124725476041,0.0,15.766602616728978,0.0,13.660134093894788,0.0,10.77197859335695,0.0,8.97299905634241,0.0,7.1420309322405915,0.0,5.5902362402372505,0.0,3.8939281751939974,0.0
Ghtgl,398.0156862745098,0.0,18.535919595837704,0.0,408.94150178314396,0.0,429.0,0.0,385.0,0.0,330.0,0.0,256.0,0.0,186.0,0.0,142.0,0.0,101.0,0.0,70.0,0.0,36.0,0.0,13.810937714165341,0.0,20.71231517720798,0.0,19.621416870348583,0.0,18.16590212458495,0.0,16.0,0.0,13.638181696985855,0.0,11.916375287812984,0.0,10.04987562112089,0.0,8.366600265340756,0.0,6.0,0.0,,,,,,,,,,,,,,,,,,,,,4.212284037954278,0.0,,,,,,,,,,,,,,,,,,,,,13.81102137083048,0.0,18.611445357195002,0.0,17.748594629760074,0.0,16.268762443912202,0.0,13.927398614838808,0.0,11.800818786737125,0.0,10.095269031592947,0.0,8.298777328495419,0.0,6.80025658594984,0.0,4.513406057177185,0.0
Ghthl,387.5960784313726,0.0,18.36078808285343,0.0,398.07595656739807,0.0,413.0,0.0,367.0,0.0,318.0,0.0,251.0,0.0,175.0,0.0,132.0,0.0,89.0,0.0,64.0,0.0,22.0,0.0,13.509761160995751,0.0,20.322401432901575,0.0,19.157244060668017,0.0,17.832554500127006,0.0,15.84297951775486,0.0,13.228756555322953,0.0,11.489125293076057,0.0,9.433981132056603,0.0,8.0,0.0,4.69041575982343,0.0,,,,,,,,,,,,,,,,,,,,,4.138806282345446,0.0,,,,,,,,,,,,,,,,,,,,,13.50958631241458,0.0,18.282536132320736,0.0,17.292314938378414,0.0,15.916636176145682,0.0,13.798188130423936,0.0,11.366005810880077,0.0,9.688274102147268,0.0,8.046193782246736,0.0,6.944206584362743,0.0,3.7439986126116978,0.0
Ghtkn,410.7803921568627,0.0,18.860542450173643,0.0,382.39483684427864,0.0,431.0,0.0,390.0,0.0,343.0,0.0,266.0,0.0,187.0,0.0,119.0,0.0,71.0,0.0,46.0,0.0,14.0,0.0,13.000526843321348,0.0,20.760539492026695,0.0,19.748417658131498,0.0,18.520259177452136,0.0,16.30950643030009,0.0,13.674794331177344,0.0,10.908712114635714,0.0,8.426149773176359,0.0,6.782329983125268,0.0,3.7416573867739413,0.0,,,,,,,,,,,,,,,,,,,,,3.0513521806400354,0.0,,,,,,,,,,,,,,,,,,,,,13.000185747893246,0.0,18.857630431796277,0.0,17.96704496260566,0.0,16.646399488567393,0.0,14.202052705064865,0.0,11.655680971824175,0.0,9.071209123331638,0.0,6.889824602043689,0.0,5.777139387510936,0.0,3.0732651282249654,0.0
Ghtpr,383.9607843137255,0.0,18.197845586941096,0.0,380.6393309630057,0.0,393.0,0.0,358.0,0.0,311.0,0.0,241.0,0.0,164.0,0.0,113.0,0.0,76.0,0.0,46.0,0.0,28.0,0.0,12.919334580812214,0.0,19.82422760159901,0.0,18.920887928424502,0.0,17.635192088548397,0.0,15.524174696260024,0.0,12.806248474865697,0.0,10.63014581273465,0.0,8.717797887081348,0.0,6.782329983125268,0.0,5.291502622129181,0.0,,,,,,,,,,,,,,,,,,,,,4.475850964713166,0.0,,,,,,,,,,,,,,,,,,,,,12.919465895850202,0.0,17.820351149659857,0.0,16.97764072124981,0.0,15.667915731362806,0.0,13.400978697352032,0.0,10.902692354919076,0.0,8.856884988633203,0.0,7.205574488721118,0.0,5.72995475383088,0.0,4.5708187003882195,0.0
Ghtsc,346.77647058823527,0.0,17.152734069058184,0.0,354.12974463639205,0.0,356.0,0.0,315.0,0.0,259.0,0.0,199.0,0.0,132.0,0.0,85.0,0.0,52.0,0.0,29.0,0.0,12.0,0.0,11.959669207301971,0.0,18.867962264113206,0.0,17.74823934929885,0.0,16.09347693943108,0.0,14.106735979665885,0.0,11.489125293076057,0.0,9.219544457292887,0.0,7.211102550927978,0.0,5.385164807134504,0.0,3.4641016151377544,0.0,,,,,,,,,,,,,,,,,,,,,7.2782717370322745,0.0,,,,,,,,,,,,,,,,,,,,,11.959734757386675,0.0,16.738230205948703,0.0,15.766130862383365,0.0,14.106776126009143,0.0,11.892235301416127,0.0,9.410505026895017,0.0,7.398355120028279,0.0,5.714179486415184,0.0,4.3329220504552515,0.0,3.000484787208892,0.0
Ghtsm,412.8627450980392,0.0,18.79363721296189,0.0,430.16907748918015,0.0,452.0,0.0,399.0,0.0,337.0,0.0,277.0,0.0,212.0,0.0,159.0,0.0,121.0,0.0,83.0,0.0,58.0,0.0,14.506918538767865,0.0,21.2602916254693,0.0,19.974984355438178,0.0,18.35755975068582,0.0,16.64331697709324,0.0,14.560219778561036,0.0,12.609520212918492,0.0,11.0,0.0,9.1104335791443,0.0,7.615773105863909,0.0,,,,,,,,,,,,,,,,,,,,,5.899789178873174,0.0,,,,,,,,,,,,,,,,,,,,,14.506772684160978,0.0,18.97060497076567,0.0,17.97614661133393,0.0,16.558129522991784,0.0,14.673354337433041,0.0,12.74424433494146,0.0,10.888956875360249,0.0,9.452905677194298,0.0,7.669800841323602,0.0,6.550242737108283,0.0
Ghtsp,390.1058823529412,0.0,18.275270959491397,0.0,373.84375575371246,0.0,408.0,0.0,361.0,0.0,298.0,0.0,233.0,0.0,166.0,0.0,107.0,0.0,73.0,0.0,48.0,0.0,28.0,0.0,12.722485545350159,0.0,20.199009876724155,0.0,19.0,0.0,17.26267650163207,0.0,15.264337522473747,0.0,12.884098726725126,0.0,10.344080432788601,0.0,8.54400374531753,0.0,6.928203230275509,0.0,5.291502622129181,0.0,,,,,,,,,,,,,,,,,,,,,4.384632522184873,0.0,,,,,,,,,,,,,,,,,,,,,12.722476620528205,0.0,18.10060145757106,0.0,17.1022569953686,0.0,15.34926160865619,0.0,13.178668912345364,0.0,10.86745357670798,0.0,8.657251446768688,0.0,7.095028280386409,0.0,5.788608516446698,0.0,4.569734346234212,0.0
Ghtsw,392.9764705882353,0.0,18.27276479087532,0.0,406.98143882639056,0.0,416.0,0.0,376.0,0.0,324.0,0.0,258.0,0.0,188.0,0.0,139.0,0.0,96.0,0.0,65.0,0.0,37.0,0.0,13.794198485617407,0.0,20.396078054371138,0.0,19.390719429665317,0.0,18.0,0.0,16.06237840420901,0.0,13.711309200802088,0.0,11.789826122551595,0.0,9.797958971132712,0.0,8.06225774829855,0.0,6.082762530298219,0.0,,,,,,,,,,,,,,,,,,,,,4.540447203324131,0.0,,,,,,,,,,,,,,,,,,,,,13.794346576121496,0.0,18.256998893024537,0.0,17.438035222606054,0.0,16.106392342445076,0.0,14.027335973484332,0.0,11.761778902352162,0.0,9.910063371918744,0.0,8.040593539814815,0.0,6.430575052984194,0.0,4.694132084597772,0.0
Gifte,314.678431372549,0.0,16.36457901587395,0.0,371.52616754811504,0.0,325.0,0.0,281.0,0.0,238.0,0.0,188.0,0.0,144.0,0.0,104.0,0.0,70.0,0.0,31.0,0.0,7.0,0.0,12.65366673550746,0.0,18.027756377319946,0.0,16.76305461424021,0.0,15.427248620541512,0.0,13.711309200802088,0.0,12.0,0.0,10.198039027185569,0.0,8.366600265340756,0.0,5.5677643628300215,0.0,2.6457513110645907,0.0,,,,,,,,,,,,,,,,,,,,,3.4486494140695223,0.0,,,,,,,,,,,,,,,,,,,,,12.654410941551856,0.0,15.878252470196465,0.0,14.773806378280879,0.0,13.548583544717626,0.0,11.643992885481822,0.0,10.012929910638729,0.0,8.3093898090027,0.0,6.629086834215528,0.0,4.299434741111136,0.0,1.983529229327966,0.0
Gilde,348.98823529411766,0.0,17.352260095197405,0.0,384.97730506218693,0.0,369.0,0.0,322.0,0.0,274.0,0.0,222.0,0.0,157.0,0.0,122.0,0.0,79.0,0.0,46.0,0.0,14.0,0.0,13.04638966812573,0.0,19.209372712298546,0.0,17.944358444926362,0.0,16.55294535724685,0.0,14.89966442575134,0.0,12.529964086141668,0.0,11.045361017187261,0.0,8.888194417315589,0.0,6.782329983125268,0.0,3.7416573867739413,0.0,,,,,,,,,,,,,,,,,,,,,5.069869040759695,0.0,,,,,,,,,,,,,,,,,,,,,13.046628449420377,0.0,17.176320404121224,0.0,16.059920254610926,0.0,14.63874085851505,0.0,12.894524786382497,0.0,10.520931077574003,0.0,9.128011487841976,0.0,7.279804209664087,0.0,5.85504455396311,0.0,3.0223028249667907,0.0
Ginis,312.11764705882354,0.0,16.31301563312316,0.0,355.2486907856901,0.0,313.0,0.0,278.0,0.0,230.0,0.0,187.0,0.0,136.0,0.0,86.0,0.0,48.0,0.0,19.0,0.0,0.0,0.0,12.135464560852537,0.0,17.69180601295413,0.0,16.673332000533065,0.0,15.165750888103101,0.0,13.674794331177344,0.0,11.661903789690601,0.0,9.273618495495704,0.0,6.928203230275509,0.0,4.358898943540674,0.0,0.0,0.0,,,,,,,,,,,,,,,,,,,,,4.225897973358667,0.0,,,,,,,,,,,,,,,,,,,,,12.135118779689044,0.0,15.702724225113368,0.0,14.818515874325305,0.0,13.193829851253543,0.0,11.544235428627836,0.0,9.548855726915841,0.0,7.137818374011164,0.0,5.007417424567763,0.0,3.155475884665339,0.0,0.0,0.0
Ginzi,319.8509803921569,0.0,16.606984259107296,0.0,370.65789024683215,0.0,324.0,0.0,293.0,0.0,251.0,0.0,199.0,0.0,154.0,0.0,100.0,0.0,56.0,0.0,26.0,0.0,2.0,0.0,12.643246070235355,0.0,18.0,0.0,17.11724276862369,0.0,15.84297951775486,0.0,14.106735979665885,0.0,12.409673645990857,0.0,10.0,0.0,7.483314773547883,0.0,5.0990195135927845,0.0,1.4142135623730951,0.0,,,,,,,,,,,,,,,,,,,,,4.635246069580959,0.0,,,,,,,,,,,,,,,,,,,,,12.643616314743769,0.0,16.085807692614445,0.0,15.247717041722758,0.0,13.758767410828314,0.0,11.90159741161389,0.0,10.18570147299675,0.0,7.665619521151825,0.0,5.4070436551695344,0.0,3.5225840309899246,0.0,0.9625466294888946,0.0
Gisiß,345.2313725490196,0.0,17.086602579127298,0.0,414.94043162631954,0.0,370.0,0.0,331.0,0.0,275.0,0.0,240.0,0.0,190.0,0.0,151.0,0.0,105.0,0.0,59.0,0.0,19.0,0.0,14.031367189918878,0.0,19.235384061671343,0.0,18.193405398660254,0.0,16.583123951777,0.0,15.491933384829668,0.0,13.784048752090222,0.0,12.288205727444508,0.0,10.246950765959598,0.0,7.681145747868608,0.0,4.358898943540674,0.0,,,,,,,,,,,,,,,,,,,,,8.251749026888985,0.0,,,,,,,,,,,,,,,,,,,,,14.031157124514987,0.0,17.155762714287064,0.0,16.303592476675043,0.0,14.641469717151304,0.0,13.540150053671553,0.0,11.814041815090153,0.0,10.180949515986306,0.0,8.01342438600503,0.0,5.691360429412447,0.0,2.8664598596107562,0.0
Gisti,287.4470588235294,0.0,15.592668256102524,0.0,371.2565490412048,0.0,297.0,0.0,258.0,0.0,209.0,0.0,173.0,0.0,133.0,0.0,99.0,0.0,65.0,0.0,28.0,0.0,2.0,0.0,12.627697348179456,0.0,17.233687939614086,0.0,16.06237840420901,0.0,14.45683229480096,0.0,13.152946437965905,0.0,11.532562594670797,0.0,9.9498743710662,0.0,8.06225774829855,0.0,5.291502622129181,0.0,1.4142135623730951,0.0,,,,,,,,,,,,,,,,,,,,,6.1603250769621996,0.0,,,,,,,,,,,,,,,,,,,,,12.627639929212338,0.0,14.937195472989917,0.0,13.995467360149258,0.0,12.38360002564376,0.0,10.981241198214393,0.0,9.37897274134413,0.0,7.8446782616884105,0.0,6.010634410003832,0.0,3.6334703707777947,0.0,0.9625466294888946,0.0
Gitei,295.9019607843137,0.0,15.875740574624292,0.0,366.678613601574,0.0,302.0,0.0,269.0,0.0,221.0,0.0,177.0,0.0,125.0,0.0,93.0,0.0,60.0,0.0,27.0,0.0,2.0,0.0,12.451428825497137,0.0,17.378147196982766,0.0,16.401219466856727,0.0,14.866068747318506,0.0,13.30413469565007,0.0,11.180339887498949,0.0,9.643650760992955,0.0,7.745966692414834,0.0,5.196152422706632,0.0,1.4142135623730951,0.0,,,,,,,,,,,,,,,,,,,,,5.029184864689949,0.0,,,,,,,,,,,,,,,,,,,,,12.451795427168605,0.0,15.073158838571642,0.0,14.278024172450545,0.0,12.834256430826594,0.0,11.100032100014053,0.0,9.137319887761892,0.0,7.683154515209322,0.0,5.764554230186994,0.0,3.583480081168744,0.0,0.9625466294888946,0.0
Gjkqw,430.75686274509803,0.0,19.220850446526434,0.0,463.0319759295701,0.0,477.0,0.0,437.0,0.0,386.0,0.0,323.0,0.0,244.0,0.0,190.0,0.0,133.0,0.0,93.0,0.0,46.0,0.0,15.38487265705013,0.0,21.840329667841555,0.0,20.904544960366874,0.0,19.6468827043885,0.0,17.97220075561143,0.0,15.620499351813308,0.0,13.784048752090222,0.0,11.532562594670797,0.0,9.643650760992955,0.0,6.782329983125268,0.0,,,,,,,,,,,,,,,,,,,,,7.6128889308386745,0.0,,,,,,,,,,,,,,,,,,,,,15.385248206688212,0.0,19.74233945177386,0.0,19.01070505748402,0.0,17.72319105644263,0.0,16.00261800516427,0.0,13.59628104529857,0.0,11.634826168508408,0.0,9.461305907860089,0.0,7.900169791546628,0.0,4.960458979422491,0.0
Gjtnn,353.3843137254902,0.0,17.41901412412645,0.0,376.2571462124706,0.0,363.0,0.0,337.0,0.0,292.0,0.0,228.0,0.0,161.0,0.0,107.0,0.0,59.0,0.0,26.0,0.0,7.0,0.0,12.799218478945548,0.0,19.05255888325765,0.0,18.35755975068582,0.0,17.08800749063506,0.0,15.0996688705415,0.0,12.68857754044952,0.0,10.344080432788601,0.0,7.681145747868608,0.0,5.0990195135927845,0.0,2.6457513110645907,0.0,,,,,,,,,,,,,,,,,,,,,4.668558080125162,0.0,,,,,,,,,,,,,,,,,,,,,12.799815087866055,0.0,17.05469425085096,0.0,16.486707156843288,0.0,15.206400037868338,0.0,12.992414900728006,0.0,10.536831802537014,0.0,8.26735129597206,0.0,5.655845538583026,0.0,3.7679856991786336,0.0,2.0096985797240485,0.0
Glanz,354.16078431372546,0.0,17.474588569541215,0.0,367.3059754922201,0.0,359.0,0.0,332.0,0.0,280.0,0.0,213.0,0.0,152.0,0.0,108.0,0.0,59.0,0.0,28.0,0.0,8.0,0.0,12.534845216027934,0.0,18.947295321496416,0.0,18.2208671582886,0.0,16.73320053068151,0.0,14.594519519326424,0.0,12.328828005937952,0.0,10.392304845413264,0.0,7.681145747868608,0.0,5.291502622129181,0.0,2.8284271247461903,0.0,,,,,,,,,,,,,,,,,,,,,2.840348784002679,0.0,,,,,,,,,,,,,,,,,,,,,12.535729434225004,0.0,16.98654198011658,0.0,16.377408622350764,0.0,14.72760544391905,0.0,12.449849896492342,0.0,10.250911496899457,0.0,8.26131934417643,0.0,5.904287232494219,0.0,4.2137281266178,0.0,2.280357197261983,0.0
Gleis,307.9019607843137,0.0,16.231667208785982,0.0,365.2735630228956,0.0,313.0,0.0,282.0,0.0,223.0,0.0,181.0,0.0,134.0,0.0,95.0,0.0,59.0,0.0,30.0,0.0,7.0,0.0,12.41140267916671,0.0,17.69180601295413,0.0,16.792855623746664,0.0,14.933184523068078,0.0,13.45362404707371,0.0,11.575836902790225,0.0,9.746794344808963,0.0,7.681145747868608,0.0,5.477225575051661,0.0,2.6457513110645907,0.0,,,,,,,,,,,,,,,,,,,,,5.359944196475688,0.0,,,,,,,,,,,,,,,,,,,,,12.411085768523348,0.0,15.603950554051575,0.0,14.863890187962417,0.0,12.935886834049818,0.0,11.35235278382432,0.0,9.593789670114369,0.0,7.894920883590662,0.0,6.04808146247231,0.0,4.447516676314487,0.0,2.2271431221184588,0.0
Glied,348.98823529411766,0.0,17.352260095197405,0.0,388.4493781265773,0.0,364.0,0.0,329.0,0.0,275.0,0.0,228.0,0.0,158.0,0.0,120.0,0.0,79.0,0.0,46.0,0.0,16.0,0.0,13.15789988024336,0.0,19.078784028338912,0.0,18.138357147217054,0.0,16.583123951777,0.0,15.0996688705415,0.0,12.569805089976535,0.0,10.954451150103322,0.0,8.888194417315589,0.0,6.782329983125268,0.0,4.0,0.0,,,,,,,,,,,,,,,,,,,,,6.932869714512377,0.0,,,,,,,,,,,,,,,,,,,,,13.158493096603928,0.0,17.029215804346848,0.0,16.24283132170153,0.0,14.708870860706115,0.0,13.069171785585276,0.0,10.663267527875059,0.0,9.108559851911622,0.0,7.283939108177041,0.0,5.715479940204872,0.0,3.2260022954724956,0.0
Glott,318.60392156862747,0.0,16.464192969428037,0.0,379.260315647668,0.0,332.0,0.0,301.0,0.0,247.0,0.0,197.0,0.0,149.0,0.0,107.0,0.0,74.0,0.0,30.0,0.0,7.0,0.0,12.83526896125551,0.0,18.2208671582886,0.0,17.349351572897472,0.0,15.716233645501712,0.0,14.035668847618199,0.0,12.206555615733702,0.0,10.344080432788601,0.0,8.602325267042627,0.0,5.477225575051661,0.0,2.6457513110645907,0.0,,,,,,,,,,,,,,,,,,,,,4.704953742241347,0.0,,,,,,,,,,,,,,,,,,,,,12.835069715853777,0.0,15.909942106348419,0.0,15.21450056990718,0.0,13.729001028510607,0.0,11.945959000772651,0.0,10.225487778264856,0.0,8.39877006924961,0.0,6.788708274101756,0.0,4.286116656494639,0.0,2.2271431221184588,0.0
Glxjs,319.0705882352941,0.0,16.525255216695804,0.0,394.1620982524904,0.0,334.0,0.0,299.0,0.0,255.0,0.0,209.0,0.0,158.0,0.0,123.0,0.0,75.0,0.0,41.0,0.0,14.0,0.0,13.340100190559756,0.0,18.275666882497067,0.0,17.291616465790582,0.0,15.968719422671311,0.0,14.45683229480096,0.0,12.569805089976535,0.0,11.090536506409418,0.0,8.660254037844387,0.0,6.4031242374328485,0.0,3.7416573867739413,0.0,,,,,,,,,,,,,,,,,,,,,4.387378709373696,0.0,,,,,,,,,,,,,,,,,,,,,13.340218071487396,0.0,16.188585538145816,0.0,15.368881573223835,0.0,13.950346916729174,0.0,12.294267817496372,0.0,10.415634757092167,0.0,9.025407181655416,0.0,6.754861496646073,0.0,5.164371230315265,0.0,2.8475677859123003,0.0
Glück,377.7450980392157,0.0,18.025760113838775,0.0,398.9172996088146,0.0,410.0,0.0,371.0,0.0,315.0,0.0,255.0,0.0,179.0,0.0,123.0,0.0,80.0,0.0,48.0,0.0,18.0,0.0,13.444961531971742,0.0,20.248456731316587,0.0,19.261360284258224,0.0,17.74823934929885,0.0,15.968719422671311,0.0,13.379088160259652,0.0,11.090536506409418,0.0,8.94427190999916,0.0,6.928203230275509,0.0,4.242640687119285,0.0,,,,,,,,,,,,,,,,,,,,,4.330811378332157,0.0,,,,,,,,,,,,,,,,,,,,,13.444844547300363,0.0,18.2709344707122,0.0,17.36659846890879,0.0,15.741065192394357,0.0,13.815566667736435,0.0,11.21942444906782,0.0,9.320725477061828,0.0,7.345884097841971,0.0,5.980064604095247,0.0,3.468926241698286,0.0
Gommo,462.9411764705883,0.0,19.853288111226664,0.0,471.9933741526344,0.0,517.0,0.0,452.0,0.0,393.0,0.0,330.0,0.0,267.0,0.0,206.0,0.0,161.0,0.0,106.0,0.0,88.0,0.0,15.652355542012726,0.0,22.737634001804146,0.0,21.2602916254693,0.0,19.82422760159901,0.0,18.16590212458495,0.0,16.34013463836819,0.0,14.352700094407323,0.0,12.68857754044952,0.0,10.295630140987,0.0,9.38083151964686,0.0,,,,,,,,,,,,,,,,,,,,,6.124270151170414,0.0,,,,,,,,,,,,,,,,,,,,,15.652461859004998,0.0,20.504213980217344,0.0,19.295755401318107,0.0,18.05963468927353,0.0,16.36714283567348,0.0,14.559723707367349,0.0,12.466336012636395,0.0,11.0273112339819,0.0,8.796193006616903,0.0,8.008574964728354,0.0
Gongs,396.36470588235295,0.0,18.335091453919894,0.0,348.8433184040508,0.0,415.0,0.0,367.0,0.0,300.0,0.0,224.0,0.0,147.0,0.0,88.0,0.0,46.0,0.0,29.0,0.0,16.0,0.0,11.76250388015983,0.0,20.37154878746336,0.0,19.157244060668017,0.0,17.320508075688775,0.0,14.966629547095765,0.0,12.12435565298214,0.0,9.38083151964686,0.0,6.782329983125268,0.0,5.385164807134504,0.0,4.0,0.0,,,,,,,,,,,,,,,,,,,,,4.007380632673482,0.0,,,,,,,,,,,,,,,,,,,,,11.762516494813143,0.0,18.281655157520962,0.0,17.283739102297947,0.0,15.33696706481247,0.0,12.79176962578271,0.0,10.096617761213967,0.0,7.297485082777164,0.0,5.060345048514134,0.0,3.827155289889661,0.0,2.609431180892979,0.0
Gonon,381.1137254901961,0.0,18.014733600085385,0.0,330.4587573870241,0.0,382.0,0.0,347.0,0.0,293.0,0.0,218.0,0.0,138.0,0.0,70.0,0.0,28.0,0.0,7.0,0.0,0.0,0.0,11.12630784289599,0.0,19.544820285692065,0.0,18.627936010197157,0.0,17.11724276862369,0.0,14.7648230602334,0.0,11.74734012447073,0.0,8.366600265340756,0.0,5.291502622129181,0.0,2.6457513110645907,0.0,0.0,0.0,,,,,,,,,,,,,,,,,,,,,2.2095519859376775,0.0,,,,,,,,,,,,,,,,,,,,,11.126177381780959,0.0,17.674055100743015,0.0,16.748469754593792,0.0,15.155744980670125,0.0,12.602189071171626,0.0,9.451342758125653,0.0,6.003019222347749,0.0,3.397222003070144,0.0,1.5893592377876673,0.0,0.0,0.0
Goten,352.90588235294115,0.0,17.31863408312533,0.0,332.75336583759156,0.0,356.0,0.0,322.0,0.0,263.0,0.0,194.0,0.0,122.0,0.0,68.0,0.0,31.0,0.0,11.0,0.0,0.0,0.0,11.161509059610234,0.0,18.867962264113206,0.0,17.944358444926362,0.0,16.217274740226856,0.0,13.92838827718412,0.0,11.045361017187261,0.0,8.246211251235321,0.0,5.5677643628300215,0.0,3.3166247903554,0.0,0.0,0.0,,,,,,,,,,,,,,,,,,,,,3.293250035170622,0.0,,,,,,,,,,,,,,,,,,,,,11.161600563777148,0.0,16.763970463842732,0.0,15.922628126537221,0.0,14.308257099186887,0.0,11.746788169410893,0.0,8.91304752934487,0.0,6.253705649581854,0.0,3.8394173521672803,0.0,1.972504570256867,0.0,0.0,0.0
Gotin,333.278431372549,0.0,16.83534846960529,0.0,350.9323530761605,0.0,336.0,0.0,307.0,0.0,255.0,0.0,193.0,0.0,137.0,0.0,86.0,0.0,45.0,0.0,15.0,0.0,0.0,0.0,11.87497555982187,0.0,18.33030277982336,0.0,17.52141546793523,0.0,15.968719422671311,0.0,13.892443989449804,0.0,11.704699910719626,0.0,9.273618495495704,0.0,6.708203932499369,0.0,3.872983346207417,0.0,0.0,0.0,,,,,,,,,,,,,,,,,,,,,4.576838004942102,0.0,,,,,,,,,,,,,,,,,,,,,11.87528061269012,0.0,16.32679485664533,0.0,15.5478944690192,0.0,14.076554028937796,0.0,11.767880526124078,0.0,9.592156445715325,0.0,7.145839813930337,0.0,4.7683528188567506,0.0,2.6606737617258447,0.0,0.0,0.0
Gouda,397.38823529411764,0.0,18.366019305467272,0.0,347.71306757592095,0.0,419.0,0.0,375.0,0.0,307.0,0.0,234.0,0.0,139.0,0.0,88.0,0.0,42.0,0.0,23.0,0.0,9.0,0.0,11.658456320651535,0.0,20.46948949045872,0.0,19.364916731037084,0.0,17.52141546793523,0.0,15.297058540778355,0.0,11.789826122551595,0.0,9.38083151964686,0.0,6.48074069840786,0.0,4.795831523312719,0.0,3.0,0.0,,,,,,,,,,,,,,,,,,,,,3.5338375124856567,0.0,,,,,,,,,,,,,,,,,,,,,11.6583383496023,0.0,18.416612371816942,0.0,17.385905754343902,0.0,15.519706079532192,0.0,13.113380327103208,0.0,9.53868434283515,0.0,7.286948179873879,0.0,5.056619418832264,0.0,3.9544636682566727,0.0,2.4773383361263903,0.0
Grabe,365.9372549019608,0.0,17.596326204244953,0.0,350.01848342255767,0.0,373.0,0.0,340.0,0.0,284.0,0.0,205.0,0.0,139.0,0.0,88.0,0.0,47.0,0.0,24.0,0.0,2.0,0.0,11.781358759266823,0.0,19.313207915827967,0.0,18.439088914585774,0.0,16.852299546352718,0.0,14.317821063276353,0.0,11.789826122551595,0.0,9.38083151964686,0.0,6.855654600401044,0.0,4.898979485566356,0.0,1.4142135623730951,0.0,,,,,,,,,,,,,,,,,,,,,3.9014151484701474,0.0,,,,,,,,,,,,,,,,,,,,,11.78153222163237,0.0,17.419335148423404,0.0,16.56306284691586,0.0,14.8084677542167,0.0,12.112167730873509,0.0,9.741404055470236,0.0,7.448520113545755,0.0,4.946147430283544,0.0,3.3071174405910013,0.0,0.6618696519470317,0.0
Grahf,365.8862745098039,0.0,17.711568800022746,0.0,380.8766687454263,0.0,373.0,0.0,334.0,0.0,285.0,0.0,226.0,0.0,162.0,0.0,124.0,0.0,79.0,0.0,51.0,0.0,11.0,0.0,13.002133975785457,0.0,19.313207915827967,0.0,18.275666882497067,0.0,16.881943016134134,0.0,15.033296378372908,0.0,12.727922061357855,0.0,11.135528725660043,0.0,8.888194417315589,0.0,7.14142842854285,0.0,3.3166247903554,0.0,,,,,,,,,,,,,,,,,,,,,4.337892115613944,0.0,,,,,,,,,,,,,,,,,,,,,13.002246196824133,0.0,17.309482135020986,0.0,16.45416163693608,0.0,14.870118436554806,0.0,12.921870122503,0.0,10.696903536766587,0.0,9.058521095555191,0.0,7.190746008299662,0.0,5.763423526782194,0.0,2.39268828039906,0.0
Grall,316.43921568627457,0.0,16.54407044292467,0.0,391.1366007672508,0.0,319.0,0.0,292.0,0.0,247.0,0.0,199.0,0.0,158.0,0.0,126.0,0.0,88.0,0.0,52.0,0.0,13.0,0.0,13.347494832134505,0.0,17.86057109949175,0.0,17.08800749063506,0.0,15.716233645501712,0.0,14.106735979665885,0.0,12.569805089976535,0.0,11.224972160321824,0.0,9.38083151964686,0.0,7.211102550927978,0.0,3.605551275463989,0.0,,,,,,,,,,,,,,,,,,,,,4.438852939943265,0.0,,,,,,,,,,,,,,,,,,,,,13.347414263788897,0.0,15.942474411848167,0.0,15.302976567985283,0.0,13.775673151227988,0.0,12.11074460995236,0.0,10.620206197391866,0.0,9.255609990640126,0.0,7.606965022478565,0.0,6.029992138181471,0.0,2.73516147471706,0.0
Grbnd,408.09411764705885,0.0,18.686593417437944,0.0,381.6280408624961,0.0,423.0,0.0,400.0,0.0,345.0,0.0,267.0,0.0,175.0,0.0,120.0,0.0,67.0,0.0,41.0,0.0,11.0,0.0,12.889226270924258,0.0,20.566963801203133,0.0,20.0,0.0,18.57417562100671,0.0,16.34013463836819,0.0,13.228756555322953,0.0,10.954451150103322,0.0,8.18535277187245,0.0,6.4031242374328485,0.0,3.3166247903554,0.0,,,,,,,,,,,,,,,,,,,,,6.567827626395088,0.0,,,,,,,,,,,,,,,,,,,,,12.8891824813257,0.0,18.7644471359462,0.0,18.23340362728112,0.0,16.605686569233193,0.0,14.190204750437669,0.0,11.122853703652732,0.0,8.928337437037674,0.0,6.396490116534284,0.0,4.9058798932433625,0.0,2.4274583180026745,0.0
Grdch,383.721568627451,0.0,18.16122972935984,0.0,383.0463841711814,0.0,405.0,0.0,363.0,0.0,312.0,0.0,252.0,0.0,173.0,0.0,113.0,0.0,72.0,0.0,47.0,0.0,14.0,0.0,12.926892868832947,0.0,20.12461179749811,0.0,19.05255888325765,0.0,17.663521732655695,0.0,15.874507866387544,0.0,13.152946437965905,0.0,10.63014581273465,0.0,8.48528137423857,0.0,6.855654600401044,0.0,3.7416573867739413,0.0,,,,,,,,,,,,,,,,,,,,,4.729833250732245,0.0,,,,,,,,,,,,,,,,,,,,,12.926662250160113,0.0,18.158027254431705,0.0,17.21091275894247,0.0,15.673826633999889,0.0,13.817847059655795,0.0,10.967669153731803,0.0,8.680389341743942,0.0,6.9890212811098875,0.0,5.740059922727943,0.0,2.9130469591391503,0.0
Grees,322.5607843137255,0.0,16.55667929789419,0.0,331.04410401362736,0.0,319.0,0.0,288.0,0.0,223.0,0.0,174.0,0.0,107.0,0.0,63.0,0.0,30.0,0.0,17.0,0.0,0.0,0.0,11.09207113495092,0.0,17.86057109949175,0.0,16.97056274847714,0.0,14.933184523068078,0.0,13.19090595827292,0.0,10.344080432788601,0.0,7.937253933193772,0.0,5.477225575051661,0.0,4.123105625617661,0.0,0.0,0.0,,,,,,,,,,,,,,,,,,,,,2.981509626701395,0.0,,,,,,,,,,,,,,,,,,,,,11.091906267428,0.0,15.706298513174689,0.0,14.985592850738191,0.0,12.833209530844915,0.0,10.889270912903193,0.0,8.183701855554725,0.0,6.017731845637793,0.0,3.865010736821303,0.0,2.5033944678830533,0.0,0.0,0.0
Grehe,362.0509803921569,0.0,17.663696296610752,0.0,352.540859257099,0.0,372.0,0.0,328.0,0.0,273.0,0.0,215.0,0.0,139.0,0.0,86.0,0.0,45.0,0.0,32.0,0.0,2.0,0.0,11.88387481660164,0.0,19.28730152198591,0.0,18.110770276274835,0.0,16.522711641858304,0.0,14.66287829861518,0.0,11.789826122551595,0.0,9.273618495495704,0.0,6.708203932499369,0.0,5.656854249492381,0.0,1.4142135623730951,0.0,,,,,,,,,,,,,,,,,,,,,3.8988462408645184,0.0,,,,,,,,,,,,,,,,,,,,,11.883600203601173,0.0,17.27944858406279,0.0,16.24398540889623,0.0,14.469117793359953,0.0,12.498381722297246,0.0,9.649172928809522,0.0,7.370082534810899,0.0,5.344036482923747,0.0,4.477486074755719,0.0,0.6618696519470317,0.0
Greif,310.53725490196075,0.0,16.30274564516463,0.0,377.22472510414,0.0,307.0,0.0,285.0,0.0,235.0,0.0,193.0,0.0,149.0,0.0,110.0,0.0,72.0,0.0,41.0,0.0,9.0,0.0,12.849515983243077,0.0,17.52141546793523,0.0,16.881943016134134,0.0,15.329709716755891,0.0,13.892443989449804,0.0,12.206555615733702,0.0,10.488088481701515,0.0,8.48528137423857,0.0,6.4031242374328485,0.0,3.0,0.0,,,,,,,,,,,,,,,,,,,,,4.857900731726396,0.0,,,,,,,,,,,,,,,,,,,,,12.849049328966421,0.0,15.542405976464547,0.0,14.99987641020899,0.0,13.288590281166757,0.0,11.770593127782902,0.0,10.1493052489143,0.0,8.493772759580413,0.0,6.5963647306144315,0.0,4.781311288726913,0.0,2.299470374815862,0.0
Grfmm,440.41568627450977,0.0,19.453809882751717,0.0,513.1490619929637,0.0,492.0,0.0,438.0,0.0,388.0,0.0,342.0,0.0,294.0,0.0,244.0,0.0,195.0,0.0,132.0,0.0,97.0,0.0,16.8479704682074,0.0,22.181073012818835,0.0,20.92844953645635,0.0,19.697715603592208,0.0,18.49324200890693,0.0,17.146428199482248,0.0,15.620499351813308,0.0,13.96424004376894,0.0,11.489125293076057,0.0,9.848857801796104,0.0,,,,,,,,,,,,,,,,,,,,,12.226124953001644,0.0,,,,,,,,,,,,,,,,,,,,,16.847603726644095,0.0,19.950635355689467,0.0,19.009903073818144,0.0,17.98460386312125,0.0,16.675055206940446,0.0,15.340277822123051,0.0,13.64673685506293,0.0,12.124486285778602,0.0,9.687578477399724,0.0,8.362229804587608,0.0
Grgxn,388.4196078431372,0.0,18.248895201795662,0.0,386.8131736737094,0.0,402.0,0.0,370.0,0.0,322.0,0.0,256.0,0.0,189.0,0.0,123.0,0.0,64.0,0.0,40.0,0.0,17.0,0.0,13.099431528800025,0.0,20.049937655763422,0.0,19.235384061671343,0.0,17.944358444926362,0.0,16.0,0.0,13.74772708486752,0.0,11.090536506409418,0.0,8.0,0.0,6.324555320336759,0.0,4.123105625617661,0.0,,,,,,,,,,,,,,,,,,,,,3.867386012161967,0.0,,,,,,,,,,,,,,,,,,,,,13.09933381120273,0.0,18.140571867538906,0.0,17.425777298942116,0.0,15.99829846225835,0.0,13.751598132700067,0.0,11.387944507488681,0.0,8.78221099896939,0.0,5.809478474531944,0.0,4.314163432615654,0.0,2.63781304180421,0.0
Griff,309.68627450980387,0.0,16.279855488695073,0.0,399.08427646977776,0.0,309.0,0.0,281.0,0.0,244.0,0.0,201.0,0.0,165.0,0.0,138.0,0.0,97.0,0.0,54.0,0.0,16.0,0.0,13.618272130808572,0.0,17.578395831246947,0.0,16.76305461424021,0.0,15.620499351813308,0.0,14.177446878757825,0.0,12.84523257866513,0.0,11.74734012447073,0.0,9.848857801796104,0.0,7.3484692283495345,0.0,4.0,0.0,,,,,,,,,,,,,,,,,,,,,5.127746387753899,0.0,,,,,,,,,,,,,,,,,,,,,13.618212677112764,0.0,15.631149649528766,0.0,14.902324821836427,0.0,13.679320705685159,0.0,12.098138726325194,0.0,10.857437696965608,0.0,9.704317741896308,0.0,7.911954391879793,0.0,5.805599372840238,0.0,3.0437927239655855,0.0
Grill,292.12549019607843,0.0,15.96122849504782,0.0,405.66022871767393,0.0,298.0,0.0,271.0,0.0,234.0,0.0,197.0,0.0,161.0,0.0,136.0,0.0,95.0,0.0,56.0,0.0,13.0,0.0,13.774065398084208,0.0,17.26267650163207,0.0,16.46207763315433,0.0,15.297058540778355,0.0,14.035668847618199,0.0,12.68857754044952,0.0,11.661903789690601,0.0,9.746794344808963,0.0,7.483314773547883,0.0,3.605551275463989,0.0,,,,,,,,,,,,,,,,,,,,,5.5614649282072675,0.0,,,,,,,,,,,,,,,,,,,,,13.77393398186246,0.0,15.339316808453304,0.0,14.647771455628751,0.0,13.358120713336627,0.0,12.024831346700086,0.0,10.769432272525492,0.0,9.682181477306113,0.0,7.894538099867274,0.0,6.297190956650834,0.0,2.73516147471706,0.0
Grips,335.30196078431374,0.0,16.925860905642434,0.0,369.1219905888828,0.0,336.0,0.0,301.0,0.0,252.0,0.0,201.0,0.0,141.0,0.0,105.0,0.0,66.0,0.0,38.0,0.0,16.0,0.0,12.559979114977303,0.0,18.33030277982336,0.0,17.349351572897472,0.0,15.874507866387544,0.0,14.177446878757825,0.0,11.874342087037917,0.0,10.246950765959598,0.0,8.12403840463596,0.0,6.164414002968976,0.0,4.0,0.0,,,,,,,,,,,,,,,,,,,,,4.315518119028902,0.0,,,,,,,,,,,,,,,,,,,,,12.559737788033264,0.0,16.31994994388935,0.0,15.429248674042006,0.0,13.840922823567341,0.0,12.007609956359074,0.0,9.89408340873904,0.0,8.284445266541626,0.0,6.396986227802448,0.0,4.87439783435558,0.0,3.4457276862812973,0.0
Grjtj,300.16470588235296,0.0,16.030459280997153,0.0,409.8524001587412,0.0,311.0,0.0,289.0,0.0,253.0,0.0,207.0,0.0,163.0,0.0,133.0,0.0,88.0,0.0,48.0,0.0,16.0,0.0,13.79339563156082,0.0,17.635192088548397,0.0,17.0,0.0,15.905973720586866,0.0,14.38749456993816,0.0,12.767145334803704,0.0,11.532562594670797,0.0,9.38083151964686,0.0,6.928203230275509,0.0,4.0,0.0,,,,,,,,,,,,,,,,,,,,,5.164291489709179,0.0,,,,,,,,,,,,,,,,,,,,,13.793409260448822,0.0,15.508143412297033,0.0,14.974029719050174,0.0,13.8720551728044,0.0,12.292578796803895,0.0,10.761415313574158,0.0,9.503476905700055,0.0,7.271277874699154,0.0,5.175095023995781,0.0,2.9749486350812444,0.0
Grlnr,320.99607843137255,0.0,16.693973477892687,0.0,374.0938025933208,0.0,315.0,0.0,296.0,0.0,258.0,0.0,208.0,0.0,147.0,0.0,111.0,0.0,63.0,0.0,31.0,0.0,5.0,0.0,12.724167264417085,0.0,17.74823934929885,0.0,17.204650534085253,0.0,16.06237840420901,0.0,14.422205101855956,0.0,12.12435565298214,0.0,10.535653752852738,0.0,7.937253933193772,0.0,5.5677643628300215,0.0,2.23606797749979,0.0,,,,,,,,,,,,,,,,,,,,,3.8385683826346435,0.0,,,,,,,,,,,,,,,,,,,,,12.723973074877534,0.0,15.889563316601919,0.0,15.429240085218833,0.0,14.054621996812804,0.0,12.214072415855844,0.0,10.015860222468175,0.0,8.408267624304127,0.0,6.124007018827632,0.0,4.518692357213619,0.0,1.728702033370433,0.0
Grobe,364.78823529411767,0.0,17.572812439226155,0.0,353.7929729788096,0.0,377.0,0.0,345.0,0.0,288.0,0.0,211.0,0.0,140.0,0.0,87.0,0.0,48.0,0.0,24.0,0.0,2.0,0.0,11.837039416596083,0.0,19.4164878389476,0.0,18.57417562100671,0.0,16.97056274847714,0.0,14.52583904633395,0.0,11.832159566199232,0.0,9.327379053088816,0.0,6.928203230275509,0.0,4.898979485566356,0.0,1.4142135623730951,0.0,,,,,,,,,,,,,,,,,,,,,3.7957694661603814,0.0,,,,,,,,,,,,,,,,,,,,,11.837096255628767,0.0,17.47841951130345,0.0,16.607660773531688,0.0,14.877563834087578,0.0,12.280961578810427,0.0,9.7693055761137,0.0,7.37727912647386,0.0,5.000725200192825,0.0,3.3071174405910013,0.0,0.6618696519470317,0.0
Groll,315.2901960784314,0.0,16.519058930776822,0.0,394.9110903235028,0.0,323.0,0.0,297.0,0.0,251.0,0.0,205.0,0.0,159.0,0.0,125.0,0.0,89.0,0.0,52.0,0.0,13.0,0.0,13.396667728556737,0.0,17.97220075561143,0.0,17.233687939614086,0.0,15.84297951775486,0.0,14.317821063276353,0.0,12.609520212918492,0.0,11.180339887498949,0.0,9.433981132056603,0.0,7.211102550927978,0.0,3.605551275463989,0.0,,,,,,,,,,,,,,,,,,,,,4.5544333371097645,0.0,,,,,,,,,,,,,,,,,,,,,13.396229225007657,0.0,16.007239093521623,0.0,15.344931326707904,0.0,13.849426663896972,0.0,12.274853615012544,0.0,10.647626744660885,0.0,9.198970554337484,0.0,7.644029649767924,0.0,6.029992138181471,0.0,2.73516147471706,0.0
Gruft,330.6235294117647,0.0,16.80307866190783,0.0,375.1110320102147,0.0,340.0,0.0,312.0,0.0,261.0,0.0,208.0,0.0,150.0,0.0,102.0,0.0,67.0,0.0,33.0,0.0,7.0,0.0,12.71145808869937,0.0,18.439088914585774,0.0,17.663521732655695,0.0,16.15549442140351,0.0,14.422205101855956,0.0,12.24744871391589,0.0,10.099504938362077,0.0,8.18535277187245,0.0,5.744562646538029,0.0,2.6457513110645907,0.0,,,,,,,,,,,,,,,,,,,,,3.545399284245572,0.0,,,,,,,,,,,,,,,,,,,,,12.711065888787557,0.0,16.324191314748568,0.0,15.671976192775356,0.0,14.123938283492098,0.0,12.210767508387468,0.0,10.003158704796185,0.0,8.102776802853173,0.0,6.410859828006114,0.0,4.2534510344096175,0.0,1.9949946886188294,0.0
Gruie,322.3058823529412,0.0,16.62212363788055,0.0,353.3193691906058,0.0,329.0,0.0,300.0,0.0,246.0,0.0,194.0,0.0,127.0,0.0,76.0,0.0,43.0,0.0,20.0,0.0,0.0,0.0,11.89459128968332,0.0,18.138357147217054,0.0,17.320508075688775,0.0,15.684387141358123,0.0,13.92838827718412,0.0,11.269427669584644,0.0,8.717797887081348,0.0,6.557438524302,0.0,4.47213595499958,0.0,0.0,0.0,,,,,,,,,,,,,,,,,,,,,3.668215313117744,0.0,,,,,,,,,,,,,,,,,,,,,11.8948064866593,0.0,16.155508885329954,0.0,15.31346849438327,0.0,13.625435170037818,0.0,11.663977652054575,0.0,8.949950020573006,0.0,6.747405789872262,0.0,4.755263890068323,0.0,3.0304734393157595,0.0,0.0,0.0
Grund,388.7764705882353,0.0,18.29750047533138,0.0,369.60899995410455,0.0,402.0,0.0,377.0,0.0,318.0,0.0,256.0,0.0,159.0,0.0,99.0,0.0,55.0,0.0,32.0,0.0,9.0,0.0,12.497099587342772,0.0,20.049937655763422,0.0,19.4164878389476,0.0,17.832554500127006,0.0,16.0,0.0,12.609520212918492,0.0,9.9498743710662,0.0,7.416198487095663,0.0,5.656854249492381,0.0,3.0,0.0,,,,,,,,,,,,,,,,,,,,,6.963867514814872,0.0,,,,,,,,,,,,,,,,,,,,,12.49735831612943,0.0,18.13178730039867,0.0,17.56918758927054,0.0,15.861190993748705,0.0,13.773863424528873,0.0,10.309777846729371,0.0,7.882476561014193,0.0,5.772642963410319,0.0,4.323632227367428,0.0,2.3331247271656537,0.0
Grömm,456.2313725490196,0.0,19.744708604528437,0.0,502.9253598010856,0.0,513.0,0.0,460.0,0.0,399.0,0.0,348.0,0.0,287.0,0.0,229.0,0.0,184.0,0.0,126.0,0.0,94.0,0.0,16.521832005948998,0.0,22.64950330581225,0.0,21.447610589527216,0.0,19.974984355438178,0.0,18.65475810617763,0.0,16.941074346097416,0.0,15.132745950421556,0.0,13.564659966250536,0.0,11.224972160321824,0.0,9.695359714832659,0.0,,,,,,,,,,,,,,,,,,,,,11.768089365395777,0.0,,,,,,,,,,,,,,,,,,,,,16.521480731683365,0.0,20.38635905545576,0.0,19.444688892540487,0.0,18.185061588445315,0.0,16.792283454022375,0.0,15.126572737695303,0.0,13.189616384403273,0.0,11.77693391070498,0.0,9.519479591657715,0.0,8.300990526558824,0.0
Größe,393.3058823529411,0.0,18.24273219586396,0.0,398.00646764557337,0.0,417.0,0.0,381.0,0.0,318.0,0.0,262.0,0.0,184.0,0.0,137.0,0.0,94.0,0.0,57.0,0.0,18.0,0.0,13.41358391058361,0.0,20.42057785666214,0.0,19.519221295943137,0.0,17.832554500127006,0.0,16.186414056238647,0.0,13.564659966250536,0.0,11.704699910719626,0.0,9.695359714832659,0.0,7.54983443527075,0.0,4.242640687119285,0.0,,,,,,,,,,,,,,,,,,,,,5.384216526274248,0.0,,,,,,,,,,,,,,,,,,,,,13.413822206125676,0.0,18.38276286488979,0.0,17.49121797376916,0.0,15.880038785248125,0.0,14.184313468144556,0.0,11.531208284468486,0.0,9.667357752274002,0.0,7.698986361334483,0.0,5.692066296585457,0.0,3.025302956305119,0.0
Gschr,342.63529411764705,0.0,17.093751935955474,0.0,356.31165077899476,0.0,348.0,0.0,307.0,0.0,265.0,0.0,203.0,0.0,135.0,0.0,90.0,0.0,47.0,0.0,25.0,0.0,3.0,0.0,12.002403543012175,0.0,18.65475810617763,0.0,17.52141546793523,0.0,16.278820596099706,0.0,14.247806848775006,0.0,11.61895003862225,0.0,9.486832980505138,0.0,6.855654600401044,0.0,5.0,0.0,1.7320508075688772,0.0,,,,,,,,,,,,,,,,,,,,,3.671794655861424,0.0,,,,,,,,,,,,,,,,,,,,,12.001942998574593,0.0,16.535722117858736,0.0,15.53730613172818,0.0,14.115110593618036,0.0,11.95244705717507,0.0,9.450094059266098,0.0,7.331259684878596,0.0,5.280637069034545,0.0,4.120863932401788,0.0,0.7687948332748952,0.0
Gsglb,399.2196078431373,0.0,18.427412590874223,0.0,400.6402979917006,0.0,433.0,0.0,391.0,0.0,332.0,0.0,251.0,0.0,189.0,0.0,134.0,0.0,84.0,0.0,57.0,0.0,26.0,0.0,13.451923595399721,0.0,20.808652046684813,0.0,19.77371993328519,0.0,18.2208671582886,0.0,15.84297951775486,0.0,13.74772708486752,0.0,11.575836902790225,0.0,9.16515138991168,0.0,7.54983443527075,0.0,5.0990195135927845,0.0,,,,,,,,,,,,,,,,,,,,,4.892622275026152,0.0,,,,,,,,,,,,,,,,,,,,,13.451915694093778,0.0,18.883324620647663,0.0,18.069560737697643,0.0,16.36674750677939,0.0,13.772464680287042,0.0,11.775439186726333,0.0,9.626559143697362,0.0,7.25438110945685,0.0,5.954037954442273,0.0,3.3709763266173436,0.0
Gsvwx,368.6470588235294,0.0,17.62971304380535,0.0,406.8930823162249,0.0,384.0,0.0,355.0,0.0,310.0,0.0,252.0,0.0,193.0,0.0,139.0,0.0,90.0,0.0,49.0,0.0,26.0,0.0,13.776243804234527,0.0,19.595917942265423,0.0,18.841443681416774,0.0,17.60681686165901,0.0,15.874507866387544,0.0,13.892443989449804,0.0,11.789826122551595,0.0,9.486832980505138,0.0,7.0,0.0,5.0990195135927845,0.0,,,,,,,,,,,,,,,,,,,,,3.953900777918304,0.0,,,,,,,,,,,,,,,,,,,,,13.7761628939834,0.0,17.425947481932397,0.0,16.809805750848607,0.0,15.558226773424588,0.0,13.718953594695497,0.0,11.641531322240226,0.0,9.408927792374111,0.0,7.221764281364889,0.0,5.185392740582403,0.0,3.541848679668331,0.0
Gtrts,301.64313725490194,0.0,15.959321125782505,0.0,358.79347512101265,0.0,310.0,0.0,275.0,0.0,221.0,0.0,174.0,0.0,126.0,0.0,91.0,0.0,55.0,0.0,19.0,0.0,3.0,0.0,12.112443554740013,0.0,17.60681686165901,0.0,16.583123951777,0.0,14.866068747318506,0.0,13.19090595827292,0.0,11.224972160321824,0.0,9.539392014169456,0.0,7.416198487095663,0.0,4.358898943540674,0.0,1.7320508075688772,0.0,,,,,,,,,,,,,,,,,,,,,4.833904135212728,0.0,,,,,,,,,,,,,,,,,,,,,12.112407392520053,0.0,15.289311780159341,0.0,14.397779220160492,0.0,12.773341163340362,0.0,10.995364807663536,0.0,9.173996846484567,0.0,7.600237718010329,0.0,5.591921985232551,0.0,2.8635268278782062,0.0,1.079437143282705,0.0
Gullu,348.18823529411765,0.0,17.393620647113305,0.0,380.0586985337983,0.0,372.0,0.0,336.0,0.0,281.0,0.0,210.0,0.0,155.0,0.0,108.0,0.0,67.0,0.0,40.0,0.0,10.0,0.0,12.84781460385209,0.0,19.28730152198591,0.0,18.33030277982336,0.0,16.76305461424021,0.0,14.491376746189438,0.0,12.449899597988733,0.0,10.392304845413264,0.0,8.18535277187245,0.0,6.324555320336759,0.0,3.1622776601683795,0.0,,,,,,,,,,,,,,,,,,,,,3.9708547816992383,0.0,,,,,,,,,,,,,,,,,,,,,12.848188955855681,0.0,17.33085063052556,0.0,16.436271879979753,0.0,14.78942840104759,0.0,12.273087180907595,0.0,10.41895225763397,0.0,8.560581490247872,0.0,6.76608456876877,0.0,5.661600265603286,0.0,2.4288058989325174,0.0
Gunst,351.8313725490196,0.0,17.296951881935666,0.0,335.60342293601946,0.0,358.0,0.0,317.0,0.0,261.0,0.0,194.0,0.0,131.0,0.0,66.0,0.0,32.0,0.0,13.0,0.0,0.0,0.0,11.334711799849922,0.0,18.920887928424502,0.0,17.804493814764857,0.0,16.15549442140351,0.0,13.92838827718412,0.0,11.445523142259598,0.0,8.12403840463596,0.0,5.656854249492381,0.0,3.605551275463989,0.0,0.0,0.0,,,,,,,,,,,,,,,,,,,,,5.16940761777781,0.0,,,,,,,,,,,,,,,,,,,,,11.334199770380863,0.0,16.77717857316095,0.0,15.872418104592272,0.0,14.10771644302256,0.0,11.67603630019627,0.0,9.210429736476515,0.0,5.949448549881222,0.0,3.9112122820862822,0.0,2.1089560994322283,0.0,0.0,0.0
Gusto,341.156862745098,0.0,16.95657932686547,0.0,339.55363094707747,0.0,357.0,0.0,311.0,0.0,251.0,0.0,184.0,0.0,122.0,0.0,70.0,0.0,41.0,0.0,14.0,0.0,0.0,0.0,11.369344333966207,0.0,18.894443627691185,0.0,17.635192088548397,0.0,15.84297951775486,0.0,13.564659966250536,0.0,11.045361017187261,0.0,8.366600265340756,0.0,6.4031242374328485,0.0,3.7416573867739413,0.0,0.0,0.0,,,,,,,,,,,,,,,,,,,,,3.997309521048593,0.0,,,,,,,,,,,,,,,,,,,,,11.36935239914338,0.0,16.68193643061235,0.0,15.552199375969096,0.0,13.79070303631725,0.0,11.311024910921827,0.0,8.86365299144274,0.0,6.237146050590738,0.0,4.55659127636876,0.0,2.1352660412350595,0.0,0.0,0.0
Gvngs,387.3372549019608,0.0,18.150923095733184,0.0,368.91451460936776,0.0,406.0,0.0,361.0,0.0,302.0,0.0,234.0,0.0,166.0,0.0,103.0,0.0,62.0,0.0,37.0,0.0,18.0,0.0,12.521551065408762,0.0,20.149441679609886,0.0,19.0,0.0,17.378147196982766,0.0,15.297058540778355,0.0,12.884098726725126,0.0,10.14889156509222,0.0,7.874007874011811,0.0,6.082762530298219,0.0,4.242640687119285,0.0,,,,,,,,,,,,,,,,,,,,,4.450470274367591,0.0,,,,,,,,,,,,,,,,,,,,,12.521701160833024,0.0,18.015623835958717,0.0,17.08483669688378,0.0,15.330071375208634,0.0,13.045039597642978,0.0,10.749172065415367,0.0,7.966475179543965,0.0,5.857337697014683,0.0,4.171962597943173,0.0,2.7093204558810964,0.0
Gvrtg,356.52156862745096,0.0,17.42552406353648,0.0,391.1212913693631,0.0,381.0,0.0,341.0,0.0,284.0,0.0,225.0,0.0,173.0,0.0,123.0,0.0,84.0,0.0,40.0,0.0,18.0,0.0,13.17998007717947,0.0,19.519221295943137,0.0,18.466185312619388,0.0,16.852299546352718,0.0,15.0,0.0,13.152946437965905,0.0,11.090536506409418,0.0,9.16515138991168,0.0,6.324555320336759,0.0,4.242640687119285,0.0,,,,,,,,,,,,,,,,,,,,,6.586915295639999,0.0,,,,,,,,,,,,,,,,,,,,,13.179997764967798,0.0,17.33478988290534,0.0,16.483827125747236,0.0,14.83580799295066,0.0,12.832146089347106,0.0,11.070057504255841,0.0,8.942047272217511,0.0,6.963375108945517,0.0,4.3044286328866805,0.0,2.7055987427998764,0.0
Gzckr,349.7098039215686,0.0,17.358621425480667,0.0,374.3865682359955,0.0,363.0,0.0,324.0,0.0,283.0,0.0,223.0,0.0,161.0,0.0,109.0,0.0,61.0,0.0,33.0,0.0,3.0,0.0,12.615059280629387,0.0,19.05255888325765,0.0,18.0,0.0,16.822603841260722,0.0,14.933184523068078,0.0,12.68857754044952,0.0,10.44030650891055,0.0,7.810249675906654,0.0,5.744562646538029,0.0,1.7320508075688772,0.0,,,,,,,,,,,,,,,,,,,,,3.7159838805905014,0.0,,,,,,,,,,,,,,,,,,,,,12.61473387983964,0.0,17.06244387280898,0.0,16.150218685299734,0.0,14.655600013302253,0.0,12.64343824436005,0.0,10.51364785853269,0.0,8.300214947374739,0.0,5.920479445185362,0.0,4.524867326684995,0.0,0.8209315505352331,0.0
Gztzm,388.83921568627454,0.0,18.294074354234965,0.0,435.35914641224707,0.0,430.0,0.0,383.0,0.0,324.0,0.0,265.0,0.0,217.0,0.0,167.0,0.0,117.0,0.0,74.0,0.0,47.0,0.0,14.588344427039104,0.0,20.73644135332772,0.0,19.570385790780925,0.0,18.0,0.0,16.278820596099706,0.0,14.730919862656235,0.0,12.922847983320086,0.0,10.816653826391969,0.0,8.602325267042627,0.0,6.855654600401044,0.0,,,,,,,,,,,,,,,,,,,,,7.917132264638148,0.0,,,,,,,,,,,,,,,,,,,,,14.588169566381746,0.0,18.492662230443745,0.0,17.518142978430664,0.0,16.059389288008838,0.0,14.249967801185052,0.0,12.774288225555209,0.0,10.850592826207773,0.0,8.97778187025955,0.0,6.88865450573209,0.0,5.842911583058565,0.0
Gägän,433.5098039215686,0.0,19.128707107426045,0.0,367.9478174362122,0.0,453.0,0.0,409.0,0.0,342.0,0.0,261.0,0.0,178.0,0.0,115.0,0.0,61.0,0.0,41.0,0.0,27.0,0.0,12.533427940514407,0.0,21.283796653792763,0.0,20.223748416156685,0.0,18.49324200890693,0.0,16.15549442140351,0.0,13.341664064126334,0.0,10.723805294763608,0.0,7.810249675906654,0.0,6.4031242374328485,0.0,5.196152422706632,0.0,,,,,,,,,,,,,,,,,,,,,3.5001398221363,0.0,,,,,,,,,,,,,,,,,,,,,12.533117701642812,0.0,19.417738534451377,0.0,18.53908632087229,0.0,16.64698665751662,0.0,14.099768833765026,0.0,11.22274186029016,0.0,8.738279404131651,0.0,5.9700616233235,0.0,4.944636821356601,0.0,3.91608663120756,0.0
Gäsäs,360.9333333333334,0.0,17.302715394277822,0.0,330.8268049447496,0.0,369.0,0.0,320.0,0.0,246.0,0.0,186.0,0.0,118.0,0.0,80.0,0.0,38.0,0.0,21.0,0.0,11.0,0.0,11.199308991970927,0.0,19.209372712298546,0.0,17.88854381999832,0.0,15.684387141358123,0.0,13.638181696985855,0.0,10.862780491200215,0.0,8.94427190999916,0.0,6.164414002968976,0.0,4.58257569495584,0.0,3.3166247903554,0.0,,,,,,,,,,,,,,,,,,,,,2.990987580138344,0.0,,,,,,,,,,,,,,,,,,,,,11.19941043049042,0.0,17.144178336036227,0.0,16.07140903251088,0.0,13.613261484895222,0.0,11.497834969310565,0.0,8.701076517527277,0.0,6.985411778843148,0.0,4.5675098584407525,0.0,3.593552861497596,0.0,2.9196020912894873,0.0
Gäule,363.0156862745098,0.0,17.603091633671546,0.0,351.5766733348984,0.0,382.0,0.0,340.0,0.0,276.0,0.0,208.0,0.0,135.0,0.0,78.0,0.0,47.0,0.0,29.0,0.0,10.0,0.0,11.857258368658306,0.0,19.544820285692065,0.0,18.439088914585774,0.0,16.61324772583615,0.0,14.422205101855956,0.0,11.61895003862225,0.0,8.831760866327848,0.0,6.855654600401044,0.0,5.385164807134504,0.0,3.1622776601683795,0.0,,,,,,,,,,,,,,,,,,,,,3.8931446285055746,0.0,,,,,,,,,,,,,,,,,,,,,11.857281366258155,0.0,17.639595367387955,0.0,16.619527087418412,0.0,14.63842573112104,0.0,12.293908732117522,0.0,9.450657765113453,0.0,7.183264384952898,0.0,5.572315188101045,0.0,4.701068184890749,0.0,2.563290358711856,0.0
Gören,360.1921568627451,0.0,17.520267387214513,0.0,337.3756290950908,0.0,362.0,0.0,328.0,0.0,270.0,0.0,202.0,0.0,129.0,0.0,76.0,0.0,38.0,0.0,16.0,0.0,3.0,0.0,11.348036190904393,0.0,19.026297590440446,0.0,18.110770276274835,0.0,16.431676725154983,0.0,14.212670403551895,0.0,11.357816691600547,0.0,8.717797887081348,0.0,6.164414002968976,0.0,4.0,0.0,1.7320508075688772,0.0,,,,,,,,,,,,,,,,,,,,,3.4300634502298797,0.0,,,,,,,,,,,,,,,,,,,,,11.348056879109805,0.0,17.086803390333998,0.0,16.187189370842482,0.0,14.441564019631734,0.0,12.036130362849363,0.0,9.196316618117123,0.0,6.723087606986079,0.0,4.594772721326357,0.0,3.2053637345176944,0.0,1.3219081418980734,0.0
Götze,349.4,0.0,17.218536098932294,0.0,345.54637472226904,0.0,364.0,0.0,320.0,0.0,262.0,0.0,188.0,0.0,129.0,0.0,82.0,0.0,43.0,0.0,21.0,0.0,3.0,0.0,11.577402284551965,0.0,19.078784028338912,0.0,17.88854381999832,0.0,16.186414056238647,0.0,13.711309200802088,0.0,11.357816691600547,0.0,9.055385138137417,0.0,6.557438524302,0.0,4.58257569495584,0.0,1.7320508075688772,0.0,,,,,,,,,,,,,,,,,,,,,3.5415298739541408,0.0,,,,,,,,,,,,,,,,,,,,,11.577198946787291,0.0,16.960144674255144,0.0,15.785776593554683,0.0,14.14636842492934,0.0,11.497381944795437,0.0,9.273457099460853,0.0,7.019720947333429,0.0,4.949790911837223,0.0,3.4791788136064548,0.0,1.3219081418980734,0.0
Hacke,396.57647058823534,0.0,18.528028167038023,0.0,359.0447800158199,0.0,411.0,0.0,365.0,0.0,315.0,0.0,245.0,0.0,188.0,0.0,101.0,0.0,46.0,0.0,19.0,0.0,2.0,0.0,12.099825372643197,0.0,20.273134932713294,0.0,19.1049731745428,0.0,17.74823934929885,0.0,15.652475842498529,0.0,13.711309200802088,0.0,10.04987562112089,0.0,6.782329983125268,0.0,4.358898943540674,0.0,1.4142135623730951,0.0,,,,,,,,,,,,,,,,,,,,,4.146025296310725,0.0,,,,,,,,,,,,,,,,,,,,,12.099369519250176,0.0,18.374699067722275,0.0,17.371079315546847,0.0,15.866753425430051,0.0,13.773995612543652,0.0,11.827351691858672,0.0,8.230745829338865,0.0,5.171649468021325,0.0,3.89689503470532,0.0,0.6618696519470317,0.0
Hafen,390.52156862745096,0.0,18.392734218957546,0.0,355.6373159149378,0.0,392.0,0.0,359.0,0.0,304.0,0.0,239.0,0.0,185.0,0.0,102.0,0.0,46.0,0.0,15.0,0.0,7.0,0.0,12.102210501579888,0.0,19.79898987322333,0.0,18.947295321496416,0.0,17.435595774162696,0.0,15.459624833740307,0.0,13.601470508735444,0.0,10.099504938362077,0.0,6.782329983125268,0.0,3.872983346207417,0.0,2.6457513110645907,0.0,,,,,,,,,,,,,,,,,,,,,4.210350330790255,0.0,,,,,,,,,,,,,,,,,,,,,12.102222812226207,0.0,17.953738906819133,0.0,17.238763137560056,0.0,15.776160788294522,0.0,13.635085312804806,0.0,11.691117875579417,0.0,8.188996687403984,0.0,5.209969810130086,0.0,3.325084357768093,0.0,1.983529229327966,0.0
Hafer,361.7098039215686,0.0,17.699987727445205,0.0,360.1280713689848,0.0,362.0,0.0,331.0,0.0,279.0,0.0,223.0,0.0,172.0,0.0,104.0,0.0,50.0,0.0,15.0,0.0,7.0,0.0,12.190466855349987,0.0,19.026297590440446,0.0,18.193405398660254,0.0,16.703293088490067,0.0,14.933184523068078,0.0,13.114877048604,0.0,10.198039027185569,0.0,7.0710678118654755,0.0,3.872983346207417,0.0,2.6457513110645907,0.0,,,,,,,,,,,,,,,,,,,,,8.378957267785145,0.0,,,,,,,,,,,,,,,,,,,,,12.190867611640021,0.0,17.073311237317174,0.0,16.388743684559437,0.0,14.9407307760456,0.0,13.07402913713218,0.0,11.286524732693488,0.0,8.273211543666058,0.0,5.441195245270805,0.0,3.325084357768093,0.0,1.983529229327966,0.0
Hahft,396.8862745098039,0.0,18.55489688425232,0.0,383.88567706856827,0.0,417.0,0.0,369.0,0.0,318.0,0.0,259.0,0.0,211.0,0.0,123.0,0.0,72.0,0.0,34.0,0.0,10.0,0.0,13.038396606639504,0.0,20.42057785666214,0.0,19.209372712298546,0.0,17.832554500127006,0.0,16.09347693943108,0.0,14.52583904633395,0.0,11.090536506409418,0.0,8.48528137423857,0.0,5.830951894845301,0.0,3.1622776601683795,0.0,,,,,,,,,,,,,,,,,,,,,6.91308672173071,0.0,,,,,,,,,,,,,,,,,,,,,13.038320145888889,0.0,18.41637081375964,0.0,17.498809170030505,0.0,16.058971556785732,0.0,14.311174655943407,0.0,12.6232751580155,0.0,9.24728316121077,0.0,6.908873425216773,0.0,5.142259540831752,0.0,2.234873725619634,0.0
Hahir,373.9686274509804,0.0,18.069420577743458,0.0,374.8801610634607,0.0,387.0,0.0,348.0,0.0,300.0,0.0,249.0,0.0,195.0,0.0,109.0,0.0,55.0,0.0,21.0,0.0,3.0,0.0,12.671468021351956,0.0,19.672315572906,0.0,18.65475810617763,0.0,17.320508075688775,0.0,15.7797338380595,0.0,13.96424004376894,0.0,10.44030650891055,0.0,7.416198487095663,0.0,4.58257569495584,0.0,1.7320508075688772,0.0,,,,,,,,,,,,,,,,,,,,,9.844246274884332,0.0,,,,,,,,,,,,,,,,,,,,,12.671324128848235,0.0,17.8140130620964,0.0,16.959300753558157,0.0,15.496564001799827,0.0,13.908479352123377,0.0,12.026833769449848,0.0,8.504933341443285,0.0,5.709920119219174,0.0,4.18979774701947,0.0,1.0076972804339992,0.0
Haine,371.7450980392157,0.0,17.959186074964585,0.0,346.35310504760866,0.0,373.0,0.0,339.0,0.0,287.0,0.0,225.0,0.0,167.0,0.0,91.0,0.0,33.0,0.0,4.0,0.0,0.0,0.0,11.718558910147642,0.0,19.313207915827967,0.0,18.411952639521967,0.0,16.941074346097416,0.0,15.0,0.0,12.922847983320086,0.0,9.539392014169456,0.0,5.744562646538029,0.0,2.0,0.0,0.0,0.0,,,,,,,,,,,,,,,,,,,,,5.025767570087056,0.0,,,,,,,,,,,,,,,,,,,,,11.718252980862738,0.0,17.488779915021773,0.0,16.693985435170752,0.0,15.183819847797446,0.0,13.180364950986917,0.0,11.020562661437982,0.0,7.538365541786034,0.0,3.8793846901742968,0.0,1.812786453189396,0.0,0.0,0.0
Halle,357.89803921568625,0.0,17.720119783356036,0.0,379.3995121661492,0.0,370.0,0.0,331.0,0.0,280.0,0.0,225.0,0.0,189.0,0.0,121.0,0.0,68.0,0.0,32.0,0.0,10.0,0.0,12.86662879055724,0.0,19.235384061671343,0.0,18.193405398660254,0.0,16.73320053068151,0.0,15.0,0.0,13.74772708486752,0.0,11.0,0.0,8.246211251235321,0.0,5.656854249492381,0.0,3.1622776601683795,0.0,,,,,,,,,,,,,,,,,,,,,7.286186104307874,0.0,,,,,,,,,,,,,,,,,,,,,12.866863746273552,0.0,17.41760963242366,0.0,16.548660719697963,0.0,15.033065148285692,0.0,13.303623874141085,0.0,11.9874948782486,0.0,9.249295602008702,0.0,6.754199259017864,0.0,5.412030021876012,0.0,2.4288058989325174,0.0
Halme,422.6549019607843,0.0,19.18247750659549,0.0,428.92798821855547,0.0,454.0,0.0,403.0,0.0,348.0,0.0,292.0,0.0,249.0,0.0,169.0,0.0,111.0,0.0,65.0,0.0,49.0,0.0,14.437486174056941,0.0,21.307275752662516,0.0,20.074859899884732,0.0,18.65475810617763,0.0,17.08800749063506,0.0,15.7797338380595,0.0,13.0,0.0,10.535653752852738,0.0,8.06225774829855,0.0,7.0,0.0,,,,,,,,,,,,,,,,,,,,,3.7712759729615026,0.0,,,,,,,,,,,,,,,,,,,,,14.43759167259792,0.0,19.34499465110039,0.0,18.359496731458123,0.0,17.02909084843843,0.0,15.455792448590003,0.0,14.042091478928244,0.0,11.242623240766049,0.0,9.035756636302947,0.0,7.208975601588954,0.0,5.920348619978407,0.0
Hanoi,375.28235294117644,0.0,18.00401979976704,0.0,355.6313004673153,0.0,378.0,0.0,348.0,0.0,294.0,0.0,234.0,0.0,177.0,0.0,97.0,0.0,43.0,0.0,9.0,0.0,2.0,0.0,12.059614746104334,0.0,19.44222209522358,0.0,18.65475810617763,0.0,17.146428199482248,0.0,15.297058540778355,0.0,13.30413469565007,0.0,9.848857801796104,0.0,6.557438524302,0.0,3.0,0.0,1.4142135623730951,0.0,,,,,,,,,,,,,,,,,,,,,8.509604653636885,0.0,,,,,,,,,,,,,,,,,,,,,12.059989877950391,0.0,17.542095715121274,0.0,16.829281017351402,0.0,15.277889403681373,0.0,13.45897967213527,0.0,11.309870973116045,0.0,7.662115202415577,0.0,4.5704525753534835,0.0,2.2223278799269734,0.0,0.9625466294888946,0.0
Hansa,387.60392156862747,0.0,18.2365013304807,0.0,335.1485188154835,0.0,386.0,0.0,345.0,0.0,287.0,0.0,228.0,0.0,174.0,0.0,84.0,0.0,26.0,0.0,2.0,0.0,0.0,0.0,11.375491047134828,0.0,19.6468827043885,0.0,18.57417562100671,0.0,16.941074346097416,0.0,15.0996688705415,0.0,13.19090595827292,0.0,9.16515138991168,0.0,5.0990195135927845,0.0,1.4142135623730951,0.0,0.0,0.0,,,,,,,,,,,,,,,,,,,,,5.414212475068249,0.0,,,,,,,,,,,,,,,,,,,,,11.375203034428747,0.0,17.800538312934744,0.0,16.920801635365596,0.0,15.17521753185552,0.0,13.214234305191454,0.0,11.163822027802917,0.0,7.0232147241282386,0.0,3.1908110124450517,0.0,0.7705191819566715,0.0,0.0,0.0
Hanse,382.9176470588235,0.0,18.169497996352195,0.0,331.4640374392902,0.0,385.0,0.0,342.0,0.0,282.0,0.0,222.0,0.0,166.0,0.0,72.0,0.0,23.0,0.0,2.0,0.0,0.0,0.0,11.16845085083564,0.0,19.621416870348583,0.0,18.49324200890693,0.0,16.792855623746664,0.0,14.89966442575134,0.0,12.884098726725126,0.0,8.48528137423857,0.0,4.795831523312719,0.0,1.4142135623730951,0.0,0.0,0.0,,,,,,,,,,,,,,,,,,,,,6.154595720515582,0.0,,,,,,,,,,,,,,,,,,,,,11.16845786824585,0.0,17.74337652899009,0.0,16.78085827370099,0.0,15.011343811862426,0.0,13.026921065362632,0.0,10.854028578193269,0.0,6.5105021110326105,0.0,3.0389474285596325,0.0,0.7705191819566715,0.0,0.0,0.0
Hapar,399.6156862745098,0.0,18.58337902974091,0.0,362.6181502809019,0.0,401.0,0.0,366.0,0.0,312.0,0.0,247.0,0.0,193.0,0.0,113.0,0.0,52.0,0.0,19.0,0.0,14.0,0.0,12.331170565455846,0.0,20.024984394500787,0.0,19.131126469708992,0.0,17.663521732655695,0.0,15.716233645501712,0.0,13.892443989449804,0.0,10.63014581273465,0.0,7.211102550927978,0.0,4.358898943540674,0.0,3.7416573867739413,0.0,,,,,,,,,,,,,,,,,,,,,7.109995433561821,0.0,,,,,,,,,,,,,,,,,,,,,12.33127731619417,0.0,18.149391976975004,0.0,17.40991095144775,0.0,15.822861890553927,0.0,13.860967953944744,0.0,11.97535699873639,0.0,8.65984203854252,0.0,5.511607772625413,0.0,3.837580678090177,0.0,3.316643297496372,0.0
Harem,417.686274509804,0.0,19.029396308749064,0.0,416.3373680189402,0.0,446.0,0.0,404.0,0.0,339.0,0.0,285.0,0.0,231.0,0.0,155.0,0.0,101.0,0.0,55.0,0.0,46.0,0.0,14.034653945685738,0.0,21.118712081942874,0.0,20.09975124224178,0.0,18.411952639521967,0.0,16.881943016134134,0.0,15.198684153570664,0.0,12.449899597988733,0.0,10.04987562112089,0.0,7.416198487095663,0.0,6.782329983125268,0.0,,,,,,,,,,,,,,,,,,,,,6.224826075797946,0.0,,,,,,,,,,,,,,,,,,,,,14.034689945980753,0.0,19.001242398993156,0.0,18.20631106666055,0.0,16.680375491588133,0.0,15.192972720610472,0.0,13.477954389234753,0.0,10.661958226419655,0.0,8.442426295122848,0.0,6.348346331061444,0.0,5.823196449690414,0.0
Hasen,382.9176470588235,0.0,18.169497996352195,0.0,334.4572034458829,0.0,385.0,0.0,347.0,0.0,283.0,0.0,224.0,0.0,164.0,0.0,78.0,0.0,25.0,0.0,3.0,0.0,0.0,0.0,11.260613171688572,0.0,19.621416870348583,0.0,18.627936010197157,0.0,16.822603841260722,0.0,14.966629547095765,0.0,12.806248474865697,0.0,8.831760866327848,0.0,5.0,0.0,1.7320508075688772,0.0,0.0,0.0,,,,,,,,,,,,,,,,,,,,,4.502987717590802,0.0,,,,,,,,,,,,,,,,,,,,,11.260272082725038,0.0,17.690316248905344,0.0,16.876983675802702,0.0,15.087134583390402,0.0,13.0955132047123,0.0,10.784815191971793,0.0,6.838429277579863,0.0,3.1520698113206813,0.0,0.9190078189597055,0.0,0.0,0.0
Hatar,356.78823529411767,0.0,17.51464702579795,0.0,353.772217767734,0.0,358.0,0.0,328.0,0.0,273.0,0.0,216.0,0.0,169.0,0.0,102.0,0.0,43.0,0.0,3.0,0.0,0.0,0.0,11.946433316142535,0.0,18.920887928424502,0.0,18.110770276274835,0.0,16.522711641858304,0.0,14.696938456699069,0.0,13.0,0.0,10.099504938362077,0.0,6.557438524302,0.0,1.7320508075688772,0.0,0.0,0.0,,,,,,,,,,,,,,,,,,,,,8.229702766116118,0.0,,,,,,,,,,,,,,,,,,,,,11.946819098618116,0.0,16.88521087234495,0.0,16.232300871738463,0.0,14.696274210461471,0.0,12.819863910672536,0.0,11.125723210574726,0.0,8.03731555733086,0.0,4.545523506084485,0.0,1.0567933171388846,0.0,0.0,0.0
Haube,418.313725490196,0.0,18.965672464380052,0.0,350.5889212851596,0.0,444.0,0.0,406.0,0.0,337.0,0.0,251.0,0.0,178.0,0.0,84.0,0.0,31.0,0.0,9.0,0.0,2.0,0.0,11.672763298420534,0.0,21.071307505705477,0.0,20.149441679609886,0.0,18.35755975068582,0.0,15.84297951775486,0.0,13.341664064126334,0.0,9.16515138991168,0.0,5.5677643628300215,0.0,3.0,0.0,1.4142135623730951,0.0,,,,,,,,,,,,,,,,,,,,,3.0848040811568893,0.0,,,,,,,,,,,,,,,,,,,,,11.67269611082022,0.0,19.185220778125267,0.0,18.298627607389886,0.0,16.47984908792482,0.0,13.881875877305884,0.0,11.368975447219393,0.0,7.458528245344104,0.0,3.830273589654786,0.0,2.2869579908649196,0.0,0.6618696519470317,0.0
Hauen,402.29019607843134,0.0,18.676406257930484,0.0,338.80118975305885,0.0,412.0,0.0,381.0,0.0,314.0,0.0,245.0,0.0,170.0,0.0,72.0,0.0,21.0,0.0,1.0,0.0,0.0,0.0,11.359716469137085,0.0,20.29778313018444,0.0,19.519221295943137,0.0,17.72004514666935,0.0,15.652475842498529,0.0,13.038404810405298,0.0,8.48528137423857,0.0,4.58257569495584,0.0,1.0,0.0,0.0,0.0,,,,,,,,,,,,,,,,,,,,,3.6439574589744583,0.0,,,,,,,,,,,,,,,,,,,,,11.359721245838115,0.0,18.415914771779313,0.0,17.7071968662338,0.0,15.956789147565466,0.0,13.65118031817034,0.0,10.908711483897383,0.0,6.616233437977183,0.0,2.86343275573397,0.0,0.506765260158523,0.0,0.0,0.0
Hblhs,415.65882352941173,0.0,19.017685368778494,0.0,395.5615610143269,0.0,448.0,0.0,399.0,0.0,338.0,0.0,274.0,0.0,216.0,0.0,141.0,0.0,72.0,0.0,42.0,0.0,15.0,0.0,13.299684998856963,0.0,21.166010488516726,0.0,19.974984355438178,0.0,18.384776310850235,0.0,16.55294535724685,0.0,14.696938456699069,0.0,11.874342087037917,0.0,8.48528137423857,0.0,6.48074069840786,0.0,3.872983346207417,0.0,,,,,,,,,,,,,,,,,,,,,6.087021928652937,0.0,,,,,,,,,,,,,,,,,,,,,13.299440298162418,0.0,19.20428083163276,0.0,18.216322594375338,0.0,16.591301025976975,0.0,14.76925548604611,0.0,12.923294420675123,0.0,10.049119008770457,0.0,6.991197929163268,0.0,5.923969458396089,0.0,2.805005039323562,0.0
Hbrst,369.1960784313726,0.0,17.8083206969054,0.0,374.36289844038953,0.0,385.0,0.0,349.0,0.0,289.0,0.0,235.0,0.0,194.0,0.0,115.0,0.0,57.0,0.0,15.0,0.0,8.0,0.0,12.561274824018987,0.0,19.621416870348583,0.0,18.681541692269406,0.0,17.0,0.0,15.329709716755891,0.0,13.92838827718412,0.0,10.723805294763608,0.0,7.54983443527075,0.0,3.872983346207417,0.0,2.8284271247461903,0.0,,,,,,,,,,,,,,,,,,,,,10.630809234843234,0.0,,,,,,,,,,,,,,,,,,,,,12.561606783509175,0.0,17.55123188365889,0.0,16.811359388970384,0.0,15.10020882420557,0.0,13.46820180106779,0.0,11.96865309470616,0.0,8.772237761884487,0.0,5.491132544583418,0.0,2.837267434043478,0.0,2.104103911392494,0.0
Hcrtx,338.19215686274515,0.0,17.095763924882597,0.0,381.7778530991078,0.0,345.0,0.0,320.0,0.0,276.0,0.0,234.0,0.0,193.0,0.0,116.0,0.0,58.0,0.0,9.0,0.0,0.0,0.0,12.82070365508031,0.0,18.57417562100671,0.0,17.88854381999832,0.0,16.61324772583615,0.0,15.297058540778355,0.0,13.892443989449804,0.0,10.770329614269007,0.0,7.615773105863909,0.0,3.0,0.0,0.0,0.0,,,,,,,,,,,,,,,,,,,,,6.8960769526884995,0.0,,,,,,,,,,,,,,,,,,,,,12.820674475766989,0.0,16.496376827642493,0.0,15.945863301755256,0.0,14.715480491316221,0.0,13.259145996388822,0.0,11.826276405656424,0.0,8.537717841062976,0.0,5.390855620103574,0.0,1.6450071066514695,0.0,0.0,0.0
Hebel,393.07843137254906,0.0,18.482572607623602,0.0,378.27128394521776,0.0,412.0,0.0,379.0,0.0,322.0,0.0,251.0,0.0,188.0,0.0,115.0,0.0,59.0,0.0,32.0,0.0,10.0,0.0,12.720678373834804,0.0,20.29778313018444,0.0,19.467922333931785,0.0,17.944358444926362,0.0,15.84297951775486,0.0,13.711309200802088,0.0,10.723805294763608,0.0,7.681145747868608,0.0,5.656854249492381,0.0,3.1622776601683795,0.0,,,,,,,,,,,,,,,,,,,,,6.864107985511475,0.0,,,,,,,,,,,,,,,,,,,,,12.720747226466457,0.0,18.390058881382053,0.0,17.6669787738936,0.0,16.16414253229159,0.0,13.941168770652705,0.0,11.962362902694931,0.0,9.012902237906586,0.0,6.002896225227706,0.0,4.675104180409543,0.0,2.2386181575997384,0.0
Hecke,391.89019607843136,0.0,18.462082884154118,0.0,362.8451244961708,0.0,408.0,0.0,359.0,0.0,314.0,0.0,249.0,0.0,189.0,0.0,102.0,0.0,47.0,0.0,20.0,0.0,2.0,0.0,12.194531870471181,0.0,20.199009876724155,0.0,18.947295321496416,0.0,17.72004514666935,0.0,15.7797338380595,0.0,13.74772708486752,0.0,10.099504938362077,0.0,6.855654600401044,0.0,4.47213595499958,0.0,1.4142135623730951,0.0,,,,,,,,,,,,,,,,,,,,,4.227530358499431,0.0,,,,,,,,,,,,,,,,,,,,,12.193469464643194,0.0,18.259025232535798,0.0,17.17242665992713,0.0,15.863483266514033,0.0,13.841902101488143,0.0,11.90386765321092,0.0,8.281831001026049,0.0,5.200886683580653,0.0,3.9261739398000874,0.0,0.6618696519470317,0.0
Hecks,383.4352941176471,0.0,18.219238978987892,0.0,363.5665840561751,0.0,399.0,0.0,352.0,0.0,302.0,0.0,242.0,0.0,185.0,0.0,105.0,0.0,48.0,0.0,20.0,0.0,2.0,0.0,12.2386280580126,0.0,19.974984355438178,0.0,18.76166303929372,0.0,17.378147196982766,0.0,15.556349186104045,0.0,13.601470508735444,0.0,10.246950765959598,0.0,6.928203230275509,0.0,4.47213595499958,0.0,1.4142135623730951,0.0,,,,,,,,,,,,,,,,,,,,,4.936586481399894,0.0,,,,,,,,,,,,,,,,,,,,,12.237738181140854,0.0,17.962429848078255,0.0,16.98388426416293,0.0,15.514647273225734,0.0,13.603189647039411,0.0,11.808612070689664,0.0,8.357575479097457,0.0,5.233414560126453,0.0,3.9261739398000874,0.0,0.6618696519470317,0.0
Hehen,417.721568627451,0.0,19.119986181685665,0.0,356.01076285119575,0.0,434.0,0.0,385.0,0.0,332.0,0.0,270.0,0.0,194.0,0.0,90.0,0.0,38.0,0.0,18.0,0.0,3.0,0.0,12.011960377980818,0.0,20.83266665599966,0.0,19.621416870348583,0.0,18.2208671582886,0.0,16.431676725154983,0.0,13.92838827718412,0.0,9.486832980505138,0.0,6.164414002968976,0.0,4.242640687119285,0.0,1.7320508075688772,0.0,,,,,,,,,,,,,,,,,,,,,3.06078626603512,0.0,,,,,,,,,,,,,,,,,,,,,12.012134710401284,0.0,18.93603342003442,0.0,17.91752310933507,0.0,16.531037180093016,0.0,14.516248323772851,0.0,11.961118007100266,0.0,7.733834915603126,0.0,4.7517127024924966,0.0,3.824204781450018,0.0,1.0076972804339992,0.0
Heibe,383.08235294117645,0.0,18.19290033097809,0.0,363.7078722938994,0.0,401.0,0.0,360.0,0.0,308.0,0.0,237.0,0.0,181.0,0.0,103.0,0.0,44.0,0.0,14.0,0.0,2.0,0.0,12.171521103075905,0.0,20.024984394500787,0.0,18.973665961010276,0.0,17.549928774784245,0.0,15.394804318340652,0.0,13.45362404707371,0.0,10.14889156509222,0.0,6.6332495807108,0.0,3.7416573867739413,0.0,1.4142135623730951,0.0,,,,,,,,,,,,,,,,,,,,,4.764401482366935,0.0,,,,,,,,,,,,,,,,,,,,,12.170774816875173,0.0,18.134925637574202,0.0,17.149706479295112,0.0,15.759089481812929,0.0,13.486607942489508,0.0,11.709173440053647,0.0,8.331606424362306,0.0,4.686603049440343,0.0,2.9630865225129486,0.0,0.6618696519470317,0.0
Heime,407.97254901960787,0.0,18.838902627560028,0.0,422.408365527128,0.0,438.0,0.0,384.0,0.0,335.0,0.0,287.0,0.0,239.0,0.0,158.0,0.0,100.0,0.0,54.0,0.0,44.0,0.0,14.189883454483287,0.0,20.92844953645635,0.0,19.595917942265423,0.0,18.303005217723125,0.0,16.941074346097416,0.0,15.459624833740307,0.0,12.569805089976535,0.0,10.0,0.0,7.3484692283495345,0.0,6.6332495807108,0.0,,,,,,,,,,,,,,,,,,,,,4.399647958158867,0.0,,,,,,,,,,,,,,,,,,,,,14.190065008852464,0.0,18.905743676796583,0.0,17.753515292690608,0.0,16.64999620569115,0.0,15.214617041407623,0.0,13.715693384667087,0.0,10.741544468240791,0.0,8.378048844698828,0.0,6.393023301520998,0.0,5.6613953851328915,0.0
Hende,419.3176470588235,0.0,19.113483307259052,0.0,357.47611206950074,0.0,434.0,0.0,389.0,0.0,333.0,0.0,271.0,0.0,192.0,0.0,100.0,0.0,43.0,0.0,17.0,0.0,9.0,0.0,12.046797165506273,0.0,20.83266665599966,0.0,19.72308292331602,0.0,18.24828759089466,0.0,16.46207763315433,0.0,13.856406460551018,0.0,10.0,0.0,6.557438524302,0.0,4.123105625617661,0.0,3.0,0.0,,,,,,,,,,,,,,,,,,,,,2.748060302802852,0.0,,,,,,,,,,,,,,,,,,,,,12.046700041960246,0.0,18.954680396617253,0.0,17.94224782063113,0.0,16.48250269144711,0.0,14.613426003178333,0.0,11.911767530885875,0.0,8.03617684883137,0.0,5.078660571443434,0.0,3.650993242129234,0.0,2.4773383361263903,0.0
Hepft,393.5333333333333,0.0,18.48614182154748,0.0,389.6323420074349,0.0,404.0,0.0,363.0,0.0,317.0,0.0,258.0,0.0,214.0,0.0,132.0,0.0,78.0,0.0,38.0,0.0,21.0,0.0,13.243499329513027,0.0,20.09975124224178,0.0,19.05255888325765,0.0,17.804493814764857,0.0,16.06237840420901,0.0,14.628738838327793,0.0,11.489125293076057,0.0,8.831760866327848,0.0,6.164414002968976,0.0,4.58257569495584,0.0,,,,,,,,,,,,,,,,,,,,,6.731313524551621,0.0,,,,,,,,,,,,,,,,,,,,,13.243672015973988,0.0,18.088373579577908,0.0,17.25275653347504,0.0,16.04183708581955,0.0,14.262111973594086,0.0,12.782336442796888,0.0,9.621544226806904,0.0,7.147542485899624,0.0,5.224436847967789,0.0,3.8719424047975464,0.0
Hertz,346.6941176470589,0.0,17.396948739699997,0.0,367.9717561208705,0.0,357.0,0.0,326.0,0.0,275.0,0.0,222.0,0.0,180.0,0.0,108.0,0.0,50.0,0.0,8.0,0.0,1.0,0.0,12.346962355034742,0.0,18.894443627691185,0.0,18.05547008526779,0.0,16.583123951777,0.0,14.89966442575134,0.0,13.416407864998739,0.0,10.392304845413264,0.0,7.0710678118654755,0.0,2.8284271247461903,0.0,1.0,0.0,,,,,,,,,,,,,,,,,,,,,7.570602056513875,0.0,,,,,,,,,,,,,,,,,,,,,12.347242932347774,0.0,16.877611068491664,0.0,16.090259939039484,0.0,14.698654695343361,0.0,12.962364041138215,0.0,11.522551784985277,0.0,8.31986245293936,0.0,5.040156290746731,0.0,1.7342948984828486,0.0,0.4897494419998338,0.0
Heudu,426.94117647058823,0.0,19.276753704184223,0.0,370.9746275103732,0.0,462.0,0.0,423.0,0.0,351.0,0.0,283.0,0.0,192.0,0.0,102.0,0.0,43.0,0.0,17.0,0.0,9.0,0.0,12.365967838333315,0.0,21.494185260204677,0.0,20.566963801203133,0.0,18.734993995195193,0.0,16.822603841260722,0.0,13.856406460551018,0.0,10.099504938362077,0.0,6.557438524302,0.0,4.123105625617661,0.0,3.0,0.0,,,,,,,,,,,,,,,,,,,,,2.7044077534422617,0.0,,,,,,,,,,,,,,,,,,,,,12.36577592121919,0.0,19.453122107839796,0.0,18.578712022493587,0.0,16.869200645282003,0.0,14.705810165707211,0.0,11.707748831845342,0.0,8.181747075370593,0.0,5.098342302449205,0.0,3.650993242129234,0.0,2.4773383361263903,0.0
Heueu,394.3098039215686,0.0,18.51667245444177,0.0,344.89439922464913,0.0,417.0,0.0,382.0,0.0,310.0,0.0,244.0,0.0,162.0,0.0,70.0,0.0,20.0,0.0,2.0,0.0,0.0,0.0,11.446824418627918,0.0,20.42057785666214,0.0,19.544820285692065,0.0,17.60681686165901,0.0,15.620499351813308,0.0,12.727922061357855,0.0,8.366600265340756,0.0,4.47213595499958,0.0,1.4142135623730951,0.0,0.0,0.0,,,,,,,,,,,,,,,,,,,,,3.864312638788199,0.0,,,,,,,,,,,,,,,,,,,,,11.44696684102165,0.0,18.35907900350328,0.0,17.53910316573541,0.0,15.738653227083013,0.0,13.39973003319829,0.0,10.607373240027442,0.0,6.5743973371677695,0.0,2.8366846297575985,0.0,0.6925234642715711,0.0,0.0,0.0
Heums,430.0627450980392,0.0,19.294356765615344,0.0,413.8112185587434,0.0,469.0,0.0,417.0,0.0,351.0,0.0,298.0,0.0,233.0,0.0,143.0,0.0,89.0,0.0,50.0,0.0,44.0,0.0,13.886630700211732,0.0,21.656407827707714,0.0,20.42057785666214,0.0,18.734993995195193,0.0,17.26267650163207,0.0,15.264337522473747,0.0,11.958260743101398,0.0,9.433981132056603,0.0,7.0710678118654755,0.0,6.6332495807108,0.0,,,,,,,,,,,,,,,,,,,,,3.508309697610986,0.0,,,,,,,,,,,,,,,,,,,,,13.886823993722079,0.0,19.520854163515228,0.0,18.500805324257904,0.0,17.00659648734252,0.0,15.396173951304574,0.0,13.400714233744374,0.0,10.18732213130993,0.0,7.973203981617014,0.0,6.128783621971182,0.0,5.6613953851328915,0.0
Hgbgn,499.83137254901965,0.0,20.775755914843174,0.0,420.65771152740297,0.0,552.0,0.0,501.0,0.0,433.0,0.0,338.0,0.0,262.0,0.0,163.0,0.0,91.0,0.0,53.0,0.0,36.0,0.0,14.021736556939464,0.0,23.49468024894146,0.0,22.38302928559939,0.0,20.808652046684813,0.0,18.384776310850235,0.0,16.186414056238647,0.0,12.767145334803704,0.0,9.539392014169456,0.0,7.280109889280518,0.0,6.0,0.0,,,,,,,,,,,,,,,,,,,,,3.1833021461629625,0.0,,,,,,,,,,,,,,,,,,,,,14.021807930255788,0.0,21.56411891965083,0.0,20.661950275497503,0.0,19.04257184062083,0.0,16.47024505871768,0.0,14.247646531911581,0.0,10.775722560711111,0.0,7.455893366165566,0.0,5.442424237724862,0.0,3.9614441717656375,0.0
Hggvl,440.2627450980392,0.0,19.575784380255836,0.0,442.9824177337184,0.0,486.0,0.0,436.0,0.0,376.0,0.0,315.0,0.0,256.0,0.0,179.0,0.0,115.0,0.0,68.0,0.0,42.0,0.0,14.77232654295655,0.0,22.045407685048602,0.0,20.8806130178211,0.0,19.390719429665317,0.0,17.74823934929885,0.0,16.0,0.0,13.379088160259652,0.0,10.723805294763608,0.0,8.246211251235321,0.0,6.48074069840786,0.0,,,,,,,,,,,,,,,,,,,,,8.711909720189945,0.0,,,,,,,,,,,,,,,,,,,,,14.772579158578582,0.0,19.960449540756372,0.0,19.06543914158501,0.0,17.676797816497942,0.0,15.921847696795492,0.0,14.070777936307199,0.0,11.196984383874938,0.0,8.471692306044481,0.0,6.421742871428018,0.0,4.449360404803334,0.0
Hhmhs,481.2156862745098,0.0,20.504924999869868,0.0,443.83410166489773,0.0,529.0,0.0,464.0,0.0,406.0,0.0,344.0,0.0,270.0,0.0,188.0,0.0,121.0,0.0,82.0,0.0,58.0,0.0,14.866705919700149,0.0,23.0,0.0,21.540659228538015,0.0,20.149441679609886,0.0,18.547236990991408,0.0,16.431676725154983,0.0,13.711309200802088,0.0,11.0,0.0,9.055385138137417,0.0,7.615773105863909,0.0,,,,,,,,,,,,,,,,,,,,,5.142167145350599,0.0,,,,,,,,,,,,,,,,,,,,,14.866829578736661,0.0,20.923876835712846,0.0,19.76870406980303,0.0,18.42861228834827,0.0,16.813611807808893,0.0,14.724345333283056,0.0,11.925462503175348,0.0,9.626568572899178,0.0,8.12481242663799,0.0,6.44308037577549,0.0
Hhmtd,480.8078431372549,0.0,20.47924090288694,0.0,464.26588348681037,0.0,529.0,0.0,478.0,0.0,420.0,0.0,362.0,0.0,293.0,0.0,203.0,0.0,140.0,0.0,86.0,0.0,65.0,0.0,15.425512569069062,0.0,23.0,0.0,21.863211109075447,0.0,20.493901531919196,0.0,19.026297590440446,0.0,17.11724276862369,0.0,14.247806848775006,0.0,11.832159566199232,0.0,9.273618495495704,0.0,8.06225774829855,0.0,,,,,,,,,,,,,,,,,,,,,3.6083825626141732,0.0,,,,,,,,,,,,,,,,,,,,,15.42577886131231,0.0,20.941509888851733,0.0,20.065262582583124,0.0,18.873358813871338,0.0,17.301471123111888,0.0,15.359950068125439,0.0,12.415525253798474,0.0,10.22000560528765,0.0,8.123110302631941,0.0,6.821480047277447,0.0
Hieli,323.58823529411757,0.0,16.865151219125877,0.0,400.72675230080995,0.0,337.0,0.0,305.0,0.0,259.0,0.0,226.0,0.0,198.0,0.0,131.0,0.0,77.0,0.0,33.0,0.0,7.0,0.0,13.568062307313877,0.0,18.35755975068582,0.0,17.46424919657298,0.0,16.09347693943108,0.0,15.033296378372908,0.0,14.071247279470288,0.0,11.445523142259598,0.0,8.774964387392123,0.0,5.744562646538029,0.0,2.6457513110645907,0.0,,,,,,,,,,,,,,,,,,,,,9.69841659073709,0.0,,,,,,,,,,,,,,,,,,,,,13.567558951225116,0.0,16.347823736385937,0.0,15.66081570843418,0.0,14.291589514761228,0.0,13.25682182215489,0.0,12.20135502106469,0.0,9.457489288363238,0.0,6.823597191857848,0.0,4.883367350194107,0.0,1.9596166356645957,0.0
Hilfe,342.36470588235295,0.0,17.32609688354515,0.0,400.91962404127287,0.0,357.0,0.0,314.0,0.0,276.0,0.0,233.0,0.0,204.0,0.0,141.0,0.0,86.0,0.0,38.0,0.0,12.0,0.0,13.609203179108494,0.0,18.894443627691185,0.0,17.72004514666935,0.0,16.61324772583615,0.0,15.264337522473747,0.0,14.2828568570857,0.0,11.874342087037917,0.0,9.273618495495704,0.0,6.164414002968976,0.0,3.4641016151377544,0.0,,,,,,,,,,,,,,,,,,,,,5.7142546203779485,0.0,,,,,,,,,,,,,,,,,,,,,13.609210405297231,0.0,16.98159424101362,0.0,15.975951736321914,0.0,14.940555568823937,0.0,13.540578737854243,0.0,12.471365792545216,0.0,9.987587232983683,0.0,7.494836726136356,0.0,5.4723767250135875,0.0,2.6400193732066755,0.0
Hilin,337.8,0.0,17.254119857497837,0.0,401.491808062892,0.0,347.0,0.0,317.0,0.0,280.0,0.0,241.0,0.0,211.0,0.0,139.0,0.0,76.0,0.0,28.0,0.0,5.0,0.0,13.6405986758049,0.0,18.627936010197157,0.0,17.804493814764857,0.0,16.73320053068151,0.0,15.524174696260024,0.0,14.52583904633395,0.0,11.789826122551595,0.0,8.717797887081348,0.0,5.291502622129181,0.0,2.23606797749979,0.0,,,,,,,,,,,,,,,,,,,,,6.7649717900154975,0.0,,,,,,,,,,,,,,,,,,,,,13.640840746856055,0.0,16.82785025356113,0.0,16.126017569584825,0.0,15.08755752809526,0.0,13.768839881897122,0.0,12.61791391290544,0.0,9.726134150967226,0.0,6.7010745418276905,0.0,4.702530827535044,0.0,1.728702033370433,0.0
Hilms,389.8862745098039,0.0,18.442184146510684,0.0,454.5225051496567,0.0,427.0,0.0,374.0,0.0,326.0,0.0,291.0,0.0,258.0,0.0,191.0,0.0,129.0,0.0,72.0,0.0,49.0,0.0,15.202785686484118,0.0,20.663978319771825,0.0,19.339079605813716,0.0,18.05547008526779,0.0,17.05872210923198,0.0,16.06237840420901,0.0,13.820274961085254,0.0,11.357816691600547,0.0,8.48528137423857,0.0,7.0,0.0,,,,,,,,,,,,,,,,,,,,,4.969433258724113,0.0,,,,,,,,,,,,,,,,,,,,,15.202485467886504,0.0,18.542226167354265,0.0,17.53911859630804,0.0,16.43342875467157,0.0,15.395063303184283,0.0,14.328050926230782,0.0,11.895263742279358,0.0,9.589544858406134,0.0,7.483304948977132,0.0,5.920348619978407,0.0
Hirti,308.16078431372546,0.0,16.397315540649895,0.0,395.16351990885823,0.0,318.0,0.0,289.0,0.0,248.0,0.0,216.0,0.0,188.0,0.0,128.0,0.0,75.0,0.0,19.0,0.0,2.0,0.0,13.35998447675476,0.0,17.832554500127006,0.0,17.0,0.0,15.748015748023622,0.0,14.696938456699069,0.0,13.711309200802088,0.0,11.313708498984761,0.0,8.660254037844387,0.0,4.358898943540674,0.0,1.4142135623730951,0.0,,,,,,,,,,,,,,,,,,,,,10.542598053768483,0.0,,,,,,,,,,,,,,,,,,,,,13.359882375128572,0.0,15.726973202584144,0.0,15.01519149578738,0.0,13.90005975511915,0.0,12.864550574923252,0.0,11.798837283487288,0.0,9.199436797847516,0.0,6.4299351332269,0.0,3.178757709120193,0.0,0.9625466294888946,0.0
Hisin,338.9764705882353,0.0,17.16621907345849,0.0,377.5092480555488,0.0,347.0,0.0,310.0,0.0,265.0,0.0,229.0,0.0,192.0,0.0,115.0,0.0,56.0,0.0,14.0,0.0,0.0,0.0,12.839137255347678,0.0,18.627936010197157,0.0,17.60681686165901,0.0,16.278820596099706,0.0,15.132745950421556,0.0,13.856406460551018,0.0,10.723805294763608,0.0,7.483314773547883,0.0,3.7416573867739413,0.0,0.0,0.0,,,,,,,,,,,,,,,,,,,,,6.471012830218599,0.0,,,,,,,,,,,,,,,,,,,,,12.839135801515546,0.0,16.721433331560206,0.0,15.866559322929337,0.0,14.550677241026566,0.0,13.28726276200201,0.0,11.814533129489005,0.0,8.534824578751074,0.0,5.278113604438362,0.0,2.8346111171017725,0.0,0.0,0.0
Hitze,341.6666666666667,0.0,17.25918529723182,0.0,375.2876246244057,0.0,358.0,0.0,316.0,0.0,271.0,0.0,220.0,0.0,183.0,0.0,111.0,0.0,54.0,0.0,13.0,0.0,0.0,0.0,12.64552829547585,0.0,18.920887928424502,0.0,17.776388834631177,0.0,16.46207763315433,0.0,14.832396974191326,0.0,13.527749258468683,0.0,10.535653752852738,0.0,7.3484692283495345,0.0,3.605551275463989,0.0,0.0,0.0,,,,,,,,,,,,,,,,,,,,,5.200471255252141,0.0,,,,,,,,,,,,,,,,,,,,,12.64554331666438,0.0,16.88179134883243,0.0,15.811647632419467,0.0,14.637233644602592,0.0,12.939825734687174,0.0,11.604682200675251,0.0,8.449569053847549,0.0,5.251448103092446,0.0,2.467362173249503,0.0,0.0,0.0
Hkstl,374.3058823529412,0.0,18.09001202815458,0.0,409.37160385839525,0.0,398.0,0.0,358.0,0.0,305.0,0.0,260.0,0.0,221.0,0.0,148.0,0.0,89.0,0.0,47.0,0.0,22.0,0.0,13.841077224857637,0.0,19.949937343260004,0.0,18.920887928424502,0.0,17.46424919657298,0.0,16.1245154965971,0.0,14.866068747318506,0.0,12.165525060596439,0.0,9.433981132056603,0.0,6.855654600401044,0.0,4.69041575982343,0.0,,,,,,,,,,,,,,,,,,,,,10.66724244435531,0.0,,,,,,,,,,,,,,,,,,,,,13.840988008724045,0.0,17.89399586422875,0.0,17.112486569663435,0.0,15.673948849066239,0.0,14.330110009323956,0.0,12.998478732707035,0.0,10.19261559125276,0.0,7.606977572554104,0.0,5.823168499622739,0.0,3.7456570597255645,0.0
Hktzg,433.12549019607843,0.0,19.44851462865618,0.0,420.47428761949476,0.0,474.0,0.0,429.0,0.0,369.0,0.0,298.0,0.0,249.0,0.0,163.0,0.0,91.0,0.0,49.0,0.0,30.0,0.0,14.062835538530587,0.0,21.77154105707724,0.0,20.71231517720798,0.0,19.209372712298546,0.0,17.26267650163207,0.0,15.7797338380595,0.0,12.767145334803704,0.0,9.539392014169456,0.0,7.0,0.0,5.477225575051661,0.0,,,,,,,,,,,,,,,,,,,,,5.331964099196406,0.0,,,,,,,,,,,,,,,,,,,,,14.062725804527107,0.0,19.73923211926254,0.0,18.866108424062283,0.0,17.35012183352032,0.0,15.370140771783769,0.0,13.898720814375746,0.0,10.62695560291046,0.0,7.476813441027444,0.0,5.517957419047515,0.0,4.034079145495796,0.0
Hnbby,457.7803921568627,0.0,19.81991278271276,0.0,402.8235377808014,0.0,493.0,0.0,467.0,0.0,415.0,0.0,306.0,0.0,235.0,0.0,147.0,0.0,71.0,0.0,32.0,0.0,10.0,0.0,13.430782937959727,0.0,22.20360331117452,0.0,21.61018278497431,0.0,20.37154878746336,0.0,17.4928556845359,0.0,15.329709716755891,0.0,12.12435565298214,0.0,8.426149773176359,0.0,5.656854249492381,0.0,3.1622776601683795,0.0,,,,,,,,,,,,,,,,,,,,,2.5066510187898716,0.0,,,,,,,,,,,,,,,,,,,,,13.430861532603348,0.0,20.352925851145688,0.0,19.774644365374687,0.0,18.514682152760756,0.0,15.49769404239767,0.0,13.460837463010726,0.0,10.12347828780342,0.0,6.318480473012755,0.0,4.253392253199691,0.0,1.9429058996571127,0.0
Hnnhg,473.38823529411764,0.0,20.3539105893279,0.0,392.5016624686495,0.0,508.0,0.0,457.0,0.0,401.0,0.0,322.0,0.0,238.0,0.0,136.0,0.0,66.0,0.0,40.0,0.0,18.0,0.0,13.25250406485225,0.0,22.538855339169288,0.0,21.37755832643195,0.0,20.024984394500787,0.0,17.944358444926362,0.0,15.427248620541512,0.0,11.661903789690601,0.0,8.12403840463596,0.0,6.324555320336759,0.0,4.242640687119285,0.0,,,,,,,,,,,,,,,,,,,,,3.8364907126031444,0.0,,,,,,,,,,,,,,,,,,,,,13.252811352074689,0.0,20.69827247186678,0.0,19.74611081971576,0.0,18.243484764836687,0.0,15.996550670567801,0.0,13.467433084868608,0.0,9.510209000798133,0.0,6.43518415604114,0.0,5.169655834473253,0.0,2.6913317087677524,0.0
Hobon,423.99607843137255,0.0,19.078359631487547,0.0,361.5084100720003,0.0,444.0,0.0,410.0,0.0,352.0,0.0,265.0,0.0,192.0,0.0,107.0,0.0,42.0,0.0,9.0,0.0,2.0,0.0,12.088022517589135,0.0,21.071307505705477,0.0,20.248456731316587,0.0,18.76166303929372,0.0,16.278820596099706,0.0,13.856406460551018,0.0,10.344080432788601,0.0,6.48074069840786,0.0,3.0,0.0,1.4142135623730951,0.0,,,,,,,,,,,,,,,,,,,,,2.9594157698041363,0.0,,,,,,,,,,,,,,,,,,,,,12.087962213764204,0.0,19.20729200035744,0.0,18.35919716544987,0.0,16.9136734746253,0.0,14.345688599891982,0.0,11.874774605469367,0.0,8.2872131818123,0.0,4.438391166075876,0.0,2.3237397327763514,0.0,0.668680288732816,0.0
Hocke,395.4274509803921,0.0,18.505698281788185,0.0,362.6076922246249,0.0,415.0,0.0,366.0,0.0,317.0,0.0,248.0,0.0,188.0,0.0,104.0,0.0,47.0,0.0,19.0,0.0,2.0,0.0,12.167029473831706,0.0,20.37154878746336,0.0,19.131126469708992,0.0,17.804493814764857,0.0,15.748015748023622,0.0,13.711309200802088,0.0,10.198039027185569,0.0,6.855654600401044,0.0,4.358898943540674,0.0,1.4142135623730951,0.0,,,,,,,,,,,,,,,,,,,,,4.245970283964421,0.0,,,,,,,,,,,,,,,,,,,,,12.166236259811859,0.0,18.386346017476093,0.0,17.301307699577134,0.0,15.91748998550135,0.0,13.844138268768882,0.0,11.876469271318337,0.0,8.303834356662001,0.0,5.184660381635225,0.0,3.89689503470532,0.0,0.6618696519470317,0.0
Hoden,422.8549019607843,0.0,19.155615589483734,0.0,359.38978248603553,0.0,441.0,0.0,401.0,0.0,338.0,0.0,271.0,0.0,193.0,0.0,97.0,0.0,45.0,0.0,17.0,0.0,9.0,0.0,12.082324338266114,0.0,21.0,0.0,20.024984394500787,0.0,18.384776310850235,0.0,16.46207763315433,0.0,13.892443989449804,0.0,9.848857801796104,0.0,6.708203932499369,0.0,4.123105625617661,0.0,3.0,0.0,,,,,,,,,,,,,,,,,,,,,2.9238720060827244,0.0,,,,,,,,,,,,,,,,,,,,,12.08267344318765,0.0,19.056836707736405,0.0,18.18297599523721,0.0,16.664635825922566,0.0,14.631833811795456,0.0,11.942651344927954,0.0,7.914983035138437,0.0,5.134433960635942,0.0,3.647925367622548,0.0,2.5150661115962025,0.0
Hokle,396.75686274509803,0.0,18.640831107829364,0.0,385.80189599177106,0.0,422.0,0.0,373.0,0.0,322.0,0.0,262.0,0.0,210.0,0.0,127.0,0.0,68.0,0.0,35.0,0.0,8.0,0.0,13.009490793889679,0.0,20.54263858417414,0.0,19.313207915827967,0.0,17.944358444926362,0.0,16.186414056238647,0.0,14.491376746189438,0.0,11.269427669584644,0.0,8.246211251235321,0.0,5.916079783099616,0.0,2.8284271247461903,0.0,,,,,,,,,,,,,,,,,,,,,6.258522717393936,0.0,,,,,,,,,,,,,,,,,,,,,13.00983898557143,0.0,18.631706997168834,0.0,17.59889971774714,0.0,16.217693703094714,0.0,14.431781096420085,0.0,12.670881733484489,0.0,9.387025354990442,0.0,6.652694318954347,0.0,5.462224551263549,0.0,1.9828449173928526,0.0
Hokon,424.1372549019608,0.0,19.189750804732,0.0,371.9674144805929,0.0,444.0,0.0,401.0,0.0,349.0,0.0,279.0,0.0,210.0,0.0,119.0,0.0,53.0,0.0,19.0,0.0,3.0,0.0,12.538431012221219,0.0,21.071307505705477,0.0,20.024984394500787,0.0,18.681541692269406,0.0,16.703293088490067,0.0,14.491376746189438,0.0,10.908712114635714,0.0,7.280109889280518,0.0,4.358898943540674,0.0,1.7320508075688772,0.0,,,,,,,,,,,,,,,,,,,,,3.000836726852021,0.0,,,,,,,,,,,,,,,,,,,,,12.538388351109214,0.0,19.14720802951785,0.0,18.227567933148418,0.0,16.903052359466212,0.0,14.822603419982558,0.0,12.49406307923672,0.0,8.775240139252478,0.0,5.406185189624433,0.0,3.899439550058045,0.0,1.0076972804339992,0.0
Honat,384.4509803921569,0.0,18.191729111709467,0.0,349.197562990499,0.0,390.0,0.0,354.0,0.0,296.0,0.0,235.0,0.0,182.0,0.0,98.0,0.0,37.0,0.0,3.0,0.0,0.0,0.0,11.82535025242618,0.0,19.748417658131498,0.0,18.81488772222678,0.0,17.204650534085253,0.0,15.329709716755891,0.0,13.490737563232042,0.0,9.899494936611665,0.0,6.082762530298219,0.0,1.7320508075688772,0.0,0.0,0.0,,,,,,,,,,,,,,,,,,,,,6.662082806921707,0.0,,,,,,,,,,,,,,,,,,,,,11.825302012274738,0.0,17.70448030925119,0.0,16.9892773570143,0.0,15.369006400826038,0.0,13.479579586237339,0.0,11.589972534613178,0.0,7.700639623681421,0.0,4.091390717975486,0.0,1.0487171733411782,0.0,0.0,0.0
Honry,386.2470588235294,0.0,18.286325810543943,0.0,376.85250382680925,0.0,396.0,0.0,367.0,0.0,320.0,0.0,257.0,0.0,206.0,0.0,119.0,0.0,56.0,0.0,12.0,0.0,6.0,0.0,12.715775915623754,0.0,19.8997487421324,0.0,19.157244060668017,0.0,17.88854381999832,0.0,16.0312195418814,0.0,14.352700094407323,0.0,10.908712114635714,0.0,7.483314773547883,0.0,3.4641016151377544,0.0,2.449489742783178,0.0,,,,,,,,,,,,,,,,,,,,,5.705092902919768,0.0,,,,,,,,,,,,,,,,,,,,,12.715728665750808,0.0,17.953431026308706,0.0,17.29148996820096,0.0,16.0349028172255,0.0,14.141178130165903,0.0,12.390814932057927,0.0,8.69212773502832,0.0,5.5189275216357,0.0,2.6455544301924205,0.0,1.6996297876350919,0.0
Horde,394.0431372549019,0.0,18.491471064103344,0.0,363.5915707602051,0.0,412.0,0.0,369.0,0.0,310.0,0.0,250.0,0.0,180.0,0.0,111.0,0.0,53.0,0.0,16.0,0.0,9.0,0.0,12.16720170251804,0.0,20.29778313018444,0.0,19.209372712298546,0.0,17.60681686165901,0.0,15.811388300841896,0.0,13.416407864998739,0.0,10.535653752852738,0.0,7.280109889280518,0.0,4.0,0.0,3.0,0.0,,,,,,,,,,,,,,,,,,,,,4.447556501175874,0.0,,,,,,,,,,,,,,,,,,,,,12.166751476571948,0.0,18.311016787081012,0.0,17.277895156667505,0.0,15.737327228246253,0.0,14.000822454693688,0.0,11.50929474617329,0.0,8.515682837546027,0.0,5.615551144146343,0.0,3.619940692728586,0.0,2.4773383361263903,0.0
Hordu,404.9607843137255,0.0,18.75377721789627,0.0,374.1798271118988,0.0,431.0,0.0,395.0,0.0,329.0,0.0,265.0,0.0,191.0,0.0,118.0,0.0,54.0,0.0,16.0,0.0,9.0,0.0,12.499951687883584,0.0,20.760539492026695,0.0,19.87460691435179,0.0,18.138357147217054,0.0,16.278820596099706,0.0,13.820274961085254,0.0,10.862780491200215,0.0,7.3484692283495345,0.0,4.0,0.0,3.0,0.0,,,,,,,,,,,,,,,,,,,,,4.015688448936342,0.0,,,,,,,,,,,,,,,,,,,,,12.499551715670927,0.0,18.738660712965725,0.0,17.883443978545323,0.0,16.231347108795887,0.0,14.303157530116994,0.0,11.796503479723844,0.0,8.760675279848023,0.0,5.653333716234723,0.0,3.619940692728586,0.0,2.4773383361263903,0.0
Horet,350.9529411764706,0.0,17.42115318338998,0.0,351.5797979552549,0.0,357.0,0.0,324.0,0.0,266.0,0.0,213.0,0.0,160.0,0.0,93.0,0.0,41.0,0.0,4.0,0.0,0.0,0.0,11.772281614402253,0.0,18.894443627691185,0.0,18.0,0.0,16.30950643030009,0.0,14.594519519326424,0.0,12.649110640673518,0.0,9.643650760992955,0.0,6.4031242374328485,0.0,2.0,0.0,0.0,0.0,,,,,,,,,,,,,,,,,,,,,8.344099801362157,0.0,,,,,,,,,,,,,,,,,,,,,11.772385628052772,0.0,16.708626021561887,0.0,15.996098914210343,0.0,14.408381411972,0.0,12.74050701116784,0.0,10.836303029880241,0.0,7.645396295807881,0.0,4.471462477761999,0.0,1.165766637301978,0.0,0.0,0.0
Hosen,381.7686274509804,0.0,18.146726938417025,0.0,338.02011565468786,0.0,389.0,0.0,348.0,0.0,285.0,0.0,227.0,0.0,164.0,0.0,81.0,0.0,26.0,0.0,3.0,0.0,0.0,0.0,11.332794940835885,0.0,19.72308292331602,0.0,18.65475810617763,0.0,16.881943016134134,0.0,15.066519173319364,0.0,12.806248474865697,0.0,9.0,0.0,5.0990195135927845,0.0,1.7320508075688772,0.0,0.0,0.0,,,,,,,,,,,,,,,,,,,,,4.593043558529756,0.0,,,,,,,,,,,,,,,,,,,,,11.332497880957252,0.0,17.700985501834893,0.0,16.78980904670633,0.0,15.113876175844062,0.0,13.153759191285788,0.0,10.821220913940637,0.0,6.941347064430071,0.0,3.173357516011467,0.0,0.9190078189597055,0.0,0.0,0.0
Hotel,355.92156862745105,0.0,17.588237480053202,0.0,372.52442732841394,0.0,370.0,0.0,335.0,0.0,278.0,0.0,224.0,0.0,172.0,0.0,110.0,0.0,59.0,0.0,25.0,0.0,8.0,0.0,12.565164462197888,0.0,19.235384061671343,0.0,18.303005217723125,0.0,16.673332000533065,0.0,14.966629547095765,0.0,13.114877048604,0.0,10.488088481701515,0.0,7.681145747868608,0.0,5.0,0.0,2.8284271247461903,0.0,,,,,,,,,,,,,,,,,,,,,8.150846737178423,0.0,,,,,,,,,,,,,,,,,,,,,12.565137900229026,0.0,17.061840842099517,0.0,16.31284514489879,0.0,14.92323142264645,0.0,13.157386661525729,0.0,11.429206379875557,0.0,8.65045537728235,0.0,5.981482039852976,0.0,4.169331385565999,0.0,2.1360381094173597,0.0
Hotto,358.6313725490196,0.0,17.52509268192863,0.0,363.8992160102367,0.0,377.0,0.0,339.0,0.0,282.0,0.0,223.0,0.0,174.0,0.0,101.0,0.0,52.0,0.0,7.0,0.0,0.0,0.0,12.186825675289922,0.0,19.4164878389476,0.0,18.411952639521967,0.0,16.792855623746664,0.0,14.933184523068078,0.0,13.19090595827292,0.0,10.04987562112089,0.0,7.211102550927978,0.0,2.6457513110645907,0.0,0.0,0.0,,,,,,,,,,,,,,,,,,,,,6.8822987833896185,0.0,,,,,,,,,,,,,,,,,,,,,12.187081224056483,0.0,17.193118005468644,0.0,16.302680469950637,0.0,15.029037949343968,0.0,13.092248506040185,0.0,11.39141627502201,0.0,8.034709322370324,0.0,5.17363274203096,0.0,1.5338901428755456,0.0,0.0,0.0
Hpcks,415.80392156862746,0.0,18.994944996220912,0.0,387.26557842192364,0.0,438.0,0.0,391.0,0.0,341.0,0.0,275.0,0.0,215.0,0.0,131.0,0.0,71.0,0.0,39.0,0.0,18.0,0.0,13.093557267773365,0.0,20.92844953645635,0.0,19.77371993328519,0.0,18.466185312619388,0.0,16.583123951777,0.0,14.66287829861518,0.0,11.445523142259598,0.0,8.426149773176359,0.0,6.244997998398398,0.0,4.242640687119285,0.0,,,,,,,,,,,,,,,,,,,,,6.215292753968371,0.0,,,,,,,,,,,,,,,,,,,,,13.09314676788484,0.0,18.90959462729526,0.0,18.00654853755723,0.0,16.608567982566043,0.0,14.710175931594403,0.0,12.851571054370476,0.0,9.578761001305194,0.0,6.818083750358228,0.0,5.48688027853464,0.0,3.5078993481602927,0.0
Hpckt,413.8,0.0,18.973769303136038,0.0,400.61257434269316,0.0,437.0,0.0,394.0,0.0,350.0,0.0,284.0,0.0,229.0,0.0,142.0,0.0,81.0,0.0,42.0,0.0,18.0,0.0,13.52024486349481,0.0,20.904544960366874,0.0,19.849433241279208,0.0,18.708286933869708,0.0,16.852299546352718,0.0,15.132745950421556,0.0,11.916375287812984,0.0,9.0,0.0,6.48074069840786,0.0,4.242640687119285,0.0,,,,,,,,,,,,,,,,,,,,,6.622045133476473,0.0,,,,,,,,,,,,,,,,,,,,,13.519925735091043,0.0,18.811104519505868,0.0,18.047819594636728,0.0,16.83535125480387,0.0,15.001918695971472,0.0,13.2935791002935,0.0,9.999957134710455,0.0,7.251629807119319,0.0,5.58265181460071,0.0,3.5078993481602927,0.0
Hpmgn,515.6352941176472,0.0,21.189276810437097,0.0,466.756338195474,0.0,566.0,0.0,509.0,0.0,453.0,0.0,378.0,0.0,312.0,0.0,212.0,0.0,141.0,0.0,91.0,0.0,76.0,0.0,15.520045423962014,0.0,23.790754506740637,0.0,22.561028345356956,0.0,21.283796653792763,0.0,19.44222209522358,0.0,17.663521732655695,0.0,14.560219778561036,0.0,11.874342087037917,0.0,9.539392014169456,0.0,8.717797887081348,0.0,,,,,,,,,,,,,,,,,,,,,3.4302370771844486,0.0,,,,,,,,,,,,,,,,,,,,,15.519953583650821,0.0,21.731879308957346,0.0,20.827797131524648,0.0,19.64781758663907,0.0,17.676344540694487,0.0,15.809576870147769,0.0,12.606042536420881,0.0,10.072319590118575,0.0,8.028329620201935,0.0,7.122428205704593,0.0
Hpnry,415.07843137254906,0.0,19.016955950155374,0.0,400.7889304641037,0.0,428.0,0.0,399.0,0.0,356.0,0.0,291.0,0.0,237.0,0.0,143.0,0.0,79.0,0.0,32.0,0.0,22.0,0.0,13.565330207602488,0.0,20.688160865577203,0.0,19.974984355438178,0.0,18.867962264113206,0.0,17.05872210923198,0.0,15.394804318340652,0.0,11.958260743101398,0.0,8.888194417315589,0.0,5.656854249492381,0.0,4.69041575982343,0.0,,,,,,,,,,,,,,,,,,,,,6.978560112614063,0.0,,,,,,,,,,,,,,,,,,,,,13.56559085739935,0.0,18.780568429386644,0.0,18.195472207180902,0.0,17.045972100988685,0.0,15.201991830736363,0.0,13.415570310518223,0.0,9.849646747045803,0.0,7.055774690056857,0.0,4.682235784009969,0.0,3.8407858270462967,0.0
Hqjlq,412.0901960784314,0.0,18.988856077516658,0.0,433.85290770032344,0.0,447.0,0.0,407.0,0.0,356.0,0.0,299.0,0.0,239.0,0.0,166.0,0.0,104.0,0.0,60.0,0.0,34.0,0.0,14.475417717359786,0.0,21.142374511865974,0.0,20.174241001832016,0.0,18.867962264113206,0.0,17.291616465790582,0.0,15.459624833740307,0.0,12.884098726725126,0.0,10.198039027185569,0.0,7.745966692414834,0.0,5.830951894845301,0.0,,,,,,,,,,,,,,,,,,,,,5.974677972018729,0.0,,,,,,,,,,,,,,,,,,,,,14.47572811059127,0.0,19.25692889335623,0.0,18.429844709248652,0.0,17.171572961432318,0.0,15.544707779845952,0.0,13.714195411308385,0.0,10.91594911600668,0.0,8.380160825565193,0.0,6.886155121386775,0.0,4.466869740693918,0.0
Hqnsx,409.69019607843137,0.0,18.831510154579682,0.0,371.665879167307,0.0,424.0,0.0,384.0,0.0,327.0,0.0,268.0,0.0,207.0,0.0,108.0,0.0,49.0,0.0,20.0,0.0,11.0,0.0,12.585093792033934,0.0,20.591260281974,0.0,19.595917942265423,0.0,18.083141320025124,0.0,16.3707055437449,0.0,14.38749456993816,0.0,10.392304845413264,0.0,7.0,0.0,4.47213595499958,0.0,3.3166247903554,0.0,,,,,,,,,,,,,,,,,,,,,7.02257113696476,0.0,,,,,,,,,,,,,,,,,,,,,12.584859102331661,0.0,18.61116949559371,0.0,17.848937575340322,0.0,16.2904577806612,0.0,14.43268576256176,0.0,12.330933318636376,0.0,8.252990282908703,0.0,5.156125675427877,0.0,3.5820115790923652,0.0,2.556069434846236,0.0
Hrllt,328.15294117647056,0.0,17.032900294018926,0.0,414.2229038937612,0.0,340.0,0.0,312.0,0.0,272.0,0.0,236.0,0.0,210.0,0.0,152.0,0.0,93.0,0.0,43.0,0.0,10.0,0.0,13.974797623673652,0.0,18.439088914585774,0.0,17.663521732655695,0.0,16.492422502470642,0.0,15.362291495737216,0.0,14.491376746189438,0.0,12.328828005937952,0.0,9.643650760992955,0.0,6.557438524302,0.0,3.1622776601683795,0.0,,,,,,,,,,,,,,,,,,,,,8.631977887749354,0.0,,,,,,,,,,,,,,,,,,,,,13.97483104736203,0.0,16.447070341628407,0.0,15.904873431452645,0.0,14.754553496644938,0.0,13.626584509815432,0.0,12.691098411397359,0.0,10.339450970812488,0.0,7.76058985348305,0.0,5.796838423494758,0.0,2.4288058989325174,0.0
Hrmzr,397.678431372549,0.0,18.673950630262574,0.0,444.8180833286086,0.0,423.0,0.0,386.0,0.0,344.0,0.0,299.0,0.0,259.0,0.0,184.0,0.0,114.0,0.0,60.0,0.0,44.0,0.0,14.83108115758972,0.0,20.566963801203133,0.0,19.6468827043885,0.0,18.547236990991408,0.0,17.291616465790582,0.0,16.09347693943108,0.0,13.564659966250536,0.0,10.677078252031311,0.0,7.745966692414834,0.0,6.6332495807108,0.0,,,,,,,,,,,,,,,,,,,,,6.6013164024455495,0.0,,,,,,,,,,,,,,,,,,,,,14.831353511680694,0.0,18.631566705781573,0.0,17.825256280916907,0.0,16.74672386341518,0.0,15.443688979296331,0.0,14.215187778819525,0.0,11.42722900703304,0.0,8.78498626807072,0.0,6.444321808323404,0.0,5.662553709140418,0.0
Hsjlt,333.73333333333335,0.0,17.04857478926763,0.0,406.3337952501662,0.0,349.0,0.0,317.0,0.0,276.0,0.0,231.0,0.0,202.0,0.0,141.0,0.0,80.0,0.0,34.0,0.0,13.0,0.0,13.67924779922023,0.0,18.681541692269406,0.0,17.804493814764857,0.0,16.61324772583615,0.0,15.198684153570664,0.0,14.212670403551895,0.0,11.874342087037917,0.0,8.94427190999916,0.0,5.830951894845301,0.0,3.605551275463989,0.0,,,,,,,,,,,,,,,,,,,,,8.742238922578231,0.0,,,,,,,,,,,,,,,,,,,,,13.679737405430506,0.0,16.564540673555893,0.0,15.947162299876577,0.0,14.832373635209555,0.0,13.432089041694729,0.0,12.400685475031013,0.0,9.844870992179061,0.0,6.980265775065924,0.0,5.065386695767243,0.0,2.6562856669142767,0.0
Hsttz,342.38039215686274,0.0,17.19784640004941,0.0,375.80906204695793,0.0,358.0,0.0,326.0,0.0,274.0,0.0,219.0,0.0,182.0,0.0,113.0,0.0,54.0,0.0,12.0,0.0,2.0,0.0,12.634367059681493,0.0,18.920887928424502,0.0,18.05547008526779,0.0,16.55294535724685,0.0,14.798648586948742,0.0,13.490737563232042,0.0,10.63014581273465,0.0,7.3484692283495345,0.0,3.4641016151377544,0.0,1.4142135623730951,0.0,,,,,,,,,,,,,,,,,,,,,6.850944008775235,0.0,,,,,,,,,,,,,,,,,,,,,12.634750226608807,0.0,16.66863440469163,0.0,15.97008869048719,0.0,14.765417895367818,0.0,12.888130330417265,0.0,11.603739184141322,0.0,8.517962598690644,0.0,5.2698073025918095,0.0,2.069143129939163,0.0,0.6276347808843681,0.0
Htbtp,414.16078431372546,0.0,18.89262604096021,0.0,408.8323933015308,0.0,449.0,0.0,411.0,0.0,351.0,0.0,281.0,0.0,230.0,0.0,143.0,0.0,82.0,0.0,40.0,0.0,21.0,0.0,13.719833662710434,0.0,21.18962010041709,0.0,20.273134932713294,0.0,18.734993995195193,0.0,16.76305461424021,0.0,15.165750888103101,0.0,11.958260743101398,0.0,9.055385138137417,0.0,6.324555320336759,0.0,4.58257569495584,0.0,,,,,,,,,,,,,,,,,,,,,3.775902671562289,0.0,,,,,,,,,,,,,,,,,,,,,13.719898047768615,0.0,19.136068435244887,0.0,18.365821559223214,0.0,16.92939732042186,0.0,14.905637909106487,0.0,13.292816781041454,0.0,10.189964967573722,0.0,7.238912653723179,0.0,5.078179072288676,0.0,3.672895299370604,0.0
Htfkn,405.7529411764706,0.0,18.829873522422673,0.0,410.63751947150837,0.0,430.0,0.0,388.0,0.0,349.0,0.0,289.0,0.0,240.0,0.0,155.0,0.0,84.0,0.0,42.0,0.0,12.0,0.0,13.903020938049458,0.0,20.73644135332772,0.0,19.697715603592208,0.0,18.681541692269406,0.0,17.0,0.0,15.491933384829668,0.0,12.449899597988733,0.0,9.16515138991168,0.0,6.48074069840786,0.0,3.4641016151377544,0.0,,,,,,,,,,,,,,,,,,,,,3.8013597532520986,0.0,,,,,,,,,,,,,,,,,,,,,13.902691432275454,0.0,18.77024645610405,0.0,17.931178112203263,0.0,16.944743090236315,0.0,15.129824475783307,0.0,13.55706562250406,0.0,10.43563897147194,0.0,7.344266610873791,0.0,5.509533792126234,0.0,2.354150218693085,0.0
Htnbn,420.6745098039215,0.0,19.087130596350857,0.0,380.78645322923296,0.0,440.0,0.0,409.0,0.0,360.0,0.0,284.0,0.0,223.0,0.0,118.0,0.0,50.0,0.0,18.0,0.0,5.0,0.0,12.873823781677256,0.0,20.97617696340303,0.0,20.223748416156685,0.0,18.973665961010276,0.0,16.852299546352718,0.0,14.933184523068078,0.0,10.862780491200215,0.0,7.0710678118654755,0.0,4.242640687119285,0.0,2.23606797749979,0.0,,,,,,,,,,,,,,,,,,,,,3.089108053566018,0.0,,,,,,,,,,,,,,,,,,,,,12.873873719992915,0.0,19.122403126024363,0.0,18.424037273832745,0.0,17.161828554674862,0.0,14.918718534435463,0.0,12.95919275817329,0.0,8.864386446022714,0.0,5.081800502450017,0.0,3.1223851177135082,0.0,1.266434422455862,0.0
Htscr,328.0,0.0,16.795070769515025,0.0,369.79777356626215,0.0,336.0,0.0,300.0,0.0,254.0,0.0,215.0,0.0,170.0,0.0,105.0,0.0,48.0,0.0,11.0,0.0,3.0,0.0,12.427279550204808,0.0,18.33030277982336,0.0,17.320508075688775,0.0,15.937377450509228,0.0,14.66287829861518,0.0,13.038404810405298,0.0,10.246950765959598,0.0,6.928203230275509,0.0,3.3166247903554,0.0,1.7320508075688772,0.0,,,,,,,,,,,,,,,,,,,,,9.482831203414877,0.0,,,,,,,,,,,,,,,,,,,,,12.427318750392093,0.0,16.124859261871684,0.0,15.273835084398211,0.0,13.924028687809768,0.0,12.63606336553235,0.0,11.036915040518254,0.0,8.139333204577538,0.0,4.9478526941706145,0.0,2.261211039207851,0.0,1.079437143282705,0.0
Htstr,328.5019607843137,0.0,16.830464314073367,0.0,379.19189688266806,0.0,343.0,0.0,306.0,0.0,257.0,0.0,220.0,0.0,180.0,0.0,113.0,0.0,57.0,0.0,14.0,0.0,3.0,0.0,12.761024281059573,0.0,18.520259177452136,0.0,17.4928556845359,0.0,16.0312195418814,0.0,14.832396974191326,0.0,13.416407864998739,0.0,10.63014581273465,0.0,7.54983443527075,0.0,3.7416573867739413,0.0,1.7320508075688772,0.0,,,,,,,,,,,,,,,,,,,,,9.461300654625326,0.0,,,,,,,,,,,,,,,,,,,,,12.761061870897937,0.0,16.24480499066359,0.0,15.422456136638457,0.0,14.158986372598141,0.0,12.89996153194464,0.0,11.477531569515104,0.0,8.582151847545914,0.0,5.543182195895814,0.0,2.4990994853228066,0.0,1.079437143282705,0.0
Hufus,385.00392156862745,0.0,18.254136585964257,0.0,363.1687060119375,0.0,407.0,0.0,366.0,0.0,304.0,0.0,231.0,0.0,174.0,0.0,104.0,0.0,46.0,0.0,15.0,0.0,7.0,0.0,12.235977219455474,0.0,20.174241001832016,0.0,19.131126469708992,0.0,17.435595774162696,0.0,15.198684153570664,0.0,13.19090595827292,0.0,10.198039027185569,0.0,6.782329983125268,0.0,3.872983346207417,0.0,2.6457513110645907,0.0,,,,,,,,,,,,,,,,,,,,,6.2014299472880525,0.0,,,,,,,,,,,,,,,,,,,,,12.236171314572754,0.0,18.02496754775168,0.0,17.128146823653616,0.0,15.575033246517124,0.0,13.049870596103899,0.0,11.346815301229773,0.0,8.1645190156435,0.0,5.238151785835734,0.0,3.319750211893973,0.0,1.983529229327966,0.0
Hugul,426.1333333333333,0.0,19.298222104476224,0.0,402.7603148377616,0.0,466.0,0.0,424.0,0.0,361.0,0.0,282.0,0.0,214.0,0.0,136.0,0.0,73.0,0.0,44.0,0.0,24.0,0.0,13.499494557504033,0.0,21.587033144922902,0.0,20.591260281974,0.0,19.0,0.0,16.792855623746664,0.0,14.628738838327793,0.0,11.661903789690601,0.0,8.54400374531753,0.0,6.6332495807108,0.0,4.898979485566356,0.0,,,,,,,,,,,,,,,,,,,,,5.845852630628162,0.0,,,,,,,,,,,,,,,,,,,,,13.49956208747191,0.0,19.453793880253833,0.0,18.62922233090105,0.0,17.172644324979238,0.0,14.697225551269357,0.0,12.759634856986304,0.0,9.608466734977954,0.0,6.695955380663409,0.0,5.3233875578389025,0.0,3.3738329492262906,0.0
Huhör,414.7921568627451,0.0,18.999931605129937,0.0,378.18533231824944,0.0,445.0,0.0,393.0,0.0,344.0,0.0,275.0,0.0,198.0,0.0,111.0,0.0,58.0,0.0,25.0,0.0,7.0,0.0,12.68787366044126,0.0,21.095023109728988,0.0,19.82422760159901,0.0,18.547236990991408,0.0,16.583123951777,0.0,14.071247279470288,0.0,10.535653752852738,0.0,7.615773105863909,0.0,5.0,0.0,2.6457513110645907,0.0,,,,,,,,,,,,,,,,,,,,,6.588448720400104,0.0,,,,,,,,,,,,,,,,,,,,,12.68809849497013,0.0,19.041260550449373,0.0,17.91780838007432,0.0,16.656755841598137,0.0,14.594085111046407,0.0,12.138738390191588,0.0,8.5891878811932,0.0,6.028315872597121,0.0,4.668705406453547,0.0,1.9273554818007281,0.0
Humor,427.45490196078435,0.0,19.26293391042419,0.0,423.980544689306,0.0,462.0,0.0,413.0,0.0,364.0,0.0,301.0,0.0,239.0,0.0,163.0,0.0,102.0,0.0,50.0,0.0,44.0,0.0,14.182610702021005,0.0,21.494185260204677,0.0,20.322401432901575,0.0,19.078784028338912,0.0,17.349351572897472,0.0,15.459624833740307,0.0,12.767145334803704,0.0,10.099504938362077,0.0,7.0710678118654755,0.0,6.6332495807108,0.0,,,,,,,,,,,,,,,,,,,,,6.994898029195345,0.0,,,,,,,,,,,,,,,,,,,,,14.182854742477991,0.0,19.348919365905388,0.0,18.336388057629655,0.0,17.27014875282842,0.0,15.501174854344175,0.0,13.658626313757175,0.0,10.800156962553709,0.0,8.390043457420965,0.0,6.1322128399636,0.0,5.662553709140418,0.0
Humus,440.98039215686276,0.0,19.54589114936335,0.0,413.7046294271525,0.0,485.0,0.0,432.0,0.0,365.0,0.0,294.0,0.0,231.0,0.0,151.0,0.0,89.0,0.0,50.0,0.0,44.0,0.0,13.88060478023468,0.0,22.02271554554524,0.0,20.784609690826528,0.0,19.1049731745428,0.0,17.146428199482248,0.0,15.198684153570664,0.0,12.288205727444508,0.0,9.433981132056603,0.0,7.0710678118654755,0.0,6.6332495807108,0.0,,,,,,,,,,,,,,,,,,,,,5.279483509469052,0.0,,,,,,,,,,,,,,,,,,,,,13.880710723399542,0.0,19.77234121450918,0.0,18.764198706367043,0.0,17.297211379487972,0.0,15.15664283463666,0.0,13.44773965129294,0.0,10.413534087288363,0.0,7.99191223482354,0.0,6.1322128399636,0.0,5.662553709140418,0.0
Hunan,416.5019607843137,0.0,19.028386088267787,0.0,346.0528693647359,0.0,422.0,0.0,387.0,0.0,334.0,0.0,259.0,0.0,196.0,0.0,92.0,0.0,29.0,0.0,1.0,0.0,0.0,0.0,11.764028086474935,0.0,20.54263858417414,0.0,19.672315572906,0.0,18.275666882497067,0.0,16.09347693943108,0.0,14.0,0.0,9.591663046625438,0.0,5.385164807134504,0.0,1.0,0.0,0.0,0.0,,,,,,,,,,,,,,,,,,,,,3.307967834834413,0.0,,,,,,,,,,,,,,,,,,,,,11.763916659723085,0.0,18.771825955160896,0.0,17.99176138189672,0.0,16.532239079611436,0.0,14.132644274494757,0.0,11.941471404617033,0.0,7.397325642446652,0.0,3.3988592446040404,0.0,0.47934223013725297,0.0,0.0,0.0
Hunde,430.23529411764696,0.0,19.36736693411844,0.0,359.86705029251107,0.0,452.0,0.0,406.0,0.0,349.0,0.0,276.0,0.0,195.0,0.0,100.0,0.0,43.0,0.0,17.0,0.0,9.0,0.0,12.121046154858881,0.0,21.2602916254693,0.0,20.149441679609886,0.0,18.681541692269406,0.0,16.61324772583615,0.0,13.96424004376894,0.0,10.0,0.0,6.557438524302,0.0,4.123105625617661,0.0,3.0,0.0,,,,,,,,,,,,,,,,,,,,,2.916623853172591,0.0,,,,,,,,,,,,,,,,,,,,,12.121091796312978,0.0,19.3530320736173,0.0,18.3195504803746,0.0,16.87547148154286,0.0,14.726234879735948,0.0,11.99804638546333,0.0,8.003074090915046,0.0,5.091642473750889,0.0,3.6517893189887394,0.0,2.4773383361263903,0.0
Hurku,410.08627450980396,0.0,18.9620150866841,0.0,380.9157732045038,0.0,441.0,0.0,401.0,0.0,346.0,0.0,272.0,0.0,206.0,0.0,118.0,0.0,54.0,0.0,20.0,0.0,2.0,0.0,12.77156099706147,0.0,21.0,0.0,20.024984394500787,0.0,18.601075237738275,0.0,16.492422502470642,0.0,14.352700094407323,0.0,10.862780491200215,0.0,7.3484692283495345,0.0,4.47213595499958,0.0,1.4142135623730951,0.0,,,,,,,,,,,,,,,,,,,,,3.7526466444675757,0.0,,,,,,,,,,,,,,,,,,,,,12.770983965296573,0.0,19.051383471425996,0.0,18.157969499505466,0.0,16.665729841280054,0.0,14.401556211655667,0.0,12.34916427291503,0.0,8.867792502548221,0.0,5.586368684522321,0.0,3.926160239668837,0.0,0.6618696519470317,0.0
Hurtu,369.25098039215686,0.0,17.928288524333958,0.0,366.15950763067144,0.0,391.0,0.0,359.0,0.0,300.0,0.0,234.0,0.0,180.0,0.0,98.0,0.0,44.0,0.0,4.0,0.0,0.0,0.0,12.254820549274497,0.0,19.77371993328519,0.0,18.947295321496416,0.0,17.320508075688775,0.0,15.297058540778355,0.0,13.416407864998739,0.0,9.899494936611665,0.0,6.6332495807108,0.0,2.0,0.0,0.0,0.0,,,,,,,,,,,,,,,,,,,,,6.692081403582152,0.0,,,,,,,,,,,,,,,,,,,,,12.25479972858087,0.0,17.730273785713244,0.0,16.92957672601279,0.0,15.432873544249203,0.0,13.21908020147166,0.0,11.405103818721694,0.0,7.888373686657655,0.0,4.74955829477324,0.0,1.1659893193374637,0.0,0.0,0.0
Husar,365.0235294117648,0.0,17.745343298055953,0.0,349.1098976007857,0.0,374.0,0.0,333.0,0.0,277.0,0.0,219.0,0.0,166.0,0.0,95.0,0.0,36.0,0.0,3.0,0.0,0.0,0.0,11.742164808569466,0.0,19.339079605813716,0.0,18.24828759089466,0.0,16.64331697709324,0.0,14.798648586948742,0.0,12.884098726725126,0.0,9.746794344808963,0.0,6.0,0.0,1.7320508075688772,0.0,0.0,0.0,,,,,,,,,,,,,,,,,,,,,8.431769591712259,0.0,,,,,,,,,,,,,,,,,,,,,11.742371197094357,0.0,17.278230934738847,0.0,16.370763557347363,0.0,14.706819148724295,0.0,12.755261949723185,0.0,10.917371004938376,0.0,7.557675184813109,0.0,3.9346026642555367,0.0,0.9030218504835626,0.0,0.0,0.0
Hvnhb,442.4666666666666,0.0,19.61189879625284,0.0,396.6738146339353,0.0,474.0,0.0,431.0,0.0,380.0,0.0,305.0,0.0,238.0,0.0,135.0,0.0,66.0,0.0,34.0,0.0,8.0,0.0,13.367005461620423,0.0,21.77154105707724,0.0,20.760539492026695,0.0,19.493588689617926,0.0,17.46424919657298,0.0,15.427248620541512,0.0,11.61895003862225,0.0,8.12403840463596,0.0,5.830951894845301,0.0,2.8284271247461903,0.0,,,,,,,,,,,,,,,,,,,,,4.0699445006107995,0.0,,,,,,,,,,,,,,,,,,,,,13.36691027139733,0.0,19.902953498640432,0.0,18.99278464511093,0.0,17.557543584481493,0.0,15.470686774852274,0.0,13.363533605846301,0.0,9.49229993745947,0.0,6.237632932727598,0.0,4.753777937604324,0.0,1.556777255908617,0.0
Hvrts,333.47058823529414,0.0,16.966707794821247,0.0,373.73553654974273,0.0,343.0,0.0,310.0,0.0,258.0,0.0,216.0,0.0,180.0,0.0,111.0,0.0,60.0,0.0,11.0,0.0,2.0,0.0,12.610247628668422,0.0,18.520259177452136,0.0,17.60681686165901,0.0,16.06237840420901,0.0,14.696938456699069,0.0,13.416407864998739,0.0,10.535653752852738,0.0,7.745966692414834,0.0,3.3166247903554,0.0,1.4142135623730951,0.0,,,,,,,,,,,,,,,,,,,,,8.69166209306678,0.0,,,,,,,,,,,,,,,,,,,,,12.610179121235353,0.0,16.334803754246963,0.0,15.537500458344612,0.0,14.148340189683738,0.0,12.74964287721152,0.0,11.46935031372167,0.0,8.392835974698597,0.0,5.564532191547663,0.0,1.9699067162112183,0.0,0.7238439529466622,0.0
Hvxvn,377.443137254902,0.0,18.101592921127114,0.0,389.7897225529341,0.0,388.0,0.0,358.0,0.0,320.0,0.0,266.0,0.0,218.0,0.0,127.0,0.0,59.0,0.0,14.0,0.0,3.0,0.0,13.21574860032095,0.0,19.697715603592208,0.0,18.920887928424502,0.0,17.88854381999832,0.0,16.30950643030009,0.0,14.7648230602334,0.0,11.269427669584644,0.0,7.681145747868608,0.0,3.7416573867739413,0.0,1.7320508075688772,0.0,,,,,,,,,,,,,,,,,,,,,4.49559587339105,0.0,,,,,,,,,,,,,,,,,,,,,13.21517458238085,0.0,17.710760902231137,0.0,16.99544299976362,0.0,16.028573136200624,0.0,14.184647702166957,0.0,12.430867336757988,0.0,8.726431035445746,0.0,5.069978704044425,0.0,2.1368811253741575,0.0,0.8181362389621503,0.0
Hxfms,420.0313725490196,0.0,19.05359889656513,0.0,451.4508580962322,0.0,453.0,0.0,404.0,0.0,354.0,0.0,312.0,0.0,270.0,0.0,194.0,0.0,125.0,0.0,68.0,0.0,54.0,0.0,15.119803887487567,0.0,21.283796653792763,0.0,20.09975124224178,0.0,18.81488772222678,0.0,17.663521732655695,0.0,16.431676725154983,0.0,13.92838827718412,0.0,11.180339887498949,0.0,8.246211251235321,0.0,7.3484692283495345,0.0,,,,,,,,,,,,,,,,,,,,,3.9126519923721306,0.0,,,,,,,,,,,,,,,,,,,,,15.119957682186179,0.0,19.162285189487996,0.0,18.267504369167042,0.0,17.152020217039826,0.0,15.858626031349212,0.0,14.512126189743062,0.0,11.803828294334794,0.0,9.393836656716417,0.0,7.0288171884005175,0.0,6.061355180396199,0.0
Hymnv,446.94509803921574,0.0,19.684624960185168,0.0,460.9514441987727,0.0,484.0,0.0,443.0,0.0,398.0,0.0,339.0,0.0,284.0,0.0,203.0,0.0,132.0,0.0,69.0,0.0,56.0,0.0,15.375565253102259,0.0,22.0,0.0,21.047565179849187,0.0,19.949937343260004,0.0,18.411952639521967,0.0,16.852299546352718,0.0,14.247806848775006,0.0,11.489125293076057,0.0,8.306623862918075,0.0,7.483314773547883,0.0,,,,,,,,,,,,,,,,,,,,,4.936700119207133,0.0,,,,,,,,,,,,,,,,,,,,,15.375244542083312,0.0,19.81881333171328,0.0,19.117713488162778,0.0,18.11982996145979,0.0,16.53494747720657,0.0,14.956747880387942,0.0,12.071288887021202,0.0,9.444266981436568,0.0,6.8995744389547164,0.0,6.251386891695216,0.0
Hzkrz,386.8078431372549,0.0,18.481285774410622,0.0,400.3900988896173,0.0,411.0,0.0,374.0,0.0,327.0,0.0,272.0,0.0,228.0,0.0,143.0,0.0,70.0,0.0,30.0,0.0,5.0,0.0,13.435055960692823,0.0,20.273134932713294,0.0,19.339079605813716,0.0,18.083141320025124,0.0,16.492422502470642,0.0,15.0996688705415,0.0,11.958260743101398,0.0,8.366600265340756,0.0,5.477225575051661,0.0,2.23606797749979,0.0,,,,,,,,,,,,,,,,,,,,,6.757820212932131,0.0,,,,,,,,,,,,,,,,,,,,,13.43507083827183,0.0,18.39035909378325,0.0,17.59331649516124,0.0,16.17606908097378,0.0,14.556580300731703,0.0,13.028333675299494,0.0,9.710932825927296,0.0,6.323543981784602,0.0,4.432902386716766,0.0,1.2198937949321322,0.0
Hähne,433.8352941176471,0.0,19.411132491190255,0.0,358.379814693328,0.0,455.0,0.0,403.0,0.0,347.0,0.0,277.0,0.0,196.0,0.0,98.0,0.0,43.0,0.0,22.0,0.0,8.0,0.0,12.14447914307316,0.0,21.330729007701542,0.0,20.074859899884732,0.0,18.627936010197157,0.0,16.64331697709324,0.0,14.0,0.0,9.899494936611665,0.0,6.557438524302,0.0,4.69041575982343,0.0,2.8284271247461903,0.0,,,,,,,,,,,,,,,,,,,,,4.48293103129492,0.0,,,,,,,,,,,,,,,,,,,,,12.14477085528547,0.0,19.492293909080285,0.0,18.42803933606722,0.0,16.866368840537124,0.0,14.84763040972579,0.0,12.060293619303685,0.0,8.150227900254196,0.0,5.2058791585264705,0.0,4.367378219223706,0.0,2.1612940189548366,0.0
Händä,451.5450980392157,0.0,19.691663975963355,0.0,374.23381495789727,0.0,472.0,0.0,426.0,0.0,365.0,0.0,299.0,0.0,215.0,0.0,127.0,0.0,57.0,0.0,28.0,0.0,20.0,0.0,12.72538411438989,0.0,21.72556098240043,0.0,20.639767440550294,0.0,19.1049731745428,0.0,17.291616465790582,0.0,14.66287829861518,0.0,11.269427669584644,0.0,7.54983443527075,0.0,5.291502622129181,0.0,4.47213595499958,0.0,,,,,,,,,,,,,,,,,,,,,2.0293093675341995,0.0,,,,,,,,,,,,,,,,,,,,,12.725400863933729,0.0,19.934872515094057,0.0,18.979693081053792,0.0,17.367156987933054,0.0,15.535571249174975,0.0,12.713011477939032,0.0,9.239555930057849,0.0,6.023310555377047,0.0,4.78673549986758,0.0,3.83015519027767,0.0
Hännä,433.12549019607843,0.0,19.295255426359965,0.0,354.6822867987886,0.0,439.0,0.0,402.0,0.0,347.0,0.0,278.0,0.0,200.0,0.0,106.0,0.0,37.0,0.0,12.0,0.0,11.0,0.0,12.135073225227153,0.0,20.952326839756964,0.0,20.049937655763422,0.0,18.627936010197157,0.0,16.673332000533065,0.0,14.142135623730951,0.0,10.295630140987,0.0,6.082762530298219,0.0,3.4641016151377544,0.0,3.3166247903554,0.0,,,,,,,,,,,,,,,,,,,,,2.4890347272477626,0.0,,,,,,,,,,,,,,,,,,,,,12.135212894801711,0.0,19.264825497055806,0.0,18.48993824939816,0.0,16.906212733842295,0.0,14.878166272525698,0.0,12.185448037886273,0.0,8.21800081766376,0.0,4.374925499371052,0.0,3.1331152144639423,0.0,2.9215488142804458,0.0
Härte,363.52941176470586,0.0,17.69469996260542,0.0,357.3160561319388,0.0,374.0,0.0,336.0,0.0,279.0,0.0,223.0,0.0,173.0,0.0,98.0,0.0,48.0,0.0,9.0,0.0,5.0,0.0,12.028699020967249,0.0,19.339079605813716,0.0,18.33030277982336,0.0,16.703293088490067,0.0,14.933184523068078,0.0,13.152946437965905,0.0,9.899494936611665,0.0,6.928203230275509,0.0,3.0,0.0,2.23606797749979,0.0,,,,,,,,,,,,,,,,,,,,,8.014508326065835,0.0,,,,,,,,,,,,,,,,,,,,,12.028679932932954,0.0,17.417778023237116,0.0,16.48857347811593,0.0,14.912330468475407,0.0,13.129641287967216,0.0,11.27517500387837,0.0,8.070279048205263,0.0,5.158663350381522,0.0,2.464699331176276,0.0,1.912422272232873,0.0
Häsär,381.64705882352945,0.0,18.03121220578777,0.0,359.01184488665257,0.0,391.0,0.0,350.0,0.0,288.0,0.0,236.0,0.0,178.0,0.0,110.0,0.0,47.0,0.0,14.0,0.0,11.0,0.0,12.157316970986065,0.0,19.77371993328519,0.0,18.708286933869708,0.0,16.97056274847714,0.0,15.362291495737216,0.0,13.341664064126334,0.0,10.488088481701515,0.0,6.855654600401044,0.0,3.7416573867739413,0.0,3.3166247903554,0.0,,,,,,,,,,,,,,,,,,,,,7.346265461093972,0.0,,,,,,,,,,,,,,,,,,,,,12.157591352322518,0.0,17.833872062799283,0.0,16.960428151655282,0.0,15.08765450388176,0.0,13.501792174851024,0.0,11.399929190028743,0.0,8.450794445669771,0.0,4.97120846476601,0.0,3.2232067119974475,0.0,2.9196020912894873,0.0
Höböt,422.18039215686275,0.0,18.949666428383914,0.0,383.13833072813236,0.0,455.0,0.0,414.0,0.0,351.0,0.0,267.0,0.0,198.0,0.0,127.0,0.0,66.0,0.0,28.0,0.0,9.0,0.0,12.81349003142812,0.0,21.330729007701542,0.0,20.346989949375804,0.0,18.734993995195193,0.0,16.34013463836819,0.0,14.071247279470288,0.0,11.269427669584644,0.0,8.12403840463596,0.0,5.291502622129181,0.0,3.0,0.0,,,,,,,,,,,,,,,,,,,,,6.192301967192052,0.0,,,,,,,,,,,,,,,,,,,,,12.813532319310342,0.0,19.206893990154406,0.0,18.329890674420742,0.0,16.82709954772776,0.0,14.466160581656963,0.0,12.245166346216445,0.0,9.341303713534035,0.0,6.347471725285211,0.0,4.625250850350526,0.0,2.212468558620364,0.0
Höhen,432.68627450980387,0.0,19.396671097721963,0.0,363.462578527211,0.0,457.0,0.0,405.0,0.0,347.0,0.0,279.0,0.0,201.0,0.0,100.0,0.0,46.0,0.0,25.0,0.0,6.0,0.0,12.268111326507086,0.0,21.37755832643195,0.0,20.12461179749811,0.0,18.627936010197157,0.0,16.703293088490067,0.0,14.177446878757825,0.0,10.0,0.0,6.782329983125268,0.0,5.0,0.0,2.449489742783178,0.0,,,,,,,,,,,,,,,,,,,,,3.752961619895984,0.0,,,,,,,,,,,,,,,,,,,,,12.26839249273843,0.0,19.43061875776748,0.0,18.354758174104806,0.0,16.911691875007637,0.0,14.831273690413985,0.0,12.238243658640867,0.0,8.226309748640505,0.0,5.468336410504195,0.0,4.677462174114666,0.0,1.661588710425858,0.0
Höhle,408.84313725490193,0.0,18.89648810206042,0.0,384.4223272401341,0.0,442.0,0.0,382.0,0.0,329.0,0.0,268.0,0.0,207.0,0.0,119.0,0.0,69.0,0.0,40.0,0.0,11.0,0.0,12.962746475128181,0.0,21.02379604162864,0.0,19.544820285692065,0.0,18.138357147217054,0.0,16.3707055437449,0.0,14.38749456993816,0.0,10.908712114635714,0.0,8.306623862918075,0.0,6.324555320336759,0.0,3.3166247903554,0.0,,,,,,,,,,,,,,,,,,,,,6.742361523448477,0.0,,,,,,,,,,,,,,,,,,,,,12.962981435211772,0.0,19.08660098779315,0.0,17.800768265042464,0.0,16.40624167970357,0.0,14.618205253951274,0.0,12.573008933470584,0.0,9.202182777307925,0.0,6.975572114080289,0.0,6.020460107813674,0.0,2.3824185368081006,0.0
Höhlö,423.80784313725485,0.0,19.17639801100986,0.0,401.36006484653535,0.0,465.0,0.0,406.0,0.0,350.0,0.0,287.0,0.0,223.0,0.0,135.0,0.0,85.0,0.0,49.0,0.0,15.0,0.0,13.494790393468385,0.0,21.563858652847824,0.0,20.149441679609886,0.0,18.708286933869708,0.0,16.941074346097416,0.0,14.933184523068078,0.0,11.61895003862225,0.0,9.219544457292887,0.0,7.0,0.0,3.872983346207417,0.0,,,,,,,,,,,,,,,,,,,,,4.672758755816205,0.0,,,,,,,,,,,,,,,,,,,,,13.494056651813857,0.0,19.5980504353635,0.0,18.376277980795976,0.0,16.96991202983639,0.0,15.184107793720028,0.0,13.122269511569986,0.0,9.815059768987057,0.0,7.745843774769586,0.0,6.6163576710678695,0.0,2.884486109124892,0.0
Höllö,383.1411764705882,0.0,18.244924718123983,0.0,407.58940992891667,0.0,413.0,0.0,369.0,0.0,315.0,0.0,257.0,0.0,213.0,0.0,148.0,0.0,93.0,0.0,49.0,0.0,17.0,0.0,13.71666522548621,0.0,20.322401432901575,0.0,19.209372712298546,0.0,17.74823934929885,0.0,16.0312195418814,0.0,14.594519519326424,0.0,12.165525060596439,0.0,9.643650760992955,0.0,7.0,0.0,4.123105625617661,0.0,,,,,,,,,,,,,,,,,,,,,6.328570024155992,0.0,,,,,,,,,,,,,,,,,,,,,13.71585679624933,0.0,18.395701037373215,0.0,17.425388761404193,0.0,16.0531236478615,0.0,14.337738491722417,0.0,12.879591335925372,0.0,10.288465696312011,0.0,8.038045563873112,0.0,6.655398777001806,0.0,3.209709097236449,0.0
Hörer,358.2392156862745,0.0,17.621613463398887,0.0,357.98673723654366,0.0,364.0,0.0,332.0,0.0,278.0,0.0,225.0,0.0,165.0,0.0,99.0,0.0,45.0,0.0,9.0,0.0,3.0,0.0,11.987867667707455,0.0,19.078784028338912,0.0,18.2208671582886,0.0,16.673332000533065,0.0,15.0,0.0,12.84523257866513,0.0,9.9498743710662,0.0,6.708203932499369,0.0,3.0,0.0,1.7320508075688772,0.0,,,,,,,,,,,,,,,,,,,,,9.74643369861048,0.0,,,,,,,,,,,,,,,,,,,,,11.988118378081527,0.0,17.056155044121205,0.0,16.252928031692182,0.0,14.755779818655695,0.0,13.08175190477674,0.0,11.017685215500586,0.0,7.9698300056843765,0.0,4.943928615151339,0.0,2.7840941437340136,0.0,1.3219081418980734,0.0
Hürde,412.8509803921569,0.0,18.943297490143497,0.0,374.31289155618174,0.0,440.0,0.0,393.0,0.0,336.0,0.0,269.0,0.0,192.0,0.0,117.0,0.0,59.0,0.0,23.0,0.0,14.0,0.0,12.542707828323692,0.0,20.97617696340303,0.0,19.82422760159901,0.0,18.33030277982336,0.0,16.401219466856727,0.0,13.856406460551018,0.0,10.816653826391969,0.0,7.681145747868608,0.0,4.795831523312719,0.0,3.7416573867739413,0.0,,,,,,,,,,,,,,,,,,,,,4.467089474267228,0.0,,,,,,,,,,,,,,,,,,,,,12.542366349078936,0.0,19.02357692602509,0.0,17.91163198612667,0.0,16.470256824307416,0.0,14.542237904823969,0.0,11.956062229962578,0.0,8.911066877369771,0.0,6.072512919969701,0.0,4.281357911624107,0.0,3.1297537085414855,0.0
Hüter,369.7607843137255,0.0,17.900016645932048,0.0,364.0857947750211,0.0,386.0,0.0,350.0,0.0,297.0,0.0,236.0,0.0,170.0,0.0,97.0,0.0,44.0,0.0,11.0,0.0,5.0,0.0,12.19791181772871,0.0,19.6468827043885,0.0,18.708286933869708,0.0,17.233687939614086,0.0,15.362291495737216,0.0,13.038404810405298,0.0,9.848857801796104,0.0,6.6332495807108,0.0,3.3166247903554,0.0,2.23606797749979,0.0,,,,,,,,,,,,,,,,,,,,,9.761797107038193,0.0,,,,,,,,,,,,,,,,,,,,,12.198167809816171,0.0,17.513510160789664,0.0,16.69194666190962,0.0,15.445479920365564,0.0,13.407828407629092,0.0,11.281010730268966,0.0,8.017139051140763,0.0,4.845160740048807,0.0,2.568497000191872,0.0,1.912422272232873,0.0
Iband,388.1882352941177,0.0,18.236532110622374,0.0,385.5230078318,0.0,403.0,0.0,380.0,0.0,328.0,0.0,261.0,0.0,184.0,0.0,114.0,0.0,63.0,0.0,31.0,0.0,17.0,0.0,12.934719936290232,0.0,20.074859899884732,0.0,19.493588689617926,0.0,18.110770276274835,0.0,16.15549442140351,0.0,13.564659966250536,0.0,10.677078252031311,0.0,7.937253933193772,0.0,5.5677643628300215,0.0,4.123105625617661,0.0,,,,,,,,,,,,,,,,,,,,,9.23263736257876,0.0,,,,,,,,,,,,,,,,,,,,,12.935233754850525,0.0,18.32112272311793,0.0,17.800801781841464,0.0,16.24940841054445,0.0,14.139721183955448,0.0,11.428250552595534,0.0,8.619785240735009,0.0,6.147825262856332,0.0,4.550328013050814,0.0,3.1425811850652257,0.0
Ichzt,315.3176470588236,0.0,16.525887559550657,0.0,389.35387823861555,0.0,334.0,0.0,296.0,0.0,266.0,0.0,220.0,0.0,167.0,0.0,100.0,0.0,60.0,0.0,29.0,0.0,3.0,0.0,12.986433467585158,0.0,18.275666882497067,0.0,17.204650534085253,0.0,16.30950643030009,0.0,14.832396974191326,0.0,12.922847983320086,0.0,10.0,0.0,7.745966692414834,0.0,5.385164807134504,0.0,1.7320508075688772,0.0,,,,,,,,,,,,,,,,,,,,,6.29416385424971,0.0,,,,,,,,,,,,,,,,,,,,,12.98673709030682,0.0,16.19757835369702,0.0,15.35563241763046,0.0,14.367818200864843,0.0,12.738663155608792,0.0,10.734945290626934,0.0,7.852508817189894,0.0,5.904202551167614,0.0,4.290024167187672,0.0,1.0076972804339992,0.0
Icken,340.0509803921568,0.0,17.168764051445578,0.0,379.2504785199238,0.0,348.0,0.0,319.0,0.0,287.0,0.0,238.0,0.0,169.0,0.0,96.0,0.0,52.0,0.0,27.0,0.0,3.0,0.0,12.718100902608223,0.0,18.65475810617763,0.0,17.86057109949175,0.0,16.941074346097416,0.0,15.427248620541512,0.0,13.0,0.0,9.797958971132712,0.0,7.211102550927978,0.0,5.196152422706632,0.0,1.7320508075688772,0.0,,,,,,,,,,,,,,,,,,,,,8.670353806690049,0.0,,,,,,,,,,,,,,,,,,,,,12.718800080429277,0.0,16.8293884653827,0.0,16.133538480267802,0.0,15.128176933546687,0.0,13.33946219795948,0.0,10.818834727534252,0.0,7.727907519867374,0.0,5.406183699893998,0.0,4.205903450942797,0.0,1.0076972804339992,0.0
Icons,304.75686274509803,0.0,16.094979050448355,0.0,354.2966696633226,0.0,304.0,0.0,282.0,0.0,241.0,0.0,194.0,0.0,126.0,0.0,74.0,0.0,36.0,0.0,7.0,0.0,0.0,0.0,11.824050636385959,0.0,17.435595774162696,0.0,16.792855623746664,0.0,15.524174696260024,0.0,13.92838827718412,0.0,11.224972160321824,0.0,8.602325267042627,0.0,6.0,0.0,2.6457513110645907,0.0,0.0,0.0,,,,,,,,,,,,,,,,,,,,,6.959948424787865,0.0,,,,,,,,,,,,,,,,,,,,,11.824494927418582,0.0,15.411500159228005,0.0,14.878781898768892,0.0,13.5391186157875,0.0,11.736487742247618,0.0,9.009245886945639,0.0,6.239228966077115,0.0,3.928508626088459,0.0,1.482808217316836,0.0,0.0,0.0
Ideen,353.26666666666665,0.0,17.492051690890516,0.0,360.1451760602366,0.0,358.0,0.0,331.0,0.0,283.0,0.0,226.0,0.0,151.0,0.0,79.0,0.0,40.0,0.0,22.0,0.0,10.0,0.0,12.057799580877688,0.0,18.920887928424502,0.0,18.193405398660254,0.0,16.822603841260722,0.0,15.033296378372908,0.0,12.288205727444508,0.0,8.888194417315589,0.0,6.324555320336759,0.0,4.69041575982343,0.0,3.1622776601683795,0.0,,,,,,,,,,,,,,,,,,,,,5.4248988624232455,0.0,,,,,,,,,,,,,,,,,,,,,12.05828188258611,0.0,17.05312816830074,0.0,16.376063249174834,0.0,15.031951423843843,0.0,13.018935089365991,0.0,10.167828305557109,0.0,7.042598018866364,0.0,4.856692401666552,0.0,3.8778505221709807,0.0,2.6186375839052127,0.0
Idels,320.9686274509804,0.0,16.67064635300592,0.0,381.826384333164,0.0,334.0,0.0,301.0,0.0,253.0,0.0,208.0,0.0,153.0,0.0,101.0,0.0,64.0,0.0,37.0,0.0,15.0,0.0,12.806021263215465,0.0,18.275666882497067,0.0,17.349351572897472,0.0,15.905973720586866,0.0,14.422205101855956,0.0,12.36931687685298,0.0,10.04987562112089,0.0,8.0,0.0,6.082762530298219,0.0,3.872983346207417,0.0,,,,,,,,,,,,,,,,,,,,,5.386658151756884,0.0,,,,,,,,,,,,,,,,,,,,,12.805811387895112,0.0,16.29573865035664,0.0,15.544606315715722,0.0,14.093484631238312,0.0,12.515048846233235,0.0,10.466753540226696,0.0,8.2926391590728,0.0,6.539726091964879,0.0,5.423912259273642,0.0,3.125888126360599,0.0
Idils,301.34117647058827,0.0,16.168003012581377,0.0,395.9627283599666,0.0,315.0,0.0,281.0,0.0,244.0,0.0,204.0,0.0,156.0,0.0,117.0,0.0,76.0,0.0,40.0,0.0,15.0,0.0,13.291906525165887,0.0,17.74823934929885,0.0,16.76305461424021,0.0,15.620499351813308,0.0,14.2828568570857,0.0,12.489995996796797,0.0,10.816653826391969,0.0,8.717797887081348,0.0,6.324555320336759,0.0,3.872983346207417,0.0,,,,,,,,,,,,,,,,,,,,,5.130965835792884,0.0,,,,,,,,,,,,,,,,,,,,,13.291815799317641,0.0,15.803403621595855,0.0,14.947278864546618,0.0,13.844807592410204,0.0,12.401731794135374,0.0,10.650617490710202,0.0,8.940298781602454,0.0,7.043780617203475,0.0,5.697731304304854,0.0,3.125888126360599,0.0
Idiot,312.50588235294117,0.0,16.373604756381084,0.0,387.17985140910355,0.0,325.0,0.0,293.0,0.0,258.0,0.0,210.0,0.0,150.0,0.0,110.0,0.0,68.0,0.0,27.0,0.0,10.0,0.0,12.941165420496102,0.0,18.027756377319946,0.0,17.11724276862369,0.0,16.06237840420901,0.0,14.491376746189438,0.0,12.24744871391589,0.0,10.488088481701515,0.0,8.246211251235321,0.0,5.196152422706632,0.0,3.1622776601683795,0.0,,,,,,,,,,,,,,,,,,,,,4.693136408553748,0.0,,,,,,,,,,,,,,,,,,,,,12.940896607445843,0.0,15.910396522772757,0.0,15.092635677756657,0.0,14.154058896989955,0.0,12.522460811006491,0.0,10.229373733216194,0.0,8.390293002976723,0.0,6.3132156217231925,0.0,4.353293161206477,0.0,2.6186375839052127,0.0
Idole,332.96078431372547,0.0,16.983246148781337,0.0,384.49213040579116,0.0,349.0,0.0,314.0,0.0,273.0,0.0,219.0,0.0,158.0,0.0,103.0,0.0,69.0,0.0,36.0,0.0,15.0,0.0,12.858584623121024,0.0,18.681541692269406,0.0,17.72004514666935,0.0,16.522711641858304,0.0,14.798648586948742,0.0,12.569805089976535,0.0,10.14889156509222,0.0,8.306623862918075,0.0,6.0,0.0,3.872983346207417,0.0,,,,,,,,,,,,,,,,,,,,,4.770855548900637,0.0,,,,,,,,,,,,,,,,,,,,,12.858370771595762,0.0,16.79870100406793,0.0,15.869063826984853,0.0,14.72154810680881,0.0,12.933615688114273,0.0,10.670278173476701,0.0,8.352782314447966,0.0,6.750210834110565,0.0,5.4003614679244665,0.0,3.125888126360599,0.0
Ihnon,369.4196078431372,0.0,17.91938031004103,0.0,369.3088754984311,0.0,374.0,0.0,347.0,0.0,312.0,0.0,249.0,0.0,170.0,0.0,91.0,0.0,49.0,0.0,21.0,0.0,12.0,0.0,12.463075840400442,0.0,19.339079605813716,0.0,18.627936010197157,0.0,17.663521732655695,0.0,15.7797338380595,0.0,13.038404810405298,0.0,9.539392014169456,0.0,7.0,0.0,4.58257569495584,0.0,3.4641016151377544,0.0,,,,,,,,,,,,,,,,,,,,,5.447970745090956,0.0,,,,,,,,,,,,,,,,,,,,,12.463649312630663,0.0,17.676161781189453,0.0,16.935916247817328,0.0,15.828053789232445,0.0,13.716402823948124,0.0,10.794889410717042,0.0,7.420740814045076,0.0,5.33117628960074,0.0,3.97667589328014,0.0,3.000484787208892,0.0
Illan,306.0588235294117,0.0,16.36828029358367,0.0,402.4919257693451,0.0,312.0,0.0,288.0,0.0,256.0,0.0,215.0,0.0,176.0,0.0,130.0,0.0,81.0,0.0,37.0,0.0,12.0,0.0,13.614161436028477,0.0,17.663521732655695,0.0,16.97056274847714,0.0,16.0,0.0,14.66287829861518,0.0,13.2664991614216,0.0,11.40175425099138,0.0,9.0,0.0,6.082762530298219,0.0,3.4641016151377544,0.0,,,,,,,,,,,,,,,,,,,,,10.046868393571607,0.0,,,,,,,,,,,,,,,,,,,,,13.614774828379081,0.0,15.899802470061891,0.0,15.321784249528944,0.0,14.275975352296259,0.0,12.781944925650116,0.0,11.249101068613657,0.0,9.421059901333818,0.0,7.228941215077252,0.0,5.446388519877338,0.0,2.819937471291684,0.0
Indas,349.4980392156863,0.0,17.306165382488956,0.0,363.96003407007925,0.0,361.0,0.0,328.0,0.0,280.0,0.0,222.0,0.0,150.0,0.0,91.0,0.0,52.0,0.0,22.0,0.0,9.0,0.0,12.215055314991842,0.0,19.0,0.0,18.110770276274835,0.0,16.73320053068151,0.0,14.89966442575134,0.0,12.24744871391589,0.0,9.539392014169456,0.0,7.211102550927978,0.0,4.69041575982343,0.0,3.0,0.0,,,,,,,,,,,,,,,,,,,,,6.251777632304818,0.0,,,,,,,,,,,,,,,,,,,,,12.215416547437368,0.0,17.11438577491807,0.0,16.378059367830726,0.0,14.902582128044681,0.0,12.789184729483214,0.0,10.067259310533375,0.0,7.391473062529702,0.0,5.52653787530251,0.0,3.8669465071241413,0.0,2.5150661115962025,0.0
Inder,338.6666666666667,0.0,17.153428003527544,0.0,372.0540653270819,0.0,347.0,0.0,323.0,0.0,285.0,0.0,231.0,0.0,150.0,0.0,86.0,0.0,52.0,0.0,23.0,0.0,9.0,0.0,12.408004547574246,0.0,18.627936010197157,0.0,17.97220075561143,0.0,16.881943016134134,0.0,15.198684153570664,0.0,12.24744871391589,0.0,9.273618495495704,0.0,7.211102550927978,0.0,4.795831523312719,0.0,3.0,0.0,,,,,,,,,,,,,,,,,,,,,6.744239293945823,0.0,,,,,,,,,,,,,,,,,,,,,12.408382037516558,0.0,16.78826096988191,0.0,16.188307337125003,0.0,15.019725790371213,0.0,13.061077505020567,0.0,10.058681223498656,0.0,7.172017224155352,0.0,5.550761946008679,0.0,3.899396728621209,0.0,2.5150661115962025,0.0
Index,355.00392156862745,0.0,17.528684460939456,0.0,376.970657887278,0.0,368.0,0.0,343.0,0.0,300.0,0.0,243.0,0.0,165.0,0.0,92.0,0.0,54.0,0.0,26.0,0.0,9.0,0.0,12.598576603410375,0.0,19.183326093250876,0.0,18.520259177452136,0.0,17.320508075688775,0.0,15.588457268119896,0.0,12.84523257866513,0.0,9.591663046625438,0.0,7.3484692283495345,0.0,5.0990195135927845,0.0,3.0,0.0,,,,,,,,,,,,,,,,,,,,,5.890724044239368,0.0,,,,,,,,,,,,,,,,,,,,,12.598843390265072,0.0,17.26757994690853,0.0,16.725276160792994,0.0,15.421886691037795,0.0,13.385163706627393,0.0,10.548143548712737,0.0,7.423213760946618,0.0,5.617438695880355,0.0,3.9943941564331222,0.0,2.5150661115962025,0.0
Indiz,332.91764705882355,0.0,17.036295243756754,0.0,392.2383488160524,0.0,349.0,0.0,327.0,0.0,290.0,0.0,234.0,0.0,172.0,0.0,109.0,0.0,66.0,0.0,31.0,0.0,10.0,0.0,13.114779523412551,0.0,18.681541692269406,0.0,18.083141320025124,0.0,17.029386365926403,0.0,15.297058540778355,0.0,13.114877048604,0.0,10.44030650891055,0.0,8.12403840463596,0.0,5.5677643628300215,0.0,3.1622776601683795,0.0,,,,,,,,,,,,,,,,,,,,,5.733117023037412,0.0,,,,,,,,,,,,,,,,,,,,,13.114385790245386,0.0,16.917351046908358,0.0,16.36367901278424,0.0,15.169364294096221,0.0,13.240482836423581,0.0,10.951080659759148,0.0,8.19634159767178,0.0,6.2248139798599675,0.0,4.4753065223247255,0.0,2.561898855196646,0.0
Insel,302.54901960784315,0.0,16.200484611677833,0.0,369.8443518451037,0.0,307.0,0.0,279.0,0.0,239.0,0.0,194.0,0.0,135.0,0.0,89.0,0.0,54.0,0.0,30.0,0.0,8.0,0.0,12.441112661435493,0.0,17.52141546793523,0.0,16.703293088490067,0.0,15.459624833740307,0.0,13.92838827718412,0.0,11.61895003862225,0.0,9.433981132056603,0.0,7.3484692283495345,0.0,5.477225575051661,0.0,2.8284271247461903,0.0,,,,,,,,,,,,,,,,,,,,,3.8319148629797213,0.0,,,,,,,,,,,,,,,,,,,,,12.441234155591815,0.0,15.581628726703249,0.0,14.930272272183126,0.0,13.61992317202984,0.0,11.821824397015135,0.0,9.478002827641584,0.0,7.379548596115985,0.0,5.654172823186197,0.0,4.330732616332323,0.0,2.1360381094173597,0.0
Ionen,338.3843137254902,0.0,17.091795945956303,0.0,342.72994117377203,0.0,336.0,0.0,311.0,0.0,268.0,0.0,211.0,0.0,140.0,0.0,63.0,0.0,24.0,0.0,5.0,0.0,0.0,0.0,11.475587725359732,0.0,18.33030277982336,0.0,17.635192088548397,0.0,16.3707055437449,0.0,14.52583904633395,0.0,11.832159566199232,0.0,7.937253933193772,0.0,4.898979485566356,0.0,2.23606797749979,0.0,0.0,0.0,,,,,,,,,,,,,,,,,,,,,7.704354804915177,0.0,,,,,,,,,,,,,,,,,,,,,11.47631417065677,0.0,16.56551799847465,0.0,15.858578600399424,0.0,14.569627530940377,0.0,12.463966679605258,0.0,9.5802705991488,0.0,5.7000613530319875,0.0,3.0485001612444984,0.0,1.2754610881819202,0.0,0.0,0.0
Irben,336.2705882352941,0.0,17.019809793687546,0.0,374.85126520937564,0.0,342.0,0.0,326.0,0.0,287.0,0.0,225.0,0.0,156.0,0.0,93.0,0.0,48.0,0.0,22.0,0.0,2.0,0.0,12.526309300224963,0.0,18.49324200890693,0.0,18.05547008526779,0.0,16.941074346097416,0.0,15.0,0.0,12.489995996796797,0.0,9.643650760992955,0.0,6.928203230275509,0.0,4.69041575982343,0.0,1.4142135623730951,0.0,,,,,,,,,,,,,,,,,,,,,9.04275735374721,0.0,,,,,,,,,,,,,,,,,,,,,12.5266813669332,0.0,16.802874698402878,0.0,16.329640977781956,0.0,15.079939794715756,0.0,12.852558723164481,0.0,10.331385638329548,0.0,7.676325770490129,0.0,4.957125807158094,0.0,3.204574682326246,0.0,0.668680288732816,0.0
Irnst,287.121568627451,0.0,15.712871569158384,0.0,369.56352746798916,0.0,284.0,0.0,260.0,0.0,225.0,0.0,193.0,0.0,146.0,0.0,86.0,0.0,49.0,0.0,17.0,0.0,0.0,0.0,12.453035514000637,0.0,16.852299546352718,0.0,16.1245154965971,0.0,15.0,0.0,13.892443989449804,0.0,12.083045973594572,0.0,9.273618495495704,0.0,7.0,0.0,4.123105625617661,0.0,0.0,0.0,,,,,,,,,,,,,,,,,,,,,4.9867659458554625,0.0,,,,,,,,,,,,,,,,,,,,,12.452696218533038,0.0,14.795031863618847,0.0,14.258593349606555,0.0,13.061158354590294,0.0,11.842181108651474,0.0,9.806377694523338,0.0,7.0158019410216035,0.0,4.940813342075954,0.0,2.5084236911964073,0.0,0.0,0.0
Irnta,300.2627450980392,0.0,16.06989395528012,0.0,370.7425935374846,0.0,296.0,0.0,274.0,0.0,243.0,0.0,205.0,0.0,154.0,0.0,93.0,0.0,50.0,0.0,15.0,0.0,0.0,0.0,12.5247753074122,0.0,17.204650534085253,0.0,16.55294535724685,0.0,15.588457268119896,0.0,14.317821063276353,0.0,12.409673645990857,0.0,9.643650760992955,0.0,7.0710678118654755,0.0,3.872983346207417,0.0,0.0,0.0,,,,,,,,,,,,,,,,,,,,,7.1633770409459405,0.0,,,,,,,,,,,,,,,,,,,,,12.524859880130775,0.0,15.340612600602377,0.0,14.793991780267964,0.0,13.812105491731657,0.0,12.365710237507525,0.0,10.260791661506204,0.0,7.4349788455748484,0.0,5.077606487604065,0.0,2.3909346226176145,0.0,0.0,0.0
Irrer,262.6235294117647,0.0,15.12544647616796,0.0,370.76561162810265,0.0,253.0,0.0,240.0,0.0,210.0,0.0,181.0,0.0,127.0,0.0,88.0,0.0,51.0,0.0,13.0,0.0,0.0,0.0,12.373333624702559,0.0,15.905973720586866,0.0,15.491933384829668,0.0,14.491376746189438,0.0,13.45362404707371,0.0,11.269427669584644,0.0,9.38083151964686,0.0,7.14142842854285,0.0,3.605551275463989,0.0,0.0,0.0,,,,,,,,,,,,,,,,,,,,,4.697641140329478,0.0,,,,,,,,,,,,,,,,,,,,,12.372994181474331,0.0,13.97531841428408,0.0,13.528462487456615,0.0,12.406349568577694,0.0,11.310411610636086,0.0,9.091966589741148,0.0,7.228404254812659,0.0,5.066956094756877,0.0,2.205533816290736,0.0,0.0,0.0
Islam,348.1490196078431,0.0,17.31202576427879,0.0,448.3507298609936,0.0,378.0,0.0,339.0,0.0,296.0,0.0,254.0,0.0,216.0,0.0,174.0,0.0,125.0,0.0,76.0,0.0,52.0,0.0,14.97254871321156,0.0,19.44222209522358,0.0,18.411952639521967,0.0,17.204650534085253,0.0,15.937377450509228,0.0,14.696938456699069,0.0,13.19090595827292,0.0,11.180339887498949,0.0,8.717797887081348,0.0,7.211102550927978,0.0,,,,,,,,,,,,,,,,,,,,,16.160976818354225,0.0,,,,,,,,,,,,,,,,,,,,,14.972465615076553,0.0,17.28954248104255,0.0,16.582802026742968,0.0,15.477665674087964,0.0,14.110466431233359,0.0,12.848697011499194,0.0,11.206752860430337,0.0,9.417738874202117,0.0,7.512412694495169,0.0,6.089250586153805,0.0
Itidi,289.34117647058827,0.0,15.810643245321623,0.0,414.9036251427469,0.0,308.0,0.0,281.0,0.0,248.0,0.0,216.0,0.0,165.0,0.0,133.0,0.0,85.0,0.0,42.0,0.0,14.0,0.0,13.861750215758518,0.0,17.549928774784245,0.0,16.76305461424021,0.0,15.748015748023622,0.0,14.696938456699069,0.0,12.84523257866513,0.0,11.532562594670797,0.0,9.219544457292887,0.0,6.48074069840786,0.0,3.7416573867739413,0.0,,,,,,,,,,,,,,,,,,,,,8.307218710876066,0.0,,,,,,,,,,,,,,,,,,,,,13.861145238960194,0.0,15.3786216628877,0.0,14.70292968217047,0.0,13.788692923040816,0.0,12.735745241869367,0.0,10.816518226338408,0.0,9.394622052272709,0.0,7.244344439939057,0.0,5.222073270904314,0.0,2.870159764963777,0.0
Ixtra,287.7882352941176,0.0,15.692452704896862,0.0,382.5186705110248,0.0,287.0,0.0,265.0,0.0,237.0,0.0,201.0,0.0,156.0,0.0,107.0,0.0,57.0,0.0,12.0,0.0,3.0,0.0,12.8428684742271,0.0,16.941074346097416,0.0,16.278820596099706,0.0,15.394804318340652,0.0,14.177446878757825,0.0,12.489995996796797,0.0,10.344080432788601,0.0,7.54983443527075,0.0,3.4641016151377544,0.0,1.7320508075688772,0.0,,,,,,,,,,,,,,,,,,,,,5.3471248570994545,0.0,,,,,,,,,,,,,,,,,,,,,12.843032888826166,0.0,14.930881858121108,0.0,14.331129273048168,0.0,13.481323495675591,0.0,12.106858925303381,0.0,10.200876220732297,0.0,7.955175046320328,0.0,5.331944844979242,0.0,1.9548565536283171,0.0,0.8625901106293007,0.0
Jacht,328.3333333333333,0.0,16.774717340942356,0.0,378.9851276818046,0.0,343.0,0.0,303.0,0.0,262.0,0.0,204.0,0.0,148.0,0.0,105.0,0.0,69.0,0.0,32.0,0.0,8.0,0.0,12.738995776014448,0.0,18.520259177452136,0.0,17.406895185529212,0.0,16.186414056238647,0.0,14.2828568570857,0.0,12.165525060596439,0.0,10.246950765959598,0.0,8.306623862918075,0.0,5.656854249492381,0.0,2.8284271247461903,0.0,,,,,,,,,,,,,,,,,,,,,6.1677595264967415,0.0,,,,,,,,,,,,,,,,,,,,,12.739088241053064,0.0,16.320654489239814,0.0,15.463541978191925,0.0,14.113082671065214,0.0,12.203988234932634,0.0,10.270610059007954,0.0,8.434929915770505,0.0,6.83021082644115,0.0,4.6877900403787125,0.0,1.9759486785277816,0.0
Jacke,338.1333333333333,0.0,17.045554451724506,0.0,372.88626128132785,0.0,353.0,0.0,311.0,0.0,272.0,0.0,208.0,0.0,151.0,0.0,99.0,0.0,65.0,0.0,32.0,0.0,8.0,0.0,12.524611262790406,0.0,18.788294228055936,0.0,17.635192088548397,0.0,16.492422502470642,0.0,14.422205101855956,0.0,12.288205727444508,0.0,9.9498743710662,0.0,8.06225774829855,0.0,5.656854249492381,0.0,2.8284271247461903,0.0,,,,,,,,,,,,,,,,,,,,,6.6592205956704715,0.0,,,,,,,,,,,,,,,,,,,,,12.524576880170812,0.0,16.797677181482083,0.0,15.79263220891961,0.0,14.46573343848616,0.0,12.335081384690007,0.0,10.417516966906847,0.0,8.299066480958281,0.0,6.58422279387534,0.0,4.685407338899379,0.0,1.9759486785277816,0.0
Jagen,374.3843137254902,0.0,17.937058565246623,0.0,377.8457654024033,0.0,391.0,0.0,356.0,0.0,302.0,0.0,235.0,0.0,163.0,0.0,104.0,0.0,65.0,0.0,36.0,0.0,22.0,0.0,12.707439870933626,0.0,19.77371993328519,0.0,18.867962264113206,0.0,17.378147196982766,0.0,15.329709716755891,0.0,12.767145334803704,0.0,10.198039027185569,0.0,8.06225774829855,0.0,6.0,0.0,4.69041575982343,0.0,,,,,,,,,,,,,,,,,,,,,6.719876251481962,0.0,,,,,,,,,,,,,,,,,,,,,12.707576956422898,0.0,17.866484191792583,0.0,17.11614488638269,0.0,15.533802406410901,0.0,13.303644120741934,0.0,10.841444451538713,0.0,8.406326262607788,0.0,6.377395516553197,0.0,4.365665215691746,0.0,3.2048810339314633,0.0
Jahre,335.1529411764706,0.0,17.0374055312327,0.0,371.6953262979439,0.0,351.0,0.0,306.0,0.0,265.0,0.0,210.0,0.0,151.0,0.0,91.0,0.0,64.0,0.0,29.0,0.0,9.0,0.0,12.479315217632474,0.0,18.734993995195193,0.0,17.4928556845359,0.0,16.278820596099706,0.0,14.491376746189438,0.0,12.288205727444508,0.0,9.539392014169456,0.0,8.0,0.0,5.385164807134504,0.0,3.0,0.0,,,,,,,,,,,,,,,,,,,,,5.192005431909478,0.0,,,,,,,,,,,,,,,,,,,,,12.479582679713833,0.0,16.810438122519006,0.0,15.715885826682808,0.0,14.398595296984263,0.0,12.535803834364218,0.0,10.405890585574364,0.0,7.996738392376798,0.0,6.692499008337373,0.0,4.573428961620158,0.0,2.1175099961017607,0.0
Japan,369.9843137254902,0.0,17.821565067879586,0.0,371.96887609236285,0.0,373.0,0.0,340.0,0.0,294.0,0.0,226.0,0.0,169.0,0.0,109.0,0.0,67.0,0.0,32.0,0.0,20.0,0.0,12.66388161754068,0.0,19.313207915827967,0.0,18.439088914585774,0.0,17.146428199482248,0.0,15.033296378372908,0.0,13.0,0.0,10.44030650891055,0.0,8.18535277187245,0.0,5.656854249492381,0.0,4.47213595499958,0.0,,,,,,,,,,,,,,,,,,,,,6.762176864971724,0.0,,,,,,,,,,,,,,,,,,,,,12.664008361862097,0.0,17.516053757151802,0.0,16.771051898645975,0.0,15.351181175857985,0.0,13.00965555071403,0.0,11.03714130871019,0.0,8.674350704030727,0.0,6.687965167629141,0.0,4.633231305582611,0.0,3.804648391635714,0.0
Jcrys,290.63921568627455,0.0,15.714939005878371,0.0,397.0567121024384,0.0,301.0,0.0,273.0,0.0,238.0,0.0,197.0,0.0,151.0,0.0,119.0,0.0,83.0,0.0,29.0,0.0,16.0,0.0,13.278538550962834,0.0,17.349351572897472,0.0,16.522711641858304,0.0,15.427248620541512,0.0,14.035668847618199,0.0,12.288205727444508,0.0,10.908712114635714,0.0,9.1104335791443,0.0,5.385164807134504,0.0,4.0,0.0,,,,,,,,,,,,,,,,,,,,,5.241776053199757,0.0,,,,,,,,,,,,,,,,,,,,,13.278299342950751,0.0,15.129829469420894,0.0,14.43137750869247,0.0,13.39983934524536,0.0,11.945125768930804,0.0,10.455948648214115,0.0,8.954878479433244,0.0,7.150537476236055,0.0,3.943081116009775,0.0,3.0926635151410626,0.0
Jecke,333.44705882352935,0.0,16.973850571674276,0.0,376.6866057616788,0.0,350.0,0.0,305.0,0.0,271.0,0.0,212.0,0.0,152.0,0.0,100.0,0.0,66.0,0.0,33.0,0.0,8.0,0.0,12.616129389614454,0.0,18.708286933869708,0.0,17.46424919657298,0.0,16.46207763315433,0.0,14.560219778561036,0.0,12.328828005937952,0.0,10.0,0.0,8.12403840463596,0.0,5.744562646538029,0.0,2.8284271247461903,0.0,,,,,,,,,,,,,,,,,,,,,6.9426533630327905,0.0,,,,,,,,,,,,,,,,,,,,,12.615756656675867,0.0,16.679601339770766,0.0,15.531283943400627,0.0,14.422361921815336,0.0,12.426348511495949,0.0,10.467896879789329,0.0,8.33576632900515,0.0,6.608291542436141,0.0,4.709668213023807,0.0,1.9759486785277816,0.0
Jeeps,337.9450980392157,0.0,17.045538211904226,0.0,367.9928887485067,0.0,346.0,0.0,308.0,0.0,255.0,0.0,202.0,0.0,140.0,0.0,92.0,0.0,63.0,0.0,34.0,0.0,22.0,0.0,12.381794804293401,0.0,18.601075237738275,0.0,17.549928774784245,0.0,15.968719422671311,0.0,14.212670403551895,0.0,11.832159566199232,0.0,9.591663046625438,0.0,7.937253933193772,0.0,5.830951894845301,0.0,4.69041575982343,0.0,,,,,,,,,,,,,,,,,,,,,6.774456195246093,0.0,,,,,,,,,,,,,,,,,,,,,12.382112623291215,0.0,16.46705889658693,0.0,15.561347061018088,0.0,13.9506018356537,0.0,12.133758281785722,0.0,10.048245548391272,0.0,7.9950862060573,0.0,6.605721056506552,0.0,4.683859350777679,0.0,3.916253987084786,0.0
Jemen,383.3686274509804,0.0,18.21935250890948,0.0,423.81506507601165,0.0,409.0,0.0,365.0,0.0,321.0,0.0,269.0,0.0,206.0,0.0,148.0,0.0,109.0,0.0,64.0,0.0,50.0,0.0,14.218878166072894,0.0,20.223748416156685,0.0,19.1049731745428,0.0,17.916472867168917,0.0,16.401219466856727,0.0,14.352700094407323,0.0,12.165525060596439,0.0,10.44030650891055,0.0,8.0,0.0,7.0710678118654755,0.0,,,,,,,,,,,,,,,,,,,,,6.848498435177727,0.0,,,,,,,,,,,,,,,,,,,,,14.219080576748537,0.0,18.17909925707538,0.0,17.259218161161346,0.0,16.186919903930345,0.0,14.515811522062979,0.0,12.613052004915358,0.0,10.479714451460657,0.0,8.964442843764969,0.0,6.674836106828744,0.0,5.960773612637258,0.0
Jhntz,348.0980392156863,0.0,17.432576768655824,0.0,394.67658127549635,0.0,366.0,0.0,337.0,0.0,296.0,0.0,236.0,0.0,177.0,0.0,116.0,0.0,76.0,0.0,37.0,0.0,19.0,0.0,13.296601755107828,0.0,19.131126469708992,0.0,18.35755975068582,0.0,17.204650534085253,0.0,15.362291495737216,0.0,13.30413469565007,0.0,10.770329614269007,0.0,8.717797887081348,0.0,6.082762530298219,0.0,4.358898943540674,0.0,,,,,,,,,,,,,,,,,,,,,4.297756167057996,0.0,,,,,,,,,,,,,,,,,,,,,13.296126128712375,0.0,17.205879449710206,0.0,16.543112509141125,0.0,15.312310962090475,0.0,13.322275121199716,0.0,11.398464926474489,0.0,8.939009783143101,0.0,7.166187591902671,0.0,4.893156695904561,0.0,3.563599738364926,0.0
Jhrln,335.0470588235294,0.0,17.182052544514153,0.0,408.35702229673507,0.0,347.0,0.0,320.0,0.0,287.0,0.0,235.0,0.0,183.0,0.0,133.0,0.0,95.0,0.0,46.0,0.0,23.0,0.0,13.759784818288193,0.0,18.627936010197157,0.0,17.88854381999832,0.0,16.941074346097416,0.0,15.329709716755891,0.0,13.527749258468683,0.0,11.532562594670797,0.0,9.746794344808963,0.0,6.782329983125268,0.0,4.795831523312719,0.0,,,,,,,,,,,,,,,,,,,,,5.021940476868794,0.0,,,,,,,,,,,,,,,,,,,,,13.759398433135079,0.0,16.917469302690687,0.0,16.230518643035502,0.0,15.130024629896635,0.0,13.411785330785923,0.0,11.710085829405493,0.0,9.781366771049255,0.0,8.13178559062857,0.0,5.981987885437243,0.0,3.9210536773734077,0.0
Jirir,245.57647058823528,0.0,14.63267319910964,0.0,403.6281029553513,0.0,248.0,0.0,227.0,0.0,203.0,0.0,180.0,0.0,148.0,0.0,123.0,0.0,86.0,0.0,25.0,0.0,6.0,0.0,13.553262486368544,0.0,15.748015748023622,0.0,15.066519173319364,0.0,14.247806848775006,0.0,13.416407864998739,0.0,12.165525060596439,0.0,11.090536506409418,0.0,9.273618495495704,0.0,5.0,0.0,2.449489742783178,0.0,,,,,,,,,,,,,,,,,,,,,3.0026159806819623,0.0,,,,,,,,,,,,,,,,,,,,,13.552761558963434,0.0,13.716333550440918,0.0,13.106747864353427,0.0,12.208701092443288,0.0,11.424517846546712,0.0,10.312311649271347,0.0,9.090589340413711,0.0,7.189079318658028,0.0,3.771567663963921,0.0,1.8617779514627348,0.0
Jjxlt,285.4823529411765,0.0,15.751436225808161,0.0,436.9895881084098,0.0,313.0,0.0,282.0,0.0,253.0,0.0,217.0,0.0,184.0,0.0,153.0,0.0,107.0,0.0,51.0,0.0,19.0,0.0,14.563616338661685,0.0,17.69180601295413,0.0,16.792855623746664,0.0,15.905973720586866,0.0,14.730919862656235,0.0,13.564659966250536,0.0,12.36931687685298,0.0,10.344080432788601,0.0,7.14142842854285,0.0,4.358898943540674,0.0,,,,,,,,,,,,,,,,,,,,,3.926041613689658,0.0,,,,,,,,,,,,,,,,,,,,,14.563111595236144,0.0,15.456772497622698,0.0,14.84860129572279,0.0,13.952105215015072,0.0,12.78761069127759,0.0,11.633575467996774,0.0,10.385440637410934,0.0,8.318518850539558,0.0,5.8162552712183695,0.0,3.2505015303875617,0.0
Jngjr,344.90196078431376,0.0,17.303033582725792,0.0,424.26592668184014,0.0,367.0,0.0,341.0,0.0,310.0,0.0,252.0,0.0,188.0,0.0,142.0,0.0,95.0,0.0,51.0,0.0,28.0,0.0,14.098668904695522,0.0,19.157244060668017,0.0,18.466185312619388,0.0,17.60681686165901,0.0,15.874507866387544,0.0,13.711309200802088,0.0,11.916375287812984,0.0,9.746794344808963,0.0,7.14142842854285,0.0,5.291502622129181,0.0,,,,,,,,,,,,,,,,,,,,,7.096068173582064,0.0,,,,,,,,,,,,,,,,,,,,,14.09864181403968,0.0,17.297762284861832,0.0,16.74576668926626,0.0,15.724398343522644,0.0,13.783183880709855,0.0,11.841124145269177,0.0,9.857810164131413,0.0,7.707911215779437,0.0,5.4022896307909,0.0,3.6431573930862564,0.0
Joule,318.85490196078433,0.0,16.615977358420658,0.0,377.1653319402949,0.0,343.0,0.0,305.0,0.0,255.0,0.0,200.0,0.0,139.0,0.0,92.0,0.0,64.0,0.0,29.0,0.0,11.0,0.0,12.59604478883139,0.0,18.520259177452136,0.0,17.46424919657298,0.0,15.968719422671311,0.0,14.142135623730951,0.0,11.789826122551595,0.0,9.591663046625438,0.0,8.0,0.0,5.385164807134504,0.0,3.3166247903554,0.0,,,,,,,,,,,,,,,,,,,,,4.198333131564255,0.0,,,,,,,,,,,,,,,,,,,,,12.59622555473116,0.0,16.474725112277575,0.0,15.45974737206161,0.0,14.05888259193721,0.0,12.098537215137917,0.0,9.889340384270552,0.0,7.993809974861437,0.0,6.616162032013191,0.0,4.621951850622707,0.0,2.526071043844441,0.0
Jrgll,321.6235294117647,0.0,16.80866201696201,0.0,451.50655052603537,0.0,349.0,0.0,318.0,0.0,283.0,0.0,244.0,0.0,201.0,0.0,171.0,0.0,130.0,0.0,80.0,0.0,35.0,0.0,15.011865995147714,0.0,18.681541692269406,0.0,17.832554500127006,0.0,16.822603841260722,0.0,15.620499351813308,0.0,14.177446878757825,0.0,13.076696830622021,0.0,11.40175425099138,0.0,8.94427190999916,0.0,5.916079783099616,0.0,,,,,,,,,,,,,,,,,,,,,6.963546470836822,0.0,,,,,,,,,,,,,,,,,,,,,15.011380707087254,0.0,16.694311217960944,0.0,16.083377263672173,0.0,14.988917138774186,0.0,13.811817169971176,0.0,12.461666546363398,0.0,11.222689188215192,0.0,9.427300749681393,0.0,7.258958355335186,0.0,4.215758989386014,0.0
Jschj,315.45490196078435,0.0,16.479800878219816,0.0,408.83408222713683,0.0,335.0,0.0,297.0,0.0,268.0,0.0,215.0,0.0,162.0,0.0,128.0,0.0,87.0,0.0,48.0,0.0,18.0,0.0,13.680890655141164,0.0,18.303005217723125,0.0,17.233687939614086,0.0,16.3707055437449,0.0,14.66287829861518,0.0,12.727922061357855,0.0,11.313708498984761,0.0,9.327379053088816,0.0,6.928203230275509,0.0,4.242640687119285,0.0,,,,,,,,,,,,,,,,,,,,,7.281125631161552,0.0,,,,,,,,,,,,,,,,,,,,,13.680661514584886,0.0,16.102007937499252,0.0,15.224610503371618,0.0,14.271400315644266,0.0,12.53818734636701,0.0,10.810629519979951,0.0,9.379310496074126,0.0,7.617172295815693,0.0,5.619048396771476,0.0,2.9857024537175074,0.0
Jtllx,286.04705882352937,0.0,15.823952663387175,0.0,435.7561324791523,0.0,308.0,0.0,280.0,0.0,249.0,0.0,214.0,0.0,188.0,0.0,156.0,0.0,111.0,0.0,57.0,0.0,19.0,0.0,14.559724166984363,0.0,17.549928774784245,0.0,16.73320053068151,0.0,15.7797338380595,0.0,14.628738838327793,0.0,13.711309200802088,0.0,12.489995996796797,0.0,10.535653752852738,0.0,7.54983443527075,0.0,4.358898943540674,0.0,,,,,,,,,,,,,,,,,,,,,5.503966866423467,0.0,,,,,,,,,,,,,,,,,,,,,14.559036153177377,0.0,15.391743707338716,0.0,14.792764708629912,0.0,13.840751382799594,0.0,12.700938302282513,0.0,11.913062724609805,0.0,10.655917942546441,0.0,8.748096786001446,0.0,6.426241806711924,0.0,3.244915065287883,0.0
Jubel,345.5529411764706,0.0,17.281152936888876,0.0,394.50370343373606,0.0,372.0,0.0,342.0,0.0,295.0,0.0,219.0,0.0,154.0,0.0,113.0,0.0,78.0,0.0,45.0,0.0,16.0,0.0,13.193566972864993,0.0,19.28730152198591,0.0,18.49324200890693,0.0,17.175564037317667,0.0,14.798648586948742,0.0,12.409673645990857,0.0,10.63014581273465,0.0,8.831760866327848,0.0,6.708203932499369,0.0,4.0,0.0,,,,,,,,,,,,,,,,,,,,,5.785378456663299,0.0,,,,,,,,,,,,,,,,,,,,,13.194032579954161,0.0,17.301792121976888,0.0,16.572029179194388,0.0,15.190173575209338,0.0,12.658660399940755,0.0,10.657362236215354,0.0,9.049411106234324,0.0,7.25950404895608,0.0,5.3520840973333375,0.0,2.9113085214262813,0.0
Juden,371.7921568627451,0.0,17.954330975253157,0.0,375.85963424609974,0.0,394.0,0.0,357.0,0.0,308.0,0.0,240.0,0.0,160.0,0.0,93.0,0.0,64.0,0.0,31.0,0.0,15.0,0.0,12.60583650198713,0.0,19.849433241279208,0.0,18.894443627691185,0.0,17.549928774784245,0.0,15.491933384829668,0.0,12.649110640673518,0.0,9.643650760992955,0.0,8.0,0.0,5.5677643628300215,0.0,3.872983346207417,0.0,,,,,,,,,,,,,,,,,,,,,6.042087836912947,0.0,,,,,,,,,,,,,,,,,,,,,12.606328346123115,0.0,17.873633369645304,0.0,16.999199645943254,0.0,15.685599924488331,0.0,13.451366003486408,0.0,10.685529268803721,0.0,7.9377471684574,0.0,6.5854817345631655,0.0,4.504470923253064,0.0,3.1299255138186317,0.0
Judun,382.70980392156866,0.0,18.224369909350745,0.0,384.7736734401883,0.0,414.0,0.0,379.0,0.0,327.0,0.0,250.0,0.0,169.0,0.0,101.0,0.0,65.0,0.0,30.0,0.0,15.0,0.0,12.865157215497309,0.0,20.346989949375804,0.0,19.467922333931785,0.0,18.083141320025124,0.0,15.811388300841896,0.0,13.0,0.0,10.04987562112089,0.0,8.06225774829855,0.0,5.477225575051661,0.0,3.872983346207417,0.0,,,,,,,,,,,,,,,,,,,,,6.879825854732283,0.0,,,,,,,,,,,,,,,,,,,,,12.86572172950907,0.0,18.332352625214053,0.0,17.50549056114303,0.0,16.149251473452008,0.0,13.631296670033391,0.0,11.000084156452104,0.0,8.187917367354032,0.0,6.616326120391723,0.0,4.475494945734287,0.0,3.1299255138186317,0.0
Junge,380.6156862745098,0.0,18.140242679187704,0.0,380.71206329151664,0.0,409.0,0.0,362.0,0.0,315.0,0.0,239.0,0.0,167.0,0.0,102.0,0.0,67.0,0.0,36.0,0.0,22.0,0.0,12.766781251735551,0.0,20.223748416156685,0.0,19.026297590440446,0.0,17.74823934929885,0.0,15.459624833740307,0.0,12.922847983320086,0.0,10.099504938362077,0.0,8.18535277187245,0.0,6.0,0.0,4.69041575982343,0.0,,,,,,,,,,,,,,,,,,,,,7.955213536098542,0.0,,,,,,,,,,,,,,,,,,,,,12.767395172140546,0.0,18.220634550202355,0.0,17.17359257501163,0.0,15.858358184334842,0.0,13.370124365589858,0.0,11.028706664146275,0.0,8.330652764417723,0.0,6.571856741291496,0.0,4.371057655392329,0.0,3.206112745359035,0.0
Junme,394.2862745098039,0.0,18.48552037860498,0.0,426.4119193980786,0.0,429.0,0.0,379.0,0.0,337.0,0.0,276.0,0.0,214.0,0.0,143.0,0.0,108.0,0.0,63.0,0.0,50.0,0.0,14.297965256510256,0.0,20.71231517720798,0.0,19.467922333931785,0.0,18.35755975068582,0.0,16.61324772583615,0.0,14.628738838327793,0.0,11.958260743101398,0.0,10.392304845413264,0.0,7.937253933193772,0.0,7.0710678118654755,0.0,,,,,,,,,,,,,,,,,,,,,8.651045600275548,0.0,,,,,,,,,,,,,,,,,,,,,14.298235391577581,0.0,18.709489445406533,0.0,17.61553602079384,0.0,16.603646317112986,0.0,14.77894069675807,0.0,12.872289406894845,0.0,10.302046788087353,0.0,8.966099879556442,0.0,6.6571564641595335,0.0,5.959961994983687,0.0
Jurys,312.5176470588235,0.0,16.35942975611942,0.0,388.5528496570058,0.0,330.0,0.0,297.0,0.0,255.0,0.0,198.0,0.0,149.0,0.0,112.0,0.0,77.0,0.0,27.0,0.0,16.0,0.0,13.013589501706072,0.0,18.16590212458495,0.0,17.233687939614086,0.0,15.968719422671311,0.0,14.071247279470288,0.0,12.206555615733702,0.0,10.583005244258363,0.0,8.774964387392123,0.0,5.196152422706632,0.0,4.0,0.0,,,,,,,,,,,,,,,,,,,,,3.815461454642812,0.0,,,,,,,,,,,,,,,,,,,,,13.013346324899276,0.0,15.995039620167844,0.0,15.152262363475602,0.0,13.927029746246305,0.0,11.95569736842307,0.0,10.371876945929804,0.0,8.692252324197945,0.0,6.941135788855454,0.0,3.8664508342448207,0.0,3.0926635151410626,0.0
Jxdrs,325.3450980392157,0.0,16.73201445056781,0.0,400.63709562029476,0.0,343.0,0.0,311.0,0.0,268.0,0.0,229.0,0.0,170.0,0.0,121.0,0.0,84.0,0.0,34.0,0.0,18.0,0.0,13.409941768603103,0.0,18.520259177452136,0.0,17.635192088548397,0.0,16.3707055437449,0.0,15.132745950421556,0.0,13.038404810405298,0.0,11.0,0.0,9.16515138991168,0.0,5.830951894845301,0.0,4.242640687119285,0.0,,,,,,,,,,,,,,,,,,,,,5.618282399364536,0.0,,,,,,,,,,,,,,,,,,,,,13.409564314008039,0.0,16.417457251681515,0.0,15.659164701228868,0.0,14.387502589877244,0.0,13.086807732423809,0.0,10.96699876174506,0.0,8.945327107895725,0.0,7.411979537373253,0.0,4.595221955830951,0.0,3.245242716976179,0.0
Jüdin,363.5921568627451,0.0,17.737209382920962,0.0,402.131571786089,0.0,391.0,0.0,356.0,0.0,313.0,0.0,252.0,0.0,183.0,0.0,119.0,0.0,84.0,0.0,41.0,0.0,20.0,0.0,13.496560936259051,0.0,19.77371993328519,0.0,18.867962264113206,0.0,17.69180601295413,0.0,15.874507866387544,0.0,13.527749258468683,0.0,10.908712114635714,0.0,9.16515138991168,0.0,6.4031242374328485,0.0,4.47213595499958,0.0,,,,,,,,,,,,,,,,,,,,,5.482854112282859,0.0,,,,,,,,,,,,,,,,,,,,,13.496467050942655,0.0,17.924090428978943,0.0,17.066600399184477,0.0,15.866595413186916,0.0,13.947251703062346,0.0,11.642015607991963,0.0,9.113758037690308,0.0,7.5055326923367724,0.0,5.335008341708365,0.0,3.6671661008832603,0.0
Kabul,401.964705882353,0.0,18.59122297491994,0.0,373.5582933104388,0.0,429.0,0.0,404.0,0.0,344.0,0.0,241.0,0.0,158.0,0.0,100.0,0.0,58.0,0.0,32.0,0.0,10.0,0.0,12.529298654467516,0.0,20.71231517720798,0.0,20.09975124224178,0.0,18.547236990991408,0.0,15.524174696260024,0.0,12.569805089976535,0.0,10.0,0.0,7.615773105863909,0.0,5.656854249492381,0.0,3.1622776601683795,0.0,,,,,,,,,,,,,,,,,,,,,5.064943200763382,0.0,,,,,,,,,,,,,,,,,,,,,12.529428633270966,0.0,18.798657723419886,0.0,18.26884794133197,0.0,16.560530038556315,0.0,13.282479904877821,0.0,10.645399707750416,0.0,8.204818374953494,0.0,5.9477210365970965,0.0,4.662981494510761,0.0,2.2386181575997384,0.0
Kacha,395.20392156862744,0.0,18.387449960021517,0.0,344.9329869631996,0.0,406.0,0.0,361.0,0.0,315.0,0.0,229.0,0.0,145.0,0.0,83.0,0.0,41.0,0.0,18.0,0.0,2.0,0.0,11.615487831510867,0.0,20.149441679609886,0.0,19.0,0.0,17.74823934929885,0.0,15.132745950421556,0.0,12.041594578792296,0.0,9.1104335791443,0.0,6.4031242374328485,0.0,4.242640687119285,0.0,1.4142135623730951,0.0,,,,,,,,,,,,,,,,,,,,,3.353235266077825,0.0,,,,,,,,,,,,,,,,,,,,,11.615154760317894,0.0,18.23802107335639,0.0,17.322116984553002,0.0,15.81140485012155,0.0,13.025024264211615,0.0,10.072863511270677,0.0,7.141115103827199,0.0,4.891792779586395,0.0,3.802791666519962,0.0,0.6618696519470317,0.0
Kairo,339.7529411764706,0.0,17.057570835231008,0.0,351.8258881302755,0.0,344.0,0.0,316.0,0.0,272.0,0.0,200.0,0.0,137.0,0.0,80.0,0.0,48.0,0.0,7.0,0.0,0.0,0.0,11.794271133657753,0.0,18.547236990991408,0.0,17.776388834631177,0.0,16.492422502470642,0.0,14.142135623730951,0.0,11.704699910719626,0.0,8.94427190999916,0.0,6.928203230275509,0.0,2.6457513110645907,0.0,0.0,0.0,,,,,,,,,,,,,,,,,,,,,7.1701016784407665,0.0,,,,,,,,,,,,,,,,,,,,,11.794577955182403,0.0,16.692499719619452,0.0,16.024322687162336,0.0,14.615319001115726,0.0,12.052201535033195,0.0,9.74379086207957,0.0,6.849847069729271,0.0,4.86841637302165,0.0,1.9385654414417133,0.0,0.0,0.0
Kakao,409.043137254902,0.0,18.709906255242682,0.0,355.01716489431965,0.0,426.0,0.0,385.0,0.0,331.0,0.0,244.0,0.0,165.0,0.0,95.0,0.0,54.0,0.0,22.0,0.0,3.0,0.0,11.98284184736514,0.0,20.639767440550294,0.0,19.621416870348583,0.0,18.193405398660254,0.0,15.620499351813308,0.0,12.84523257866513,0.0,9.746794344808963,0.0,7.3484692283495345,0.0,4.69041575982343,0.0,1.7320508075688772,0.0,,,,,,,,,,,,,,,,,,,,,3.5159275198140985,0.0,,,,,,,,,,,,,,,,,,,,,11.982897441905045,0.0,18.719215038091548,0.0,17.97641192119093,0.0,16.346205962097702,0.0,13.572105212933488,0.0,10.870512209661907,0.0,7.75333697547463,0.0,5.50373421989886,0.0,3.9589644664887502,0.0,1.0076972804339992,0.0
Kamin,420.15294117647056,0.0,19.037699501431497,0.0,414.52554122020507,0.0,444.0,0.0,407.0,0.0,359.0,0.0,285.0,0.0,219.0,0.0,145.0,0.0,102.0,0.0,56.0,0.0,44.0,0.0,14.025500110239754,0.0,21.071307505705477,0.0,20.174241001832016,0.0,18.947295321496416,0.0,16.881943016134134,0.0,14.798648586948742,0.0,12.041594578792296,0.0,10.099504938362077,0.0,7.483314773547883,0.0,6.6332495807108,0.0,,,,,,,,,,,,,,,,,,,,,3.697050821514899,0.0,,,,,,,,,,,,,,,,,,,,,14.025552112200343,0.0,19.218341603785934,0.0,18.562732640416595,0.0,17.287883647739303,0.0,15.003680223445743,0.0,12.931354796927968,0.0,10.177191435487392,0.0,8.39797661900049,0.0,6.416349701781858,0.0,5.662553709140418,0.0
Kanal,379.7098039215686,0.0,18.09460294954206,0.0,353.68561011627435,0.0,383.0,0.0,354.0,0.0,303.0,0.0,225.0,0.0,155.0,0.0,90.0,0.0,52.0,0.0,23.0,0.0,8.0,0.0,12.069690959938836,0.0,19.570385790780925,0.0,18.81488772222678,0.0,17.406895185529212,0.0,15.0,0.0,12.449899597988733,0.0,9.486832980505138,0.0,7.211102550927978,0.0,4.795831523312719,0.0,2.8284271247461903,0.0,,,,,,,,,,,,,,,,,,,,,5.857278815573716,0.0,,,,,,,,,,,,,,,,,,,,,12.069768935335137,0.0,17.774713211240407,0.0,17.240139921102475,0.0,15.56214219085359,0.0,12.992772333656927,0.0,10.487544283295637,0.0,7.526192480935918,0.0,5.504898673590527,0.0,4.045868903034652,0.0,2.1360381094173597,0.0
Kanne,398.8666666666667,0.0,18.550712106177755,0.0,324.2975540815245,0.0,398.0,0.0,368.0,0.0,318.0,0.0,230.0,0.0,138.0,0.0,56.0,0.0,21.0,0.0,2.0,0.0,0.0,0.0,10.909281987709823,0.0,19.949937343260004,0.0,19.183326093250876,0.0,17.832554500127006,0.0,15.165750888103101,0.0,11.74734012447073,0.0,7.483314773547883,0.0,4.58257569495584,0.0,1.4142135623730951,0.0,0.0,0.0,,,,,,,,,,,,,,,,,,,,,3.258690843258799,0.0,,,,,,,,,,,,,,,,,,,,,10.909589608237082,0.0,18.229186770663482,0.0,17.609689245250202,0.0,15.991874672366746,0.0,13.10272883696115,0.0,9.652462014976134,0.0,5.4000935244626,0.0,2.7432966170702104,0.0,0.6122432351996353,0.0,0.0,0.0
Kapfa,406.64705882352945,0.0,18.65869866189705,0.0,365.62133807398675,0.0,412.0,0.0,373.0,0.0,328.0,0.0,242.0,0.0,173.0,0.0,107.0,0.0,68.0,0.0,36.0,0.0,21.0,0.0,12.497483683428198,0.0,20.29778313018444,0.0,19.313207915827967,0.0,18.110770276274835,0.0,15.556349186104045,0.0,13.152946437965905,0.0,10.344080432788601,0.0,8.246211251235321,0.0,6.0,0.0,4.58257569495584,0.0,,,,,,,,,,,,,,,,,,,,,3.7860038980508604,0.0,,,,,,,,,,,,,,,,,,,,,12.497054807163599,0.0,18.52119283448542,0.0,17.734735145993515,0.0,16.35775514617059,0.0,13.576815972738919,0.0,11.252900413711625,0.0,8.525036349618645,0.0,6.664330098196862,0.0,5.135179446337669,0.0,3.8719424047975464,0.0
Karat,350.07058823529417,0.0,17.27952432170266,0.0,342.1608563954277,0.0,351.0,0.0,323.0,0.0,270.0,0.0,196.0,0.0,133.0,0.0,82.0,0.0,45.0,0.0,5.0,0.0,0.0,0.0,11.517677577481557,0.0,18.734993995195193,0.0,17.97220075561143,0.0,16.431676725154983,0.0,14.0,0.0,11.532562594670797,0.0,9.055385138137417,0.0,6.708203932499369,0.0,2.23606797749979,0.0,0.0,0.0,,,,,,,,,,,,,,,,,,,,,6.802299541669493,0.0,,,,,,,,,,,,,,,,,,,,,11.517900482536813,0.0,16.728039741569205,0.0,16.226660799947535,0.0,14.457619555637946,0.0,11.920085638726098,0.0,9.511193038703011,0.0,6.978941662308483,0.0,4.655415775782638,0.0,1.212935700639544,0.0,0.0,0.0
Karte,345.3843137254902,0.0,17.208795351422356,0.0,339.5532832270999,0.0,351.0,0.0,319.0,0.0,268.0,0.0,194.0,0.0,127.0,0.0,68.0,0.0,41.0,0.0,5.0,0.0,0.0,0.0,11.346396081644034,0.0,18.734993995195193,0.0,17.86057109949175,0.0,16.3707055437449,0.0,13.92838827718412,0.0,11.269427669584644,0.0,8.246211251235321,0.0,6.4031242374328485,0.0,2.23606797749979,0.0,0.0,0.0,,,,,,,,,,,,,,,,,,,,,6.738741892424591,0.0,,,,,,,,,,,,,,,,,,,,,11.346210670567494,0.0,16.808434462129146,0.0,16.076449605954437,0.0,14.523463161690348,0.0,11.845152797203497,0.0,9.290551316373255,0.0,6.375205422033229,0.0,4.556332033573948,0.0,1.2287749028356452,0.0,0.0,0.0
Kasse,353.5333333333333,0.0,17.313884483981184,0.0,320.20362487277635,0.0,361.0,0.0,313.0,0.0,252.0,0.0,182.0,0.0,111.0,0.0,51.0,0.0,25.0,0.0,6.0,0.0,0.0,0.0,10.627310692836181,0.0,19.0,0.0,17.69180601295413,0.0,15.874507866387544,0.0,13.490737563232042,0.0,10.535653752852738,0.0,7.14142842854285,0.0,5.0,0.0,2.449489742783178,0.0,0.0,0.0,,,,,,,,,,,,,,,,,,,,,6.041787321619919,0.0,,,,,,,,,,,,,,,,,,,,,10.627037816012194,0.0,16.96360495729657,0.0,15.973839764098727,0.0,13.948540178777485,0.0,11.329800979968548,0.0,8.345030133230107,0.0,5.119484547064505,0.0,3.1302838289687216,0.0,1.2433329375350182,0.0,0.0,0.0
Kasus,364.45098039215685,0.0,17.593756101201308,0.0,325.9706254910046,0.0,379.0,0.0,340.0,0.0,270.0,0.0,191.0,0.0,111.0,0.0,57.0,0.0,23.0,0.0,4.0,0.0,0.0,0.0,10.808567008127458,0.0,19.467922333931785,0.0,18.439088914585774,0.0,16.431676725154983,0.0,13.820274961085254,0.0,10.535653752852738,0.0,7.54983443527075,0.0,4.795831523312719,0.0,2.0,0.0,0.0,0.0,,,,,,,,,,,,,,,,,,,,,5.378081172960942,0.0,,,,,,,,,,,,,,,,,,,,,10.808656690214946,0.0,17.336934602472247,0.0,16.577394152656773,0.0,14.382605263641453,0.0,11.42545635919152,0.0,8.426072274834471,0.0,5.3810481702676265,0.0,2.98191046477228,0.0,0.9792971064113665,0.0,0.0,0.0
Kater,345.3843137254902,0.0,17.208795351422356,0.0,339.9748764217229,0.0,348.0,0.0,322.0,0.0,271.0,0.0,198.0,0.0,120.0,0.0,66.0,0.0,36.0,0.0,6.0,0.0,0.0,0.0,11.346490288043293,0.0,18.65475810617763,0.0,17.944358444926362,0.0,16.46207763315433,0.0,14.071247279470288,0.0,10.954451150103322,0.0,8.12403840463596,0.0,6.0,0.0,2.449489742783178,0.0,0.0,0.0,,,,,,,,,,,,,,,,,,,,,8.108136209533319,0.0,,,,,,,,,,,,,,,,,,,,,11.346838919637252,0.0,16.58552304422035,0.0,16.0705999051989,0.0,14.583294689526001,0.0,11.908952167389808,0.0,9.012212938533866,0.0,6.230491506855235,0.0,4.127273210360812,0.0,1.318767182881716,0.0,0.0,0.0
Katze,359.2627450980392,0.0,17.568267678389095,0.0,340.5878819047921,0.0,370.0,0.0,335.0,0.0,283.0,0.0,198.0,0.0,132.0,0.0,70.0,0.0,36.0,0.0,8.0,0.0,0.0,0.0,11.365142021997531,0.0,19.235384061671343,0.0,18.303005217723125,0.0,16.822603841260722,0.0,14.071247279470288,0.0,11.489125293076057,0.0,8.366600265340756,0.0,6.0,0.0,2.8284271247461903,0.0,0.0,0.0,,,,,,,,,,,,,,,,,,,,,5.393285526601729,0.0,,,,,,,,,,,,,,,,,,,,,11.36510388936342,0.0,17.249910897466616,0.0,16.449952106121607,0.0,14.926748217179387,0.0,11.918293046802761,0.0,9.478882718042565,0.0,6.36679673996368,0.0,4.090773568925142,0.0,1.5627327514335232,0.0,0.0,0.0
Kblqs,407.62745098039215,0.0,18.712784109254546,0.0,389.9458542221787,0.0,439.0,0.0,403.0,0.0,338.0,0.0,259.0,0.0,178.0,0.0,119.0,0.0,77.0,0.0,43.0,0.0,24.0,0.0,13.055695814606693,0.0,20.952326839756964,0.0,20.074859899884732,0.0,18.384776310850235,0.0,16.09347693943108,0.0,13.341664064126334,0.0,10.908712114635714,0.0,8.774964387392123,0.0,6.557438524302,0.0,4.898979485566356,0.0,,,,,,,,,,,,,,,,,,,,,5.284579344663314,0.0,,,,,,,,,,,,,,,,,,,,,13.055586675674508,0.0,19.0027347448241,0.0,18.276947191180867,0.0,16.559604442054,0.0,14.103071893921182,0.0,11.488806780874626,0.0,9.078200216550352,0.0,7.093239000498216,0.0,5.7348741664332445,0.0,3.73489496948956,0.0
Kcrfc,328.3843137254902,0.0,16.75903906059429,0.0,371.06868954383344,0.0,331.0,0.0,305.0,0.0,271.0,0.0,210.0,0.0,147.0,0.0,97.0,0.0,65.0,0.0,20.0,0.0,7.0,0.0,12.473236921873658,0.0,18.193405398660254,0.0,17.46424919657298,0.0,16.46207763315433,0.0,14.491376746189438,0.0,12.12435565298214,0.0,9.848857801796104,0.0,8.06225774829855,0.0,4.47213595499958,0.0,2.6457513110645907,0.0,,,,,,,,,,,,,,,,,,,,,6.988752488148287,0.0,,,,,,,,,,,,,,,,,,,,,12.473253900887228,0.0,16.3109510063864,0.0,15.71133599692101,0.0,14.585328620216856,0.0,12.361034782360774,0.0,10.144224505979139,0.0,7.792026065473429,0.0,6.113801597410975,0.0,3.5314167606328857,0.0,1.9949946886188294,0.0
Kcstp,368.25098039215686,0.0,17.733937775339346,0.0,372.5254262134427,0.0,387.0,0.0,346.0,0.0,293.0,0.0,231.0,0.0,162.0,0.0,95.0,0.0,65.0,0.0,29.0,0.0,16.0,0.0,12.546654460355061,0.0,19.672315572906,0.0,18.601075237738275,0.0,17.11724276862369,0.0,15.198684153570664,0.0,12.727922061357855,0.0,9.746794344808963,0.0,8.06225774829855,0.0,5.385164807134504,0.0,4.0,0.0,,,,,,,,,,,,,,,,,,,,,5.374327095398365,0.0,,,,,,,,,,,,,,,,,,,,,12.546652601961416,0.0,17.56605349449351,0.0,16.810318999292694,0.0,15.325689988032549,0.0,13.140898508685055,0.0,10.715601415317181,0.0,7.813353192557176,0.0,6.234822747950804,0.0,4.200616573891868,0.0,3.445929325245712,0.0
Kedes,389.9333333333333,0.0,18.3020540547248,0.0,342.2265976086148,0.0,408.0,0.0,365.0,0.0,303.0,0.0,229.0,0.0,132.0,0.0,66.0,0.0,42.0,0.0,20.0,0.0,9.0,0.0,11.404872565708457,0.0,20.199009876724155,0.0,19.1049731745428,0.0,17.406895185529212,0.0,15.132745950421556,0.0,11.489125293076057,0.0,8.12403840463596,0.0,6.48074069840786,0.0,4.47213595499958,0.0,3.0,0.0,,,,,,,,,,,,,,,,,,,,,5.201189896599011,0.0,,,,,,,,,,,,,,,,,,,,,11.404913049532128,0.0,18.144335720136553,0.0,17.278148653063585,0.0,15.588042386051942,0.0,13.049148242173247,0.0,9.59018358835755,0.0,6.370530006527679,0.0,5.014991726240027,0.0,3.7286727186499578,0.0,2.5150661115962025,0.0
Kehle,387.16078431372546,0.0,18.391285568224426,0.0,367.1438262156022,0.0,413.0,0.0,359.0,0.0,316.0,0.0,243.0,0.0,162.0,0.0,87.0,0.0,60.0,0.0,35.0,0.0,8.0,0.0,12.356244433087127,0.0,20.322401432901575,0.0,18.947295321496416,0.0,17.776388834631177,0.0,15.588457268119896,0.0,12.727922061357855,0.0,9.327379053088816,0.0,7.745966692414834,0.0,5.916079783099616,0.0,2.8284271247461903,0.0,,,,,,,,,,,,,,,,,,,,,5.2044579560445445,0.0,,,,,,,,,,,,,,,,,,,,,12.356287837581416,0.0,18.422772884392426,0.0,17.263101949565595,0.0,16.000421603867686,0.0,13.619560148174534,0.0,10.869395550972541,0.0,7.75442704053172,0.0,6.360680696809696,0.0,5.419572913502837,0.0,1.9828449173928526,0.0
Keian,365.02745098039213,0.0,17.729959526779034,0.0,346.0641114107765,0.0,367.0,0.0,335.0,0.0,291.0,0.0,217.0,0.0,146.0,0.0,83.0,0.0,39.0,0.0,7.0,0.0,0.0,0.0,11.689174296737574,0.0,19.157244060668017,0.0,18.303005217723125,0.0,17.05872210923198,0.0,14.730919862656235,0.0,12.083045973594572,0.0,9.1104335791443,0.0,6.244997998398398,0.0,2.6457513110645907,0.0,0.0,0.0,,,,,,,,,,,,,,,,,,,,,5.093772290932536,0.0,,,,,,,,,,,,,,,,,,,,,11.689183053091108,0.0,17.33993224470505,0.0,16.626431630520813,0.0,15.291974739879448,0.0,12.582962046726317,0.0,10.035327318708605,0.0,6.986942214043329,0.0,4.155466881470514,0.0,1.9718829878628876,0.0,0.0,0.0
Kekse,387.67843137254897,0.0,18.293762474748235,0.0,350.82600097728744,0.0,406.0,0.0,355.0,0.0,306.0,0.0,232.0,0.0,152.0,0.0,79.0,0.0,45.0,0.0,24.0,0.0,3.0,0.0,11.769831559539655,0.0,20.149441679609886,0.0,18.841443681416774,0.0,17.4928556845359,0.0,15.231546211727817,0.0,12.328828005937952,0.0,8.888194417315589,0.0,6.708203932499369,0.0,4.898979485566356,0.0,1.7320508075688772,0.0,,,,,,,,,,,,,,,,,,,,,5.090721708630535,0.0,,,,,,,,,,,,,,,,,,,,,11.7697101194581,0.0,18.147275364694234,0.0,17.123927925368754,0.0,15.696416959837176,0.0,13.148809760062267,0.0,10.329867289624856,0.0,7.08376377249443,0.0,5.060636701955635,0.0,4.050069914498853,0.0,1.0076972804339992,0.0
Kelle,346.49411764705883,0.0,17.417876510795704,0.0,373.3731712979835,0.0,361.0,0.0,322.0,0.0,281.0,0.0,213.0,0.0,152.0,0.0,100.0,0.0,68.0,0.0,35.0,0.0,10.0,0.0,12.598186918545565,0.0,19.0,0.0,17.944358444926362,0.0,16.76305461424021,0.0,14.594519519326424,0.0,12.328828005937952,0.0,10.0,0.0,8.246211251235321,0.0,5.916079783099616,0.0,3.1622776601683795,0.0,,,,,,,,,,,,,,,,,,,,,6.502761459054219,0.0,,,,,,,,,,,,,,,,,,,,,12.59819055652181,0.0,17.14003358452369,0.0,16.260926364161293,0.0,15.035202095752652,0.0,12.657669504699326,0.0,10.56852524009948,0.0,8.330614295856765,0.0,6.71214593810494,0.0,5.467393072081144,0.0,2.4288058989325174,0.0
Kepfe,397.27450980392155,0.0,18.527503584701385,0.0,365.73720117814446,0.0,408.0,0.0,364.0,0.0,322.0,0.0,240.0,0.0,166.0,0.0,96.0,0.0,66.0,0.0,37.0,0.0,21.0,0.0,12.402436444228126,0.0,20.199009876724155,0.0,19.078784028338912,0.0,17.944358444926362,0.0,15.491933384829668,0.0,12.884098726725126,0.0,9.797958971132712,0.0,8.12403840463596,0.0,6.082762530298219,0.0,4.58257569495584,0.0,,,,,,,,,,,,,,,,,,,,,4.274133343649612,0.0,,,,,,,,,,,,,,,,,,,,,12.402385063287335,0.0,18.342659854326065,0.0,17.34561242773696,0.0,16.174398027100985,0.0,13.499421972393739,0.0,11.000930063591664,0.0,8.136959225964318,0.0,6.617365656044315,0.0,5.156531105560754,0.0,3.8719424047975464,0.0
Kerbe,381.3921568627451,0.0,18.09903508827169,0.0,348.0052122900655,0.0,397.0,0.0,362.0,0.0,313.0,0.0,222.0,0.0,141.0,0.0,77.0,0.0,42.0,0.0,12.0,0.0,2.0,0.0,11.550723490983035,0.0,19.924858845171276,0.0,19.026297590440446,0.0,17.69180601295413,0.0,14.89966442575134,0.0,11.874342087037917,0.0,8.774964387392123,0.0,6.48074069840786,0.0,3.4641016151377544,0.0,1.4142135623730951,0.0,,,,,,,,,,,,,,,,,,,,,3.994504181594191,0.0,,,,,,,,,,,,,,,,,,,,,11.54996815914252,0.0,18.081376664581473,0.0,17.238197435869427,0.0,15.74304634800515,0.0,12.738658824635662,0.0,9.979760592651399,0.0,7.001481941629115,0.0,4.503468709633838,0.0,2.412711295143602,0.0,0.6618696519470317,0.0
Kereu,362.0745098039215,0.0,17.697028598683076,0.0,338.51034574920413,0.0,373.0,0.0,344.0,0.0,287.0,0.0,211.0,0.0,124.0,0.0,62.0,0.0,30.0,0.0,4.0,0.0,0.0,0.0,11.220283682849244,0.0,19.313207915827967,0.0,18.547236990991408,0.0,16.941074346097416,0.0,14.52583904633395,0.0,11.135528725660043,0.0,7.874007874011811,0.0,5.477225575051661,0.0,2.0,0.0,0.0,0.0,,,,,,,,,,,,,,,,,,,,,4.7689917964541255,0.0,,,,,,,,,,,,,,,,,,,,,11.22017620555803,0.0,17.332389618762562,0.0,16.64528208535241,0.0,14.990653024010744,0.0,12.176385569845243,0.0,9.022928307071693,0.0,5.938896323051231,0.0,3.645478132358134,0.0,0.9239012299838187,0.0,0.0,0.0
Kerle,341.5254901960784,0.0,17.249142086774036,0.0,357.1772294708878,0.0,350.0,0.0,314.0,0.0,272.0,0.0,205.0,0.0,139.0,0.0,84.0,0.0,55.0,0.0,19.0,0.0,5.0,0.0,11.988961967670715,0.0,18.708286933869708,0.0,17.72004514666935,0.0,16.492422502470642,0.0,14.317821063276353,0.0,11.789826122551595,0.0,9.16515138991168,0.0,7.416198487095663,0.0,4.358898943540674,0.0,2.23606797749979,0.0,,,,,,,,,,,,,,,,,,,,,6.771082018853702,0.0,,,,,,,,,,,,,,,,,,,,,11.98891229395051,0.0,16.8708348269099,0.0,15.977141988592962,0.0,14.645117506131339,0.0,12.289690823301568,0.0,9.90674829754004,0.0,7.367990786865442,0.0,5.695202311169407,0.0,3.9028887127011735,0.0,1.7074736544341382,0.0
Kerne,365.3686274509804,0.0,17.79568739362464,0.0,334.45078952412575,0.0,366.0,0.0,335.0,0.0,291.0,0.0,214.0,0.0,128.0,0.0,66.0,0.0,32.0,0.0,3.0,0.0,0.0,0.0,11.17581064731338,0.0,19.131126469708992,0.0,18.303005217723125,0.0,17.05872210923198,0.0,14.628738838327793,0.0,11.313708498984761,0.0,8.12403840463596,0.0,5.656854249492381,0.0,1.7320508075688772,0.0,0.0,0.0,,,,,,,,,,,,,,,,,,,,,4.338946749471848,0.0,,,,,,,,,,,,,,,,,,,,,11.175191190715967,0.0,17.30802966637432,0.0,16.582478614249514,0.0,15.152859419446804,0.0,12.482630286657761,0.0,9.270514669801047,0.0,6.103991969811772,0.0,3.700701076009853,0.0,0.7733533724525259,0.0,0.0,0.0
Kette,344.83921568627454,0.0,17.196605621627935,0.0,346.42061239751297,0.0,358.0,0.0,320.0,0.0,272.0,0.0,200.0,0.0,129.0,0.0,69.0,0.0,43.0,0.0,9.0,0.0,0.0,0.0,11.564266572115505,0.0,18.920887928424502,0.0,17.88854381999832,0.0,16.492422502470642,0.0,14.142135623730951,0.0,11.357816691600547,0.0,8.306623862918075,0.0,6.557438524302,0.0,3.0,0.0,0.0,0.0,,,,,,,,,,,,,,,,,,,,,6.423231647544153,0.0,,,,,,,,,,,,,,,,,,,,,11.564337499177055,0.0,16.76484250941067,0.0,15.880915388984118,0.0,14.714753457035025,0.0,12.040211025179131,0.0,9.455913616747388,0.0,6.527393646589477,0.0,4.702103327554558,0.0,1.6916289299572516,0.0,0.0,0.0
Keute,366.21568627450984,0.0,17.754006646908028,0.0,339.91099583437926,0.0,386.0,0.0,348.0,0.0,292.0,0.0,215.0,0.0,128.0,0.0,55.0,0.0,31.0,0.0,6.0,0.0,0.0,0.0,11.271198010391204,0.0,19.6468827043885,0.0,18.65475810617763,0.0,17.08800749063506,0.0,14.66287829861518,0.0,11.313708498984761,0.0,7.416198487095663,0.0,5.5677643628300215,0.0,2.449489742783178,0.0,0.0,0.0,,,,,,,,,,,,,,,,,,,,,5.594720886920439,0.0,,,,,,,,,,,,,,,,,,,,,11.271457743862394,0.0,17.595183897834744,0.0,16.698868387486222,0.0,15.245918623748775,0.0,12.429935687787001,0.0,9.16935768637828,0.0,5.626489222385382,0.0,3.867574550328382,0.0,1.3165265306930753,0.0,0.0,0.0
Kfckt,373.8627450980392,0.0,17.95020709185615,0.0,398.0949137854228,0.0,395.0,0.0,357.0,0.0,322.0,0.0,251.0,0.0,186.0,0.0,125.0,0.0,86.0,0.0,41.0,0.0,11.0,0.0,13.43408135396884,0.0,19.87460691435179,0.0,18.894443627691185,0.0,17.944358444926362,0.0,15.84297951775486,0.0,13.638181696985855,0.0,11.180339887498949,0.0,9.273618495495704,0.0,6.4031242374328485,0.0,3.3166247903554,0.0,,,,,,,,,,,,,,,,,,,,,4.666434175809703,0.0,,,,,,,,,,,,,,,,,,,,,13.433922718723284,0.0,17.776734497560497,0.0,17.11272751013983,0.0,15.98889799138875,0.0,13.716819453635592,0.0,11.728378748701642,0.0,9.285739119061464,0.0,7.355098918934145,0.0,5.354446545616955,0.0,2.607328634333208,0.0
Kfrls,332.2196078431373,0.0,16.967004639702186,0.0,388.90670818788686,0.0,344.0,0.0,312.0,0.0,269.0,0.0,214.0,0.0,160.0,0.0,118.0,0.0,85.0,0.0,35.0,0.0,14.0,0.0,13.163738845549723,0.0,18.547236990991408,0.0,17.663521732655695,0.0,16.401219466856727,0.0,14.628738838327793,0.0,12.649110640673518,0.0,10.862780491200215,0.0,9.219544457292887,0.0,5.916079783099616,0.0,3.7416573867739413,0.0,,,,,,,,,,,,,,,,,,,,,7.9450605310483,0.0,,,,,,,,,,,,,,,,,,,,,13.163676916065933,0.0,16.612617547973024,0.0,15.940514782646337,0.0,14.598678895435421,0.0,12.638570883208663,0.0,10.811539015291588,0.0,9.006744599062705,0.0,7.391983234005071,0.0,5.2058251339359645,0.0,3.046189611848752,0.0
Kgmmc,506.5019607843137,0.0,20.87693752850288,0.0,509.9381044941725,0.0,579.0,0.0,510.0,0.0,453.0,0.0,384.0,0.0,308.0,0.0,233.0,0.0,187.0,0.0,122.0,0.0,106.0,0.0,16.60846183444979,0.0,24.06241883103193,0.0,22.58317958127243,0.0,21.283796653792763,0.0,19.595917942265423,0.0,17.549928774784245,0.0,15.264337522473747,0.0,13.674794331177344,0.0,11.045361017187261,0.0,10.295630140987,0.0,,,,,,,,,,,,,,,,,,,,,5.1040973087921655,0.0,,,,,,,,,,,,,,,,,,,,,16.608534947408955,0.0,21.871541273925985,0.0,20.80357031169482,0.0,19.57498842146575,0.0,17.79816987030249,0.0,15.797317496673335,0.0,13.401639401909033,0.0,11.847903514686166,0.0,9.337478806018057,0.0,8.519429350900644,0.0
Khkns,432.92549019607844,0.0,19.41411275163258,0.0,373.4238973794109,0.0,454.0,0.0,415.0,0.0,366.0,0.0,280.0,0.0,181.0,0.0,107.0,0.0,62.0,0.0,38.0,0.0,15.0,0.0,12.668805853771795,0.0,21.307275752662516,0.0,20.37154878746336,0.0,19.131126469708992,0.0,16.73320053068151,0.0,13.45362404707371,0.0,10.344080432788601,0.0,7.874007874011811,0.0,6.164414002968976,0.0,3.872983346207417,0.0,,,,,,,,,,,,,,,,,,,,,6.027798180380244,0.0,,,,,,,,,,,,,,,,,,,,,12.669279692997737,0.0,19.456224137200675,0.0,18.810703718518297,0.0,17.33717487016847,0.0,14.693232783237764,0.0,11.577956878452373,0.0,8.516658712691491,0.0,6.353108801311226,0.0,5.473520696459566,0.0,3.1632257722695516,0.0
Khmhr,468.3529411764706,0.0,20.23479935555653,0.0,446.07210357087826,0.0,513.0,0.0,459.0,0.0,417.0,0.0,339.0,0.0,243.0,0.0,175.0,0.0,126.0,0.0,84.0,0.0,58.0,0.0,14.881903774242648,0.0,22.64950330581225,0.0,21.42428528562855,0.0,20.42057785666214,0.0,18.411952639521967,0.0,15.588457268119896,0.0,13.228756555322953,0.0,11.224972160321824,0.0,9.16515138991168,0.0,7.615773105863909,0.0,,,,,,,,,,,,,,,,,,,,,5.636428387462385,0.0,,,,,,,,,,,,,,,,,,,,,14.882138309034032,0.0,20.653317249334222,0.0,19.694802003593423,0.0,18.595964842817796,0.0,16.44779751250321,0.0,13.805955679532563,0.0,11.443144440606778,0.0,9.738845761136233,0.0,8.146667859992586,0.0,6.44308037577549,0.0
Kihni,371.74901960784314,0.0,18.010572314881422,0.0,386.40059312173094,0.0,393.0,0.0,353.0,0.0,318.0,0.0,254.0,0.0,173.0,0.0,106.0,0.0,69.0,0.0,34.0,0.0,5.0,0.0,13.120644132350655,0.0,19.82422760159901,0.0,18.788294228055936,0.0,17.832554500127006,0.0,15.937377450509228,0.0,13.152946437965905,0.0,10.295630140987,0.0,8.306623862918075,0.0,5.830951894845301,0.0,2.23606797749979,0.0,,,,,,,,,,,,,,,,,,,,,5.6251940404630645,0.0,,,,,,,,,,,,,,,,,,,,,13.121346781547905,0.0,17.871183549598143,0.0,17.114510901143817,0.0,15.919070333134645,0.0,13.838901701873523,0.0,11.126404700468479,0.0,8.315549425856188,0.0,6.377599458065306,0.0,4.842007019986448,0.0,1.3936760334269074,0.0
Kilos,331.5803921568628,0.0,16.895652796783267,0.0,373.0374708771013,0.0,348.0,0.0,308.0,0.0,265.0,0.0,205.0,0.0,140.0,0.0,103.0,0.0,67.0,0.0,25.0,0.0,5.0,0.0,12.591281502242573,0.0,18.65475810617763,0.0,17.549928774784245,0.0,16.278820596099706,0.0,14.317821063276353,0.0,11.832159566199232,0.0,10.14889156509222,0.0,8.18535277187245,0.0,5.0,0.0,2.23606797749979,0.0,,,,,,,,,,,,,,,,,,,,,5.361911350150379,0.0,,,,,,,,,,,,,,,,,,,,,12.591564956303387,0.0,16.566878161348086,0.0,15.700156955643829,0.0,14.407725074958716,0.0,12.236716870127204,0.0,9.949764180810009,0.0,8.185690135674207,0.0,6.264468298892774,0.0,4.366126478065207,0.0,1.728702033370433,0.0
Kimme,456.38039215686274,0.0,19.869722948302307,0.0,491.7078361180626,0.0,515.0,0.0,449.0,0.0,407.0,0.0,348.0,0.0,283.0,0.0,213.0,0.0,171.0,0.0,107.0,0.0,88.0,0.0,16.195748853799277,0.0,22.693611435820433,0.0,21.18962010041709,0.0,20.174241001832016,0.0,18.65475810617763,0.0,16.822603841260722,0.0,14.594519519326424,0.0,13.076696830622021,0.0,10.344080432788601,0.0,9.38083151964686,0.0,,,,,,,,,,,,,,,,,,,,,5.019789530638112,0.0,,,,,,,,,,,,,,,,,,,,,16.19541264673751,0.0,20.53360772622613,0.0,19.402865789611763,0.0,18.549162350908688,0.0,16.903034930320395,0.0,15.091880724566902,0.0,12.810132256012139,0.0,11.290452537148468,0.0,8.896430220886813,0.0,8.008574964728354,0.0
Kinos,355.42352941176466,0.0,17.453271054771992,0.0,350.48863808775525,0.0,366.0,0.0,327.0,0.0,282.0,0.0,217.0,0.0,138.0,0.0,78.0,0.0,44.0,0.0,9.0,0.0,0.0,0.0,11.831136405713623,0.0,19.131126469708992,0.0,18.083141320025124,0.0,16.792855623746664,0.0,14.730919862656235,0.0,11.74734012447073,0.0,8.831760866327848,0.0,6.6332495807108,0.0,3.0,0.0,0.0,0.0,,,,,,,,,,,,,,,,,,,,,4.442323580083984,0.0,,,,,,,,,,,,,,,,,,,,,11.83160823962477,0.0,17.13074699513884,0.0,16.269550300831092,0.0,14.878522102391496,0.0,12.592749012656267,0.0,9.700389153799776,0.0,6.662100110034698,0.0,4.551916551488002,0.0,2.096457807323392,0.0,0.0,0.0
Kinti,330.2549019607843,0.0,16.902489869340563,0.0,378.9839435980913,0.0,341.0,0.0,313.0,0.0,276.0,0.0,220.0,0.0,161.0,0.0,97.0,0.0,64.0,0.0,21.0,0.0,2.0,0.0,12.875055428327725,0.0,18.466185312619388,0.0,17.69180601295413,0.0,16.61324772583615,0.0,14.832396974191326,0.0,12.68857754044952,0.0,9.848857801796104,0.0,8.0,0.0,4.58257569495584,0.0,1.4142135623730951,0.0,,,,,,,,,,,,,,,,,,,,,8.266546434611785,0.0,,,,,,,,,,,,,,,,,,,,,12.874815124383204,0.0,16.461637925293623,0.0,15.895788815957081,0.0,14.812890724584364,0.0,12.795176980409465,0.0,10.704183216900745,0.0,7.791924148978216,0.0,5.896967806632475,0.0,3.235708801481584,0.0,0.9625466294888946,0.0
Kipft,367.1882352941176,0.0,17.805909451085007,0.0,400.8783695496643,0.0,383.0,0.0,344.0,0.0,310.0,0.0,244.0,0.0,188.0,0.0,128.0,0.0,93.0,0.0,46.0,0.0,21.0,0.0,13.622006500847034,0.0,19.570385790780925,0.0,18.547236990991408,0.0,17.60681686165901,0.0,15.620499351813308,0.0,13.711309200802088,0.0,11.313708498984761,0.0,9.643650760992955,0.0,6.782329983125268,0.0,4.58257569495584,0.0,,,,,,,,,,,,,,,,,,,,,5.3500863984474805,0.0,,,,,,,,,,,,,,,,,,,,,13.621541665728426,0.0,17.532946884621445,0.0,16.808616302801273,0.0,15.80933473657537,0.0,13.675221219913524,0.0,11.814584284961477,0.0,9.44815821189675,0.0,7.740701592292929,0.0,5.608113049260025,0.0,3.8719424047975464,0.0
Kippe,410.8666666666666,0.0,18.877906344271835,0.0,384.8492620399393,0.0,428.0,0.0,380.0,0.0,341.0,0.0,262.0,0.0,181.0,0.0,110.0,0.0,79.0,0.0,47.0,0.0,30.0,0.0,13.079062316710514,0.0,20.688160865577203,0.0,19.493588689617926,0.0,18.466185312619388,0.0,16.186414056238647,0.0,13.45362404707371,0.0,10.488088481701515,0.0,8.888194417315589,0.0,6.855654600401044,0.0,5.477225575051661,0.0,,,,,,,,,,,,,,,,,,,,,3.9414087812122602,0.0,,,,,,,,,,,,,,,,,,,,,13.079348292732524,0.0,18.773937889578196,0.0,17.75256010738388,0.0,16.604124922551808,0.0,14.189933674575748,0.0,11.566520420938604,0.0,8.823665184703977,0.0,7.246423391803811,0.0,5.8121516220492415,0.0,4.779374832884498,0.0
Kippi,391.2392156862745,0.0,18.435542290123976,0.0,405.7597560020839,0.0,407.0,0.0,369.0,0.0,333.0,0.0,262.0,0.0,191.0,0.0,129.0,0.0,95.0,0.0,56.0,0.0,32.0,0.0,13.786494100041237,0.0,20.174241001832016,0.0,19.209372712298546,0.0,18.24828759089466,0.0,16.186414056238647,0.0,13.820274961085254,0.0,11.357816691600547,0.0,9.746794344808963,0.0,7.483314773547883,0.0,5.656854249492381,0.0,,,,,,,,,,,,,,,,,,,,,5.174326024827974,0.0,,,,,,,,,,,,,,,,,,,,,13.786755617668922,0.0,18.21986909184417,0.0,17.43498917650321,0.0,16.309061084191622,0.0,14.160384848805725,0.0,11.926967194387398,0.0,9.519340198623729,0.0,7.864604422925538,0.0,6.223992582366616,0.0,4.874743002847118,0.0
Kirdi,344.5333333333333,0.0,17.295345650234683,0.0,395.98552453612524,0.0,363.0,0.0,332.0,0.0,292.0,0.0,237.0,0.0,165.0,0.0,124.0,0.0,84.0,0.0,34.0,0.0,11.0,0.0,13.337358572707997,0.0,19.05255888325765,0.0,18.2208671582886,0.0,17.08800749063506,0.0,15.394804318340652,0.0,12.84523257866513,0.0,11.135528725660043,0.0,9.16515138991168,0.0,5.830951894845301,0.0,3.3166247903554,0.0,,,,,,,,,,,,,,,,,,,,,5.541245855891923,0.0,,,,,,,,,,,,,,,,,,,,,13.337904294608196,0.0,17.044671465049078,0.0,16.36311331910784,0.0,15.105053659977314,0.0,13.321155146984445,0.0,10.828610418852865,0.0,9.006061661903988,0.0,7.058666391653582,0.0,4.73253725378102,0.0,2.657925164069712,0.0
Kiste,327.2156862745098,0.0,16.733831908277516,0.0,356.6397224179494,0.0,344.0,0.0,298.0,0.0,252.0,0.0,196.0,0.0,134.0,0.0,79.0,0.0,51.0,0.0,14.0,0.0,0.0,0.0,12.004315817314888,0.0,18.547236990991408,0.0,17.26267650163207,0.0,15.874507866387544,0.0,14.0,0.0,11.575836902790225,0.0,8.888194417315589,0.0,7.14142842854285,0.0,3.7416573867739413,0.0,0.0,0.0,,,,,,,,,,,,,,,,,,,,,5.548890160350343,0.0,,,,,,,,,,,,,,,,,,,,,12.004501607876849,0.0,16.404159492384796,0.0,15.398104696649634,0.0,14.057828346916661,0.0,11.936750691394673,0.0,9.57220485382009,0.0,6.956982025843222,0.0,5.1604229396557635,0.0,2.4732787534670932,0.0,0.0,0.0
Klaga,406.95294117647063,0.0,18.6970534514464,0.0,389.0477410350061,0.0,431.0,0.0,388.0,0.0,337.0,0.0,255.0,0.0,181.0,0.0,127.0,0.0,82.0,0.0,41.0,0.0,23.0,0.0,13.170314979781512,0.0,20.760539492026695,0.0,19.697715603592208,0.0,18.35755975068582,0.0,15.968719422671311,0.0,13.45362404707371,0.0,11.269427669584644,0.0,9.055385138137417,0.0,6.4031242374328485,0.0,4.795831523312719,0.0,,,,,,,,,,,,,,,,,,,,,4.288282097475942,0.0,,,,,,,,,,,,,,,,,,,,,13.170975797546244,0.0,18.773711097220243,0.0,18.002111235370236,0.0,16.5659357540753,0.0,13.921929980159225,0.0,11.616347775154578,0.0,9.286307985892241,0.0,7.080318151142035,0.0,5.1090213372763795,0.0,3.4290407951979125,0.0
Klage,402.26666666666665,0.0,18.631706428265385,0.0,385.3632596588128,0.0,430.0,0.0,385.0,0.0,332.0,0.0,249.0,0.0,173.0,0.0,115.0,0.0,79.0,0.0,41.0,0.0,23.0,0.0,12.991908809360694,0.0,20.73644135332772,0.0,19.621416870348583,0.0,18.2208671582886,0.0,15.7797338380595,0.0,13.152946437965905,0.0,10.723805294763608,0.0,8.888194417315589,0.0,6.4031242374328485,0.0,4.795831523312719,0.0,,,,,,,,,,,,,,,,,,,,,4.2387508092022905,0.0,,,,,,,,,,,,,,,,,,,,,12.99252597447582,0.0,18.717274211880813,0.0,17.868498970188377,0.0,16.41199493583974,0.0,13.746420018014023,0.0,11.320730472739577,0.0,8.89911350108706,0.0,7.012644490618233,0.0,5.1090213372763795,0.0,3.4290407951979125,0.0
Klaue,371.7294117647059,0.0,17.929686666960862,0.0,361.19353883367967,0.0,390.0,0.0,356.0,0.0,301.0,0.0,220.0,0.0,143.0,0.0,87.0,0.0,52.0,0.0,19.0,0.0,7.0,0.0,12.161276621378486,0.0,19.748417658131498,0.0,18.867962264113206,0.0,17.349351572897472,0.0,14.832396974191326,0.0,11.958260743101398,0.0,9.327379053088816,0.0,7.211102550927978,0.0,4.358898943540674,0.0,2.6457513110645907,0.0,,,,,,,,,,,,,,,,,,,,,3.3361687811215726,0.0,,,,,,,,,,,,,,,,,,,,,12.161716508653889,0.0,17.703350876809452,0.0,16.973514334862635,0.0,15.445689851711002,0.0,12.600083251608293,0.0,10.040138384309122,0.0,7.459007388671326,0.0,5.581814679707863,0.0,3.7378860041824606,0.0,2.2271431221184588,0.0
Kldbd,451.6235294117647,0.0,19.770602917349134,0.0,422.53324235380444,0.0,498.0,0.0,461.0,0.0,405.0,0.0,318.0,0.0,218.0,0.0,145.0,0.0,105.0,0.0,61.0,0.0,27.0,0.0,14.079419710252749,0.0,22.315913604421397,0.0,21.470910553583888,0.0,20.12461179749811,0.0,17.832554500127006,0.0,14.7648230602334,0.0,12.041594578792296,0.0,10.246950765959598,0.0,7.810249675906654,0.0,5.196152422706632,0.0,,,,,,,,,,,,,,,,,,,,,5.00451871105358,0.0,,,,,,,,,,,,,,,,,,,,,14.079548921020363,0.0,20.408149534475974,0.0,19.694847240331274,0.0,18.310229492469247,0.0,15.87991513638251,0.0,12.929440659022587,0.0,10.252922493403725,0.0,8.440365156728507,0.0,6.711803676424492,0.0,4.14151367355421,0.0
Klebe,386.3607843137255,0.0,18.259917594066497,0.0,372.74990645576673,0.0,411.0,0.0,377.0,0.0,323.0,0.0,238.0,0.0,162.0,0.0,95.0,0.0,59.0,0.0,29.0,0.0,9.0,0.0,12.486496537671329,0.0,20.273134932713294,0.0,19.4164878389476,0.0,17.97220075561143,0.0,15.427248620541512,0.0,12.727922061357855,0.0,9.746794344808963,0.0,7.681145747868608,0.0,5.385164807134504,0.0,3.0,0.0,,,,,,,,,,,,,,,,,,,,,3.37584193438154,0.0,,,,,,,,,,,,,,,,,,,,,12.486405845141569,0.0,18.3569272621936,0.0,17.637834985611597,0.0,16.08140531506884,0.0,13.355051036828423,0.0,10.89630081056258,0.0,8.14178516493557,0.0,5.954805494686098,0.0,4.401796309242815,0.0,2.323520649544872,0.0
Kleck,375.5411764705882,0.0,18.077205096430802,0.0,392.14913596445024,0.0,398.0,0.0,366.0,0.0,318.0,0.0,251.0,0.0,181.0,0.0,116.0,0.0,76.0,0.0,38.0,0.0,12.0,0.0,13.198420126685267,0.0,19.949937343260004,0.0,19.131126469708992,0.0,17.832554500127006,0.0,15.84297951775486,0.0,13.45362404707371,0.0,10.770329614269007,0.0,8.717797887081348,0.0,6.164414002968976,0.0,3.4641016151377544,0.0,,,,,,,,,,,,,,,,,,,,,4.512226742736212,0.0,,,,,,,,,,,,,,,,,,,,,13.1982913287639,0.0,18.027345134551744,0.0,17.412725636644215,0.0,15.95424184809473,0.0,13.815862028059167,0.0,11.532101912161833,0.0,9.004114136595534,0.0,7.010438702502984,0.0,5.383170191402115,0.0,2.6707677091228623,0.0
Kleid,369.1294117647059,0.0,17.929992442520728,0.0,398.7856886772329,0.0,389.0,0.0,363.0,0.0,311.0,0.0,254.0,0.0,181.0,0.0,121.0,0.0,83.0,0.0,42.0,0.0,16.0,0.0,13.436364733363913,0.0,19.72308292331602,0.0,19.05255888325765,0.0,17.635192088548397,0.0,15.937377450509228,0.0,13.45362404707371,0.0,11.0,0.0,9.1104335791443,0.0,6.48074069840786,0.0,4.0,0.0,,,,,,,,,,,,,,,,,,,,,5.267428080781176,0.0,,,,,,,,,,,,,,,,,,,,,13.436185815955994,0.0,17.806031062200965,0.0,17.348560499411747,0.0,15.886311596120322,0.0,14.011535491304695,0.0,11.617193040087047,0.0,9.175131780822797,0.0,7.356447933838258,0.0,5.528331936603934,0.0,3.2260022954724956,0.0
Kleus,358.5882352941177,0.0,17.610409001221733,0.0,362.3022823173044,0.0,379.0,0.0,348.0,0.0,285.0,0.0,215.0,0.0,139.0,0.0,84.0,0.0,48.0,0.0,20.0,0.0,7.0,0.0,12.159881540588513,0.0,19.467922333931785,0.0,18.65475810617763,0.0,16.881943016134134,0.0,14.66287829861518,0.0,11.789826122551595,0.0,9.16515138991168,0.0,6.928203230275509,0.0,4.47213595499958,0.0,2.6457513110645907,0.0,,,,,,,,,,,,,,,,,,,,,4.610259221337303,0.0,,,,,,,,,,,,,,,,,,,,,12.159748203526584,0.0,17.316803612765195,0.0,16.71974551002564,0.0,14.908700079874553,0.0,12.349417859442255,0.0,9.876826672963121,0.0,7.328884843581124,0.0,5.383449529490982,0.0,3.7719552627710877,0.0,2.2271431221184588,0.0
Klfpp,420.01176470588234,0.0,19.137747904289455,0.0,424.32580578975364,0.0,444.0,0.0,403.0,0.0,358.0,0.0,284.0,0.0,216.0,0.0,154.0,0.0,119.0,0.0,71.0,0.0,46.0,0.0,14.373159317913563,0.0,21.071307505705477,0.0,20.074859899884732,0.0,18.920887928424502,0.0,16.852299546352718,0.0,14.696938456699069,0.0,12.409673645990857,0.0,10.908712114635714,0.0,8.426149773176359,0.0,6.782329983125268,0.0,,,,,,,,,,,,,,,,,,,,,5.897907493951371,0.0,,,,,,,,,,,,,,,,,,,,,14.373142784789726,0.0,19.145192047672634,0.0,18.362665406369906,0.0,17.138988083159067,0.0,14.928747025599174,0.0,12.893447811509155,0.0,10.691909087974024,0.0,9.23597507920792,0.0,7.355882424827179,0.0,5.7145807594966795,0.0
Klgßb,475.1411764705883,0.0,20.198264873080607,0.0,462.1672292819093,0.0,536.0,0.0,497.0,0.0,436.0,0.0,350.0,0.0,259.0,0.0,193.0,0.0,136.0,0.0,85.0,0.0,41.0,0.0,15.231304615944206,0.0,23.15167380558045,0.0,22.293496809607955,0.0,20.8806130178211,0.0,18.708286933869708,0.0,16.09347693943108,0.0,13.892443989449804,0.0,11.661903789690601,0.0,9.219544457292887,0.0,6.4031242374328485,0.0,,,,,,,,,,,,,,,,,,,,,5.5530314332151685,0.0,,,,,,,,,,,,,,,,,,,,,15.231477881774126,0.0,21.174500256838524,0.0,20.5247421392383,0.0,19.14453134488246,0.0,16.77496326761757,0.0,14.226339634761475,0.0,11.93544423850985,0.0,9.315944270808258,0.0,7.15267892087209,0.0,4.420770164209457,0.0
Klima,396.3098039215686,0.0,18.527828130272407,0.0,449.27122509199125,0.0,430.0,0.0,384.0,0.0,346.0,0.0,290.0,0.0,231.0,0.0,178.0,0.0,130.0,0.0,72.0,0.0,51.0,0.0,15.048839254580686,0.0,20.73644135332772,0.0,19.595917942265423,0.0,18.601075237738275,0.0,17.029386365926403,0.0,15.198684153570664,0.0,13.341664064126334,0.0,11.40175425099138,0.0,8.48528137423857,0.0,7.14142842854285,0.0,,,,,,,,,,,,,,,,,,,,,4.956264710470795,0.0,,,,,,,,,,,,,,,,,,,,,15.048882764401013,0.0,18.744779767463164,0.0,17.885005134795453,0.0,16.97440601444712,0.0,15.198962582145143,0.0,13.47816409937559,0.0,11.454834248893393,0.0,9.581732019965354,0.0,7.392507818714327,0.0,6.083154216166065,0.0
Kljrl,321.6980392156863,0.0,16.83682412672758,0.0,427.303174834576,0.0,339.0,0.0,317.0,0.0,288.0,0.0,234.0,0.0,185.0,0.0,146.0,0.0,106.0,0.0,53.0,0.0,22.0,0.0,14.333411191409143,0.0,18.411952639521967,0.0,17.804493814764857,0.0,16.97056274847714,0.0,15.297058540778355,0.0,13.601470508735444,0.0,12.083045973594572,0.0,10.295630140987,0.0,7.280109889280518,0.0,4.69041575982343,0.0,,,,,,,,,,,,,,,,,,,,,8.639000821607414,0.0,,,,,,,,,,,,,,,,,,,,,14.333458251129937,0.0,16.531449315104336,0.0,16.064544900058188,0.0,15.123117469837347,0.0,13.321662968502965,0.0,11.79481155917511,0.0,10.207555978517034,0.0,8.322937375745637,0.0,6.294912563549459,0.0,3.677892221014747,0.0
Klntd,392.5098039215686,0.0,18.481077742523098,0.0,397.94571815783934,0.0,415.0,0.0,385.0,0.0,338.0,0.0,274.0,0.0,193.0,0.0,120.0,0.0,83.0,0.0,39.0,0.0,16.0,0.0,13.452136226484937,0.0,20.37154878746336,0.0,19.621416870348583,0.0,18.384776310850235,0.0,16.55294535724685,0.0,13.892443989449804,0.0,10.954451150103322,0.0,9.1104335791443,0.0,6.244997998398398,0.0,4.0,0.0,,,,,,,,,,,,,,,,,,,,,4.127509178535262,0.0,,,,,,,,,,,,,,,,,,,,,13.452227091031368,0.0,18.44339012408595,0.0,17.896037516771205,0.0,16.697310424025268,0.0,14.613883479145882,0.0,11.994125220305502,0.0,9.077389845214501,0.0,7.4040584549784185,0.0,5.300278785703771,0.0,3.2260022954724956,0.0
Klotz,348.48235294117643,0.0,17.376271455308856,0.0,386.2769705706865,0.0,371.0,0.0,344.0,0.0,295.0,0.0,226.0,0.0,164.0,0.0,109.0,0.0,72.0,0.0,26.0,0.0,8.0,0.0,12.970375200601891,0.0,19.261360284258224,0.0,18.547236990991408,0.0,17.175564037317667,0.0,15.033296378372908,0.0,12.806248474865697,0.0,10.44030650891055,0.0,8.48528137423857,0.0,5.0990195135927845,0.0,2.8284271247461903,0.0,,,,,,,,,,,,,,,,,,,,,5.546946554748647,0.0,,,,,,,,,,,,,,,,,,,,,12.970128785380927,0.0,17.1686968387123,0.0,16.58986887431916,0.0,15.314568781132998,0.0,12.947695295452794,0.0,10.899742011247977,0.0,8.456436016910772,0.0,6.5679724357258324,0.0,4.0952380595299465,0.0,2.280357197261983,0.0
Klqgd,459.9333333333333,0.0,19.976955966912477,0.0,435.88827902908315,0.0,512.0,0.0,466.0,0.0,406.0,0.0,327.0,0.0,225.0,0.0,157.0,0.0,119.0,0.0,73.0,0.0,43.0,0.0,14.495610465537597,0.0,22.627416997969522,0.0,21.587033144922902,0.0,20.149441679609886,0.0,18.083141320025124,0.0,15.0,0.0,12.529964086141668,0.0,10.908712114635714,0.0,8.54400374531753,0.0,6.557438524302,0.0,,,,,,,,,,,,,,,,,,,,,5.972427319375623,0.0,,,,,,,,,,,,,,,,,,,,,14.49612296458715,0.0,20.599203585899136,0.0,19.81704715150248,0.0,18.356470511438843,0.0,16.113600487189593,0.0,13.098552363788963,0.0,10.63924508767254,0.0,8.985350721119405,0.0,7.1088703928432295,0.0,4.870962019199569,0.0
Klumm,477.2941176470588,0.0,20.37644266326635,0.0,518.6570749406733,0.0,552.0,0.0,498.0,0.0,441.0,0.0,379.0,0.0,302.0,0.0,227.0,0.0,187.0,0.0,122.0,0.0,97.0,0.0,16.8717897357075,0.0,23.49468024894146,0.0,22.315913604421397,0.0,21.0,0.0,19.467922333931785,0.0,17.378147196982766,0.0,15.066519173319364,0.0,13.674794331177344,0.0,11.045361017187261,0.0,9.848857801796104,0.0,,,,,,,,,,,,,,,,,,,,,8.859931455621497,0.0,,,,,,,,,,,,,,,,,,,,,16.871506979099564,0.0,21.248732907623868,0.0,20.42705560435092,0.0,19.33291499874506,0.0,17.61695602204953,0.0,15.58200078587541,0.0,13.309184916493102,0.0,11.895033720115752,0.0,9.561541226909268,0.0,8.422362517051615,0.0
Klung,422.7098039215686,0.0,19.176604113573386,0.0,398.24078825527135,0.0,462.0,0.0,426.0,0.0,367.0,0.0,285.0,0.0,188.0,0.0,118.0,0.0,77.0,0.0,41.0,0.0,23.0,0.0,13.380546952829064,0.0,21.494185260204677,0.0,20.639767440550294,0.0,19.157244060668017,0.0,16.881943016134134,0.0,13.711309200802088,0.0,10.862780491200215,0.0,8.774964387392123,0.0,6.4031242374328485,0.0,4.795831523312719,0.0,,,,,,,,,,,,,,,,,,,,,5.980546888942584,0.0,,,,,,,,,,,,,,,,,,,,,13.38110459907312,0.0,19.52051254713877,0.0,18.895344670859654,0.0,17.259746386102336,0.0,14.721718073465945,0.0,11.66914832550707,0.0,8.971354724762097,0.0,6.8930998892731274,0.0,5.107262072784607,0.0,3.4314422058789167,0.0
Klöße,418.4156862745098,0.0,18.94810006209306,0.0,420.35060675516195,0.0,457.0,0.0,419.0,0.0,361.0,0.0,293.0,0.0,207.0,0.0,150.0,0.0,111.0,0.0,61.0,0.0,25.0,0.0,14.076496512981132,0.0,21.37755832643195,0.0,20.46948949045872,0.0,19.0,0.0,17.11724276862369,0.0,14.38749456993816,0.0,12.24744871391589,0.0,10.535653752852738,0.0,7.810249675906654,0.0,5.0,0.0,,,,,,,,,,,,,,,,,,,,,4.032118922945275,0.0,,,,,,,,,,,,,,,,,,,,,14.076990614771992,0.0,19.3419363608306,0.0,18.547894796396207,0.0,17.20990942142201,0.0,15.214553008949776,0.0,12.546859156142776,0.0,10.368502266438925,0.0,8.511165292383481,0.0,6.3753216086888775,0.0,3.7584580488165864,0.0
Kmgml,507.8313725490196,0.0,20.996814902814492,0.0,546.1508562064498,0.0,585.0,0.0,530.0,0.0,471.0,0.0,409.0,0.0,334.0,0.0,260.0,0.0,213.0,0.0,145.0,0.0,116.0,0.0,17.57760171831773,0.0,24.186773244895647,0.0,23.021728866442675,0.0,21.702534414210707,0.0,20.223748416156685,0.0,18.275666882497067,0.0,16.1245154965971,0.0,14.594519519326424,0.0,12.041594578792296,0.0,10.770329614269007,0.0,,,,,,,,,,,,,,,,,,,,,5.172228428393233,0.0,,,,,,,,,,,,,,,,,,,,,17.577453724072583,0.0,21.96648568863446,0.0,21.146434410478946,0.0,20.108107629346684,0.0,18.461181601355708,0.0,16.557749676297156,0.0,14.234619813294747,0.0,12.578013721676777,0.0,10.229881061873561,0.0,8.923378724470941,0.0
Knabe,414.89019607843136,0.0,18.841908102980675,0.0,344.01755580932604,0.0,430.0,0.0,398.0,0.0,347.0,0.0,238.0,0.0,150.0,0.0,77.0,0.0,38.0,0.0,13.0,0.0,2.0,0.0,11.48925909038558,0.0,20.73644135332772,0.0,19.949937343260004,0.0,18.627936010197157,0.0,15.427248620541512,0.0,12.24744871391589,0.0,8.774964387392123,0.0,6.164414002968976,0.0,3.605551275463989,0.0,1.4142135623730951,0.0,,,,,,,,,,,,,,,,,,,,,2.9631037199717922,0.0,,,,,,,,,,,,,,,,,,,,,11.489266456051018,0.0,18.977221330587447,0.0,18.27926551533259,0.0,16.81032083096734,0.0,13.289611968954587,0.0,10.325912686782269,0.0,6.85931580230289,0.0,4.224599598981341,0.0,2.470956253711572,0.0,0.6618696519470317,0.0
Knall,365.3921568627451,0.0,17.863176422333876,0.0,385.13567315401923,0.0,376.0,0.0,350.0,0.0,310.0,0.0,232.0,0.0,169.0,0.0,115.0,0.0,79.0,0.0,41.0,0.0,13.0,0.0,13.090388784345249,0.0,19.390719429665317,0.0,18.708286933869708,0.0,17.60681686165901,0.0,15.231546211727817,0.0,13.0,0.0,10.723805294763608,0.0,8.888194417315589,0.0,6.4031242374328485,0.0,3.605551275463989,0.0,,,,,,,,,,,,,,,,,,,,,8.34839856634018,0.0,,,,,,,,,,,,,,,,,,,,,13.090512801163568,0.0,17.651594009930182,0.0,17.180263017480303,0.0,15.915495723207153,0.0,13.275561690144784,0.0,11.171409587611134,0.0,8.796751990907222,0.0,7.1522517256863525,0.0,5.61292769752268,0.0,2.73516147471706,0.0
Knapf,416.17254901960786,0.0,18.946742169333987,0.0,376.5990688771717,0.0,422.0,0.0,392.0,0.0,348.0,0.0,256.0,0.0,176.0,0.0,113.0,0.0,78.0,0.0,43.0,0.0,25.0,0.0,12.846273202196805,0.0,20.54263858417414,0.0,19.79898987322333,0.0,18.65475810617763,0.0,16.0,0.0,13.2664991614216,0.0,10.63014581273465,0.0,8.831760866327848,0.0,6.557438524302,0.0,5.0,0.0,,,,,,,,,,,,,,,,,,,,,3.363696655469199,0.0,,,,,,,,,,,,,,,,,,,,,12.846682599013638,0.0,18.72771981293499,0.0,18.14122555876964,0.0,16.86421690893563,0.0,13.969756831093035,0.0,11.411489285303073,0.0,8.710872346768712,0.0,7.095788346607985,0.0,5.391716444968487,0.0,4.143091222663997,0.0
Knast,365.74117647058824,0.0,17.670254907519926,0.0,341.8713865334093,0.0,370.0,0.0,338.0,0.0,288.0,0.0,208.0,0.0,137.0,0.0,74.0,0.0,40.0,0.0,9.0,0.0,0.0,0.0,11.510907782690154,0.0,19.235384061671343,0.0,18.384776310850235,0.0,16.97056274847714,0.0,14.422205101855956,0.0,11.704699910719626,0.0,8.602325267042627,0.0,6.324555320336759,0.0,3.0,0.0,0.0,0.0,,,,,,,,,,,,,,,,,,,,,8.066740906564384,0.0,,,,,,,,,,,,,,,,,,,,,11.510847743119873,0.0,17.206358003116545,0.0,16.685739110205425,0.0,15.192593640785589,0.0,12.289888794135653,0.0,9.645626134919803,0.0,6.420663235373892,0.0,4.3096411901987475,0.0,1.6056883613489434,0.0,0.0,0.0
Knauf,394.721568627451,0.0,18.435873459620687,0.0,361.5715655228075,0.0,406.0,0.0,381.0,0.0,329.0,0.0,235.0,0.0,154.0,0.0,95.0,0.0,55.0,0.0,24.0,0.0,9.0,0.0,12.230840389117885,0.0,20.149441679609886,0.0,19.519221295943137,0.0,18.138357147217054,0.0,15.329709716755891,0.0,12.409673645990857,0.0,9.746794344808963,0.0,7.416198487095663,0.0,4.898979485566356,0.0,3.0,0.0,,,,,,,,,,,,,,,,,,,,,4.652480640505549,0.0,,,,,,,,,,,,,,,,,,,,,12.231061451247875,0.0,18.217033980329298,0.0,17.746835589973216,0.0,16.280845542398406,0.0,13.029033497838485,0.0,10.43167324002714,0.0,7.627544448846777,0.0,5.63076476476626,0.0,3.786813257020565,0.0,2.299470374815862,0.0
Knaut,385.1137254901961,0.0,18.191080280416294,0.0,346.91692759163334,0.0,397.0,0.0,372.0,0.0,318.0,0.0,224.0,0.0,141.0,0.0,77.0,0.0,37.0,0.0,7.0,0.0,0.0,0.0,11.632238691940255,0.0,19.924858845171276,0.0,19.28730152198591,0.0,17.832554500127006,0.0,14.966629547095765,0.0,11.874342087037917,0.0,8.774964387392123,0.0,6.082762530298219,0.0,2.6457513110645907,0.0,0.0,0.0,,,,,,,,,,,,,,,,,,,,,5.971028987165659,0.0,,,,,,,,,,,,,,,,,,,,,11.632219071213775,0.0,17.876580481250855,0.0,17.45625903619886,0.0,15.945926099163005,0.0,12.644984786593094,0.0,9.845812186777746,0.0,6.518356821281333,0.0,4.154528908614725,0.0,1.4094955417929151,0.0,0.0,0.0
Kniff,358.6392156862745,0.0,17.61875420703082,0.0,393.0833488565462,0.0,366.0,0.0,339.0,0.0,307.0,0.0,234.0,0.0,176.0,0.0,127.0,0.0,88.0,0.0,43.0,0.0,16.0,0.0,13.366375576805105,0.0,19.131126469708992,0.0,18.411952639521967,0.0,17.52141546793523,0.0,15.297058540778355,0.0,13.2664991614216,0.0,11.269427669584644,0.0,9.38083151964686,0.0,6.557438524302,0.0,4.0,0.0,,,,,,,,,,,,,,,,,,,,,7.005163866595539,0.0,,,,,,,,,,,,,,,,,,,,,13.366585365210986,0.0,17.377345776306317,0.0,16.809093639308216,0.0,15.83623980382184,0.0,13.244333042260998,0.0,11.394778362174232,0.0,9.266835172861287,0.0,7.473107431262679,0.0,5.371245222113933,0.0,3.0437927239655855,0.0
Knips,384.2549019607843,0.0,18.217342629267478,0.0,363.12106297565117,0.0,393.0,0.0,359.0,0.0,315.0,0.0,234.0,0.0,152.0,0.0,94.0,0.0,57.0,0.0,27.0,0.0,16.0,0.0,12.286404502543478,0.0,19.82422760159901,0.0,18.947295321496416,0.0,17.74823934929885,0.0,15.297058540778355,0.0,12.328828005937952,0.0,9.695359714832659,0.0,7.54983443527075,0.0,5.196152422706632,0.0,4.0,0.0,,,,,,,,,,,,,,,,,,,,,5.033001272385369,0.0,,,,,,,,,,,,,,,,,,,,,12.286577874056343,0.0,17.979278684048424,0.0,17.244610620155715,0.0,15.962993722249626,0.0,13.177455252288096,0.0,10.461527317455106,0.0,7.748020707230924,0.0,5.8561403829959096,0.0,4.348968526125556,0.0,3.4457276862812973,0.0
Knmst,416.18039215686275,0.0,18.91774623587959,0.0,414.4484575325375,0.0,447.0,0.0,401.0,0.0,354.0,0.0,281.0,0.0,210.0,0.0,143.0,0.0,103.0,0.0,58.0,0.0,44.0,0.0,13.958902504984241,0.0,21.142374511865974,0.0,20.024984394500787,0.0,18.81488772222678,0.0,16.76305461424021,0.0,14.491376746189438,0.0,11.958260743101398,0.0,10.14889156509222,0.0,7.615773105863909,0.0,6.6332495807108,0.0,,,,,,,,,,,,,,,,,,,,,6.7188374351513955,0.0,,,,,,,,,,,,,,,,,,,,,13.958848813102566,0.0,19.014856753577728,0.0,18.28752963712687,0.0,17.102410494127085,0.0,14.783705461146262,0.0,12.608455873574483,0.0,10.067969284631276,0.0,8.454547664935033,0.0,6.322640477573084,0.0,5.662553709140418,0.0
Knupf,422.4039215686274,0.0,19.13921036296834,0.0,381.8040902992061,0.0,441.0,0.0,411.0,0.0,363.0,0.0,272.0,0.0,177.0,0.0,105.0,0.0,73.0,0.0,43.0,0.0,25.0,0.0,12.92301454894065,0.0,21.0,0.0,20.273134932713294,0.0,19.05255888325765,0.0,16.492422502470642,0.0,13.30413469565007,0.0,10.246950765959598,0.0,8.54400374531753,0.0,6.557438524302,0.0,5.0,0.0,,,,,,,,,,,,,,,,,,,,,3.1371629034485906,0.0,,,,,,,,,,,,,,,,,,,,,12.923596285758444,0.0,19.164137245992777,0.0,18.53795971140912,0.0,17.206050162072422,0.0,14.326317242018039,0.0,11.273133811893304,0.0,8.43333197126906,0.0,6.915290303034691,0.0,5.391716444968487,0.0,4.143091222663997,0.0
Koaps,397.8941176470588,0.0,18.416244521718784,0.0,343.7000059393156,0.0,407.0,0.0,367.0,0.0,307.0,0.0,220.0,0.0,138.0,0.0,80.0,0.0,48.0,0.0,21.0,0.0,16.0,0.0,11.582461349356596,0.0,20.174241001832016,0.0,19.157244060668017,0.0,17.52141546793523,0.0,14.832396974191326,0.0,11.74734012447073,0.0,8.94427190999916,0.0,6.928203230275509,0.0,4.58257569495584,0.0,4.0,0.0,,,,,,,,,,,,,,,,,,,,,3.628591275923186,0.0,,,,,,,,,,,,,,,,,,,,,11.582752899151975,0.0,18.143992655487565,0.0,17.325730316084513,0.0,15.649027645581285,0.0,12.813389880569009,0.0,9.958817955245035,0.0,7.052915189171675,0.0,5.346152311021107,0.0,3.8842390946207157,0.0,3.4457276862812973,0.0
Kobra,389.6156862745098,0.0,18.21062214584855,0.0,353.8843655595233,0.0,404.0,0.0,374.0,0.0,325.0,0.0,230.0,0.0,151.0,0.0,90.0,0.0,44.0,0.0,11.0,0.0,2.0,0.0,11.808739496439088,0.0,20.09975124224178,0.0,19.339079605813716,0.0,18.027756377319946,0.0,15.165750888103101,0.0,12.288205727444508,0.0,9.486832980505138,0.0,6.6332495807108,0.0,3.3166247903554,0.0,1.4142135623730951,0.0,,,,,,,,,,,,,,,,,,,,,5.207054333600917,0.0,,,,,,,,,,,,,,,,,,,,,11.808602521640406,0.0,18.306326615376424,0.0,17.587937153772867,0.0,16.12508948621856,0.0,13.036230443221475,0.0,10.33382833264599,0.0,7.476851435008007,0.0,4.645896123962766,0.0,2.402864673108962,0.0,0.668680288732816,0.0
Kobro,388.4666666666667,0.0,18.187902574978057,0.0,358.08923471908315,0.0,409.0,0.0,380.0,0.0,329.0,0.0,232.0,0.0,151.0,0.0,86.0,0.0,49.0,0.0,12.0,0.0,2.0,0.0,11.87849443573518,0.0,20.223748416156685,0.0,19.493588689617926,0.0,18.138357147217054,0.0,15.231546211727817,0.0,12.288205727444508,0.0,9.273618495495704,0.0,7.0,0.0,3.4641016151377544,0.0,1.4142135623730951,0.0,,,,,,,,,,,,,,,,,,,,,5.411108442383254,0.0,,,,,,,,,,,,,,,,,,,,,11.878537682075905,0.0,18.36369175408518,0.0,17.647723110665456,0.0,16.200377146905385,0.0,13.105433529802708,0.0,10.338971677057648,0.0,7.290002908702526,0.0,4.956920895458099,0.0,2.4224684960397367,0.0,0.668680288732816,0.0
Kodex,403.6627450980392,0.0,18.62171552568585,0.0,358.970445151762,0.0,426.0,0.0,390.0,0.0,330.0,0.0,251.0,0.0,157.0,0.0,83.0,0.0,50.0,0.0,22.0,0.0,9.0,0.0,11.989805829554072,0.0,20.639767440550294,0.0,19.748417658131498,0.0,18.16590212458495,0.0,15.84297951775486,0.0,12.529964086141668,0.0,9.1104335791443,0.0,7.0710678118654755,0.0,4.69041575982343,0.0,3.0,0.0,,,,,,,,,,,,,,,,,,,,,3.845728948359479,0.0,,,,,,,,,,,,,,,,,,,,,11.98994049283649,0.0,18.563612904154837,0.0,17.885044840969975,0.0,16.26255956462496,0.0,13.724279284971102,0.0,10.487193504919164,0.0,7.114232456136955,0.0,5.36453208706453,0.0,3.798628345058606,0.0,2.5150661115962025,0.0
Kofor,357.38039215686274,0.0,17.48982765812623,0.0,360.9895654310181,0.0,367.0,0.0,334.0,0.0,292.0,0.0,216.0,0.0,140.0,0.0,96.0,0.0,58.0,0.0,16.0,0.0,7.0,0.0,12.107572020019617,0.0,19.157244060668017,0.0,18.275666882497067,0.0,17.08800749063506,0.0,14.696938456699069,0.0,11.832159566199232,0.0,9.797958971132712,0.0,7.615773105863909,0.0,4.0,0.0,2.6457513110645907,0.0,,,,,,,,,,,,,,,,,,,,,7.247437088469192,0.0,,,,,,,,,,,,,,,,,,,,,12.107679242657127,0.0,17.123174772362535,0.0,16.36658059604233,0.0,15.187096639919195,0.0,12.552144784752766,0.0,9.89732785697171,0.0,7.660769052557532,0.0,5.715621751261116,0.0,3.3416081663908512,0.0,1.983529229327966,0.0
Kofra,358.52941176470586,0.0,17.513452839829544,0.0,358.70145081301064,0.0,363.0,0.0,329.0,0.0,288.0,0.0,213.0,0.0,150.0,0.0,99.0,0.0,57.0,0.0,16.0,0.0,7.0,0.0,12.120726607468937,0.0,19.05255888325765,0.0,18.138357147217054,0.0,16.97056274847714,0.0,14.594519519326424,0.0,12.24744871391589,0.0,9.9498743710662,0.0,7.54983443527075,0.0,4.0,0.0,2.6457513110645907,0.0,,,,,,,,,,,,,,,,,,,,,6.063340720608198,0.0,,,,,,,,,,,,,,,,,,,,,12.120939482842402,0.0,17.173802329875002,0.0,16.390241096038338,0.0,15.168000824167198,0.0,12.541521375285047,0.0,10.340950843973996,0.0,7.85041762804173,0.0,5.749941563001819,0.0,3.3416081663908512,0.0,1.983529229327966,0.0
Kohle,390.69803921568626,0.0,18.43506846548669,0.0,366.9063939440563,0.0,420.0,0.0,366.0,0.0,319.0,0.0,242.0,0.0,161.0,0.0,89.0,0.0,60.0,0.0,34.0,0.0,8.0,0.0,12.32910277219509,0.0,20.493901531919196,0.0,19.131126469708992,0.0,17.86057109949175,0.0,15.556349186104045,0.0,12.68857754044952,0.0,9.433981132056603,0.0,7.745966692414834,0.0,5.830951894845301,0.0,2.8284271247461903,0.0,,,,,,,,,,,,,,,,,,,,,5.375830030713174,0.0,,,,,,,,,,,,,,,,,,,,,12.32917303697586,0.0,18.56718648565267,0.0,17.443676451189344,0.0,16.10203157283012,0.0,13.6379526737351,0.0,10.857239363217388,0.0,7.795055465173668,0.0,6.349373347197191,0.0,5.399058930649784,0.0,1.9828449173928526,0.0
Kokon,417.4196078431372,0.0,18.975395550389276,0.0,362.1407291320762,0.0,438.0,0.0,398.0,0.0,351.0,0.0,263.0,0.0,172.0,0.0,97.0,0.0,52.0,0.0,21.0,0.0,3.0,0.0,12.168631638658873,0.0,20.92844953645635,0.0,19.949937343260004,0.0,18.734993995195193,0.0,16.217274740226856,0.0,13.114877048604,0.0,9.848857801796104,0.0,7.211102550927978,0.0,4.58257569495584,0.0,1.7320508075688772,0.0,,,,,,,,,,,,,,,,,,,,,2.4781963847788875,0.0,,,,,,,,,,,,,,,,,,,,,12.168687049151966,0.0,19.019496498596883,0.0,18.219238356612458,0.0,16.930906415762905,0.0,14.163145329336007,0.0,11.07882150763737,0.0,7.74610566789114,0.0,5.332701967842564,0.0,3.9467180551312633,0.0,1.0076972804339992,0.0
Kombi,435.02745098039213,0.0,19.300145718613315,0.0,432.60769168468653,0.0,479.0,0.0,437.0,0.0,384.0,0.0,295.0,0.0,222.0,0.0,161.0,0.0,115.0,0.0,69.0,0.0,48.0,0.0,14.426556023535317,0.0,21.88606862823929,0.0,20.904544960366874,0.0,19.595917942265423,0.0,17.175564037317667,0.0,14.89966442575134,0.0,12.68857754044952,0.0,10.723805294763608,0.0,8.306623862918075,0.0,6.928203230275509,0.0,,,,,,,,,,,,,,,,,,,,,5.334343979776635,0.0,,,,,,,,,,,,,,,,,,,,,14.42651737319614,0.0,19.80282424719668,0.0,19.02690525735973,0.0,17.72277918105974,0.0,15.22447806423706,0.0,13.19344468466111,0.0,10.857547028798713,0.0,8.891304147419675,0.0,6.922424082973982,0.0,5.781899157797266,0.0
Komet,413.96078431372547,0.0,18.844893105436412,0.0,405.68253031076057,0.0,447.0,0.0,400.0,0.0,344.0,0.0,271.0,0.0,194.0,0.0,134.0,0.0,97.0,0.0,55.0,0.0,44.0,0.0,13.631607259958791,0.0,21.142374511865974,0.0,20.0,0.0,18.547236990991408,0.0,16.46207763315433,0.0,13.92838827718412,0.0,11.575836902790225,0.0,9.848857801796104,0.0,7.416198487095663,0.0,6.6332495807108,0.0,,,,,,,,,,,,,,,,,,,,,5.5993948313560304,0.0,,,,,,,,,,,,,,,,,,,,,13.631677220609758,0.0,18.873927210315227,0.0,18.095496040481265,0.0,16.752773590502482,0.0,14.545555297556072,0.0,12.229109983813508,0.0,9.828425620623399,0.0,8.273886282758493,0.0,6.253661932189973,0.0,5.662553709140418,0.0
Komma,484.2313725490196,0.0,20.380473651679942,0.0,474.0821723319638,0.0,538.0,0.0,475.0,0.0,424.0,0.0,351.0,0.0,278.0,0.0,209.0,0.0,158.0,0.0,100.0,0.0,88.0,0.0,15.716053539589321,0.0,23.194827009486403,0.0,21.79449471770337,0.0,20.591260281974,0.0,18.734993995195193,0.0,16.673332000533065,0.0,14.45683229480096,0.0,12.569805089976535,0.0,10.0,0.0,9.38083151964686,0.0,,,,,,,,,,,,,,,,,,,,,4.161995472288162,0.0,,,,,,,,,,,,,,,,,,,,,15.716070524922738,0.0,21.065204845360324,0.0,20.016780138266938,0.0,18.95866339342752,0.0,16.962805400151964,0.0,14.96533238025599,0.0,12.572564290996741,0.0,10.889733083737967,0.0,8.667080010944984,0.0,8.008574964728354,0.0
Konak,418.5686274509804,0.0,18.99717334646682,0.0,358.74735956891266,0.0,437.0,0.0,399.0,0.0,345.0,0.0,259.0,0.0,176.0,0.0,99.0,0.0,51.0,0.0,20.0,0.0,5.0,0.0,12.138323657945971,0.0,20.904544960366874,0.0,19.974984355438178,0.0,18.57417562100671,0.0,16.09347693943108,0.0,13.2664991614216,0.0,9.9498743710662,0.0,7.14142842854285,0.0,4.47213595499958,0.0,2.23606797749979,0.0,,,,,,,,,,,,,,,,,,,,,2.768976711141907,0.0,,,,,,,,,,,,,,,,,,,,,12.138075581820928,0.0,19.057492786536603,0.0,18.32388459841081,0.0,16.72280217676878,0.0,14.048630227268962,0.0,11.260415257967717,0.0,7.903362345347871,0.0,5.335946638049683,0.0,3.888429650448886,0.0,1.4706755745363886,0.0
Kongo,428.4980392156863,0.0,19.15931828443233,0.0,362.30487671868894,0.0,456.0,0.0,412.0,0.0,356.0,0.0,262.0,0.0,170.0,0.0,92.0,0.0,55.0,0.0,25.0,0.0,16.0,0.0,12.134632193024077,0.0,21.354156504062622,0.0,20.29778313018444,0.0,18.867962264113206,0.0,16.186414056238647,0.0,13.038404810405298,0.0,9.591663046625438,0.0,7.416198487095663,0.0,5.0,0.0,4.0,0.0,,,,,,,,,,,,,,,,,,,,,3.130606394204878,0.0,,,,,,,,,,,,,,,,,,,,,12.134989138314152,0.0,19.3676053284846,0.0,18.517006077924222,0.0,17.00631799104966,0.0,14.087335209587069,0.0,11.095811761534014,0.0,7.479429349897092,0.0,5.400834718401975,0.0,3.548262615534176,0.0,2.609431180892979,0.0
Kopie,382.035294117647,0.0,18.141677044372564,0.0,357.77656156776334,0.0,394.0,0.0,355.0,0.0,307.0,0.0,227.0,0.0,152.0,0.0,86.0,0.0,53.0,0.0,26.0,0.0,14.0,0.0,12.06166456526431,0.0,19.849433241279208,0.0,18.841443681416774,0.0,17.52141546793523,0.0,15.066519173319364,0.0,12.328828005937952,0.0,9.273618495495704,0.0,7.280109889280518,0.0,5.0990195135927845,0.0,3.7416573867739413,0.0,,,,,,,,,,,,,,,,,,,,,6.316109419715709,0.0,,,,,,,,,,,,,,,,,,,,,12.061493966276455,0.0,17.964625371942578,0.0,17.066684297842,0.0,15.724203397067155,0.0,13.09816832185166,0.0,10.452062180777412,0.0,7.479329392272307,0.0,5.6173422177610695,0.0,4.3055713703671845,0.0,3.316643297496372,0.0
Koreh,385.7294117647059,0.0,18.275727890061518,0.0,352.5275638274029,0.0,405.0,0.0,365.0,0.0,311.0,0.0,232.0,0.0,145.0,0.0,84.0,0.0,45.0,0.0,19.0,0.0,5.0,0.0,11.782143827840104,0.0,20.12461179749811,0.0,19.1049731745428,0.0,17.635192088548397,0.0,15.231546211727817,0.0,12.041594578792296,0.0,9.16515138991168,0.0,6.708203932499369,0.0,4.358898943540674,0.0,2.23606797749979,0.0,,,,,,,,,,,,,,,,,,,,,5.025562990518636,0.0,,,,,,,,,,,,,,,,,,,,,11.782191812365427,0.0,18.149297211197396,0.0,17.309099940568,0.0,15.737667935157525,0.0,13.149938390631727,0.0,10.063222297655319,0.0,7.295370797952762,0.0,5.178865106499502,0.0,3.8471125559229353,0.0,1.4706755745363886,0.0
Kpdnp,477.33725490196076,0.0,20.368575732114003,0.0,397.79644855877086,0.0,507.0,0.0,467.0,0.0,410.0,0.0,320.0,0.0,216.0,0.0,127.0,0.0,91.0,0.0,57.0,0.0,41.0,0.0,13.480459094310365,0.0,22.516660498395403,0.0,21.61018278497431,0.0,20.248456731316587,0.0,17.88854381999832,0.0,14.696938456699069,0.0,11.269427669584644,0.0,9.539392014169456,0.0,7.54983443527075,0.0,6.4031242374328485,0.0,,,,,,,,,,,,,,,,,,,,,2.4050354466138777,0.0,,,,,,,,,,,,,,,,,,,,,13.480856053291062,0.0,20.6314335186556,0.0,19.948028618838933,0.0,18.43884129872019,0.0,15.975925466384215,0.0,12.729636591959133,0.0,9.476426158813279,0.0,7.997439218785353,0.0,6.562415905748172,0.0,5.483562376483976,0.0
Krach,375.9176470588235,0.0,17.99797801450303,0.0,367.1093495638647,0.0,387.0,0.0,354.0,0.0,310.0,0.0,236.0,0.0,160.0,0.0,98.0,0.0,56.0,0.0,26.0,0.0,5.0,0.0,12.38825350156675,0.0,19.672315572906,0.0,18.81488772222678,0.0,17.60681686165901,0.0,15.362291495737216,0.0,12.649110640673518,0.0,9.899494936611665,0.0,7.483314773547883,0.0,5.0990195135927845,0.0,2.23606797749979,0.0,,,,,,,,,,,,,,,,,,,,,4.442469112007376,0.0,,,,,,,,,,,,,,,,,,,,,12.388283971830948,0.0,17.795756874101993,0.0,17.111748350049886,0.0,15.739987805716282,0.0,13.276830433484017,0.0,10.58972960444729,0.0,7.890238697809296,0.0,5.772435028939708,0.0,4.213571299698705,0.0,1.4706755745363886,0.0
Kraft,344.5333333333333,0.0,17.187111933335295,0.0,376.19967792706973,0.0,347.0,0.0,322.0,0.0,281.0,0.0,215.0,0.0,160.0,0.0,109.0,0.0,74.0,0.0,28.0,0.0,7.0,0.0,12.777088999643128,0.0,18.627936010197157,0.0,17.944358444926362,0.0,16.76305461424021,0.0,14.66287829861518,0.0,12.649110640673518,0.0,10.44030650891055,0.0,8.602325267042627,0.0,5.291502622129181,0.0,2.6457513110645907,0.0,,,,,,,,,,,,,,,,,,,,,5.960080109227765,0.0,,,,,,,,,,,,,,,,,,,,,12.776961421717902,0.0,16.61238059878215,0.0,16.17985230480824,0.0,14.946106217221386,0.0,12.65988081733428,0.0,10.720659918430217,0.0,8.390679997806439,0.0,6.598745219968138,0.0,3.9918470159575246,0.0,1.9949946886188294,0.0
Krahz,386.156862745098,0.0,18.31935589646538,0.0,373.23868573727066,0.0,403.0,0.0,368.0,0.0,322.0,0.0,244.0,0.0,164.0,0.0,108.0,0.0,59.0,0.0,30.0,0.0,3.0,0.0,12.580044190029245,0.0,20.074859899884732,0.0,19.183326093250876,0.0,17.944358444926362,0.0,15.620499351813308,0.0,12.806248474865697,0.0,10.392304845413264,0.0,7.681145747868608,0.0,5.477225575051661,0.0,1.7320508075688772,0.0,,,,,,,,,,,,,,,,,,,,,3.598342315344005,0.0,,,,,,,,,,,,,,,,,,,,,12.580468364269596,0.0,18.12367260872852,0.0,17.426410746323498,0.0,15.993781978104817,0.0,13.491325966857303,0.0,10.823377199965627,0.0,8.242393788735665,0.0,5.873031533832113,0.0,4.390006688090017,0.0,0.8230271867203799,0.0
Krant,359.5960784313726,0.0,17.590166680849098,0.0,356.826183476281,0.0,358.0,0.0,338.0,0.0,294.0,0.0,222.0,0.0,147.0,0.0,90.0,0.0,50.0,0.0,13.0,0.0,0.0,0.0,12.098079993599587,0.0,18.920887928424502,0.0,18.384776310850235,0.0,17.146428199482248,0.0,14.89966442575134,0.0,12.12435565298214,0.0,9.486832980505138,0.0,7.0710678118654755,0.0,3.605551275463989,0.0,0.0,0.0,,,,,,,,,,,,,,,,,,,,,4.343074393594502,0.0,,,,,,,,,,,,,,,,,,,,,12.09824329324773,0.0,16.946536082731516,0.0,16.664193587319833,0.0,15.245320769854574,0.0,12.792484711895339,0.0,10.117930537760843,0.0,7.291847895701343,0.0,4.93284876328448,0.0,2.168270427724132,0.0,0.0,0.0
Krdnt,387.5411764705882,0.0,18.322137296439333,0.0,379.0568854224869,0.0,402.0,0.0,376.0,0.0,331.0,0.0,261.0,0.0,171.0,0.0,104.0,0.0,68.0,0.0,29.0,0.0,9.0,0.0,12.792563479046352,0.0,20.049937655763422,0.0,19.390719429665317,0.0,18.193405398660254,0.0,16.15549442140351,0.0,13.076696830622021,0.0,10.198039027185569,0.0,8.246211251235321,0.0,5.385164807134504,0.0,3.0,0.0,,,,,,,,,,,,,,,,,,,,,4.408025733681675,0.0,,,,,,,,,,,,,,,,,,,,,12.79254423523209,0.0,18.096007922895954,0.0,17.643101831451595,0.0,16.30950392340567,0.0,14.105260634384901,0.0,11.053443378700994,0.0,8.123537405333312,0.0,6.3115404408553735,0.0,4.210551377451422,0.0,2.5150661115962025,0.0
Krech,371.2313725490196,0.0,17.93008335935325,0.0,367.49663348748527,0.0,385.0,0.0,353.0,0.0,306.0,0.0,238.0,0.0,160.0,0.0,92.0,0.0,51.0,0.0,27.0,0.0,5.0,0.0,12.343317448567195,0.0,19.621416870348583,0.0,18.788294228055936,0.0,17.4928556845359,0.0,15.427248620541512,0.0,12.649110640673518,0.0,9.591663046625438,0.0,7.14142842854285,0.0,5.196152422706632,0.0,2.23606797749979,0.0,,,,,,,,,,,,,,,,,,,,,4.702814579403947,0.0,,,,,,,,,,,,,,,,,,,,,12.342968930405382,0.0,17.703428156972222,0.0,17.07106343064481,0.0,15.591173646878064,0.0,13.333405916064166,0.0,10.573851299067513,0.0,7.685149220606492,0.0,5.549781993135823,0.0,4.24368877528958,0.0,1.4706755745363886,0.0
Krenk,395.7450980392157,0.0,18.577112995800682,0.0,376.5899493268318,0.0,409.0,0.0,385.0,0.0,337.0,0.0,264.0,0.0,179.0,0.0,107.0,0.0,60.0,0.0,29.0,0.0,5.0,0.0,12.723554899159007,0.0,20.223748416156685,0.0,19.621416870348583,0.0,18.35755975068582,0.0,16.24807680927192,0.0,13.379088160259652,0.0,10.344080432788601,0.0,7.745966692414834,0.0,5.385164807134504,0.0,2.23606797749979,0.0,,,,,,,,,,,,,,,,,,,,,5.131864697092089,0.0,,,,,,,,,,,,,,,,,,,,,12.723687465635315,0.0,18.404824409586173,0.0,17.991967156549197,0.0,16.462664108174728,0.0,14.147725805567482,0.0,11.33521478791374,0.0,8.365645969587009,0.0,5.860060810474102,0.0,4.310566887855933,0.0,1.4706755745363886,0.0
Krenz,364.64705882352945,0.0,17.817297816992994,0.0,357.9364549840308,0.0,369.0,0.0,351.0,0.0,303.0,0.0,230.0,0.0,151.0,0.0,87.0,0.0,41.0,0.0,15.0,0.0,1.0,0.0,12.045260373876681,0.0,19.209372712298546,0.0,18.734993995195193,0.0,17.406895185529212,0.0,15.165750888103101,0.0,12.288205727444508,0.0,9.327379053088816,0.0,6.4031242374328485,0.0,3.872983346207417,0.0,1.0,0.0,,,,,,,,,,,,,,,,,,,,,3.370968550636578,0.0,,,,,,,,,,,,,,,,,,,,,12.045169903127212,0.0,17.34024609479712,0.0,17.006005161141893,0.0,15.44869786047227,0.0,12.960173417851072,0.0,10.205134737231802,0.0,7.15031307914769,0.0,4.341628687378521,0.0,2.34620407983512,0.0,0.4897494419998338,0.0
Kreta,345.3843137254902,0.0,17.208795351422356,0.0,355.7323314786461,0.0,349.0,0.0,322.0,0.0,274.0,0.0,212.0,0.0,145.0,0.0,85.0,0.0,47.0,0.0,14.0,0.0,0.0,0.0,11.98454454562453,0.0,18.681541692269406,0.0,17.944358444926362,0.0,16.55294535724685,0.0,14.560219778561036,0.0,12.041594578792296,0.0,9.219544457292887,0.0,6.855654600401044,0.0,3.7416573867739413,0.0,0.0,0.0,,,,,,,,,,,,,,,,,,,,,5.0989921855875595,0.0,,,,,,,,,,,,,,,,,,,,,11.984418593013807,0.0,16.68733247904025,0.0,16.150384437122483,0.0,14.742025100228775,0.0,12.465099686489001,0.0,10.043421617567896,0.0,7.182000725410384,0.0,4.882200809961558,0.0,2.232913939621408,0.0,0.0,0.0
Kreuz,361.3529411764706,0.0,17.718759350203364,0.0,360.3217940515039,0.0,377.0,0.0,356.0,0.0,299.0,0.0,222.0,0.0,145.0,0.0,84.0,0.0,39.0,0.0,15.0,0.0,1.0,0.0,12.020044971149622,0.0,19.4164878389476,0.0,18.867962264113206,0.0,17.291616465790582,0.0,14.89966442575134,0.0,12.041594578792296,0.0,9.16515138991168,0.0,6.244997998398398,0.0,3.872983346207417,0.0,1.0,0.0,,,,,,,,,,,,,,,,,,,,,3.483113937083021,0.0,,,,,,,,,,,,,,,,,,,,,12.019709683918549,0.0,17.370537876936375,0.0,16.926073595020753,0.0,15.235223305635369,0.0,12.478441304298297,0.0,9.952060153159593,0.0,6.998543986002243,0.0,4.294890456426734,0.0,2.34620407983512,0.0,0.4897494419998338,0.0
Krgtc,371.1921568627451,0.0,17.839221289746057,0.0,388.4182868851791,0.0,393.0,0.0,361.0,0.0,313.0,0.0,246.0,0.0,169.0,0.0,110.0,0.0,72.0,0.0,35.0,0.0,16.0,0.0,13.002245615965311,0.0,19.82422760159901,0.0,19.0,0.0,17.69180601295413,0.0,15.684387141358123,0.0,13.0,0.0,10.488088481701515,0.0,8.48528137423857,0.0,5.916079783099616,0.0,4.0,0.0,,,,,,,,,,,,,,,,,,,,,6.219602944343865,0.0,,,,,,,,,,,,,,,,,,,,,13.002253655190877,0.0,17.778239572185527,0.0,17.184979197025076,0.0,15.884476781135653,0.0,13.600522554956138,0.0,11.04333124316661,0.0,8.458271779685138,0.0,6.353493526374222,0.0,4.104685936364791,0.0,2.6099998410952274,0.0
Krimi,367.0274509803922,0.0,17.846160485100903,0.0,450.44676590724345,0.0,394.0,0.0,361.0,0.0,325.0,0.0,276.0,0.0,221.0,0.0,171.0,0.0,128.0,0.0,72.0,0.0,46.0,0.0,15.041027055934721,0.0,19.849433241279208,0.0,19.0,0.0,18.027756377319946,0.0,16.61324772583615,0.0,14.866068747318506,0.0,13.076696830622021,0.0,11.313708498984761,0.0,8.48528137423857,0.0,6.782329983125268,0.0,,,,,,,,,,,,,,,,,,,,,5.32037858825758,0.0,,,,,,,,,,,,,,,,,,,,,15.040694119758578,0.0,17.81955203667518,0.0,17.207150705588674,0.0,16.29268757793229,0.0,14.717028432763321,0.0,13.064161627148199,0.0,11.09564470613678,0.0,9.32214100617275,0.0,7.012074859550466,0.0,5.742849270095688,0.0
Krims,378.20000000000005,0.0,18.057788818795657,0.0,430.2577315051029,0.0,406.0,0.0,365.0,0.0,321.0,0.0,269.0,0.0,207.0,0.0,155.0,0.0,113.0,0.0,63.0,0.0,44.0,0.0,14.432752877179094,0.0,20.149441679609886,0.0,19.1049731745428,0.0,17.916472867168917,0.0,16.401219466856727,0.0,14.38749456993816,0.0,12.449899597988733,0.0,10.63014581273465,0.0,7.937253933193772,0.0,6.6332495807108,0.0,,,,,,,,,,,,,,,,,,,,,4.918195182067908,0.0,,,,,,,,,,,,,,,,,,,,,14.432601582286686,0.0,18.0812152304862,0.0,17.313844498572337,0.0,16.212563207598187,0.0,14.494488101849562,0.0,12.626372036487943,0.0,10.545814441078358,0.0,8.805372736580415,0.0,6.649688648282522,0.0,5.6613953851328915,0.0
Kripo,367.435294117647,0.0,17.815405297038055,0.0,382.58354890352086,0.0,377.0,0.0,346.0,0.0,308.0,0.0,239.0,0.0,164.0,0.0,109.0,0.0,75.0,0.0,34.0,0.0,16.0,0.0,12.909139254724433,0.0,19.4164878389476,0.0,18.601075237738275,0.0,17.549928774784245,0.0,15.459624833740307,0.0,12.806248474865697,0.0,10.44030650891055,0.0,8.660254037844387,0.0,5.830951894845301,0.0,4.0,0.0,,,,,,,,,,,,,,,,,,,,,4.517643826969366,0.0,,,,,,,,,,,,,,,,,,,,,12.908722004244746,0.0,17.521132583620602,0.0,16.780355899884412,0.0,15.66661497891439,0.0,13.37925593780214,0.0,10.918067413411734,0.0,8.454910177141443,0.0,6.673638908558036,0.0,4.658808855669514,0.0,3.4457276862812973,0.0
Krise,323.0745098039216,0.0,16.6733679722676,0.0,354.62115395517947,0.0,328.0,0.0,292.0,0.0,250.0,0.0,194.0,0.0,130.0,0.0,80.0,0.0,47.0,0.0,16.0,0.0,0.0,0.0,11.919933515370175,0.0,18.110770276274835,0.0,17.08800749063506,0.0,15.811388300841896,0.0,13.92838827718412,0.0,11.40175425099138,0.0,8.94427190999916,0.0,6.855654600401044,0.0,4.0,0.0,0.0,0.0,,,,,,,,,,,,,,,,,,,,,6.233655413958686,0.0,,,,,,,,,,,,,,,,,,,,,11.919871578545338,0.0,16.118985983522524,0.0,15.274388540592804,0.0,13.966378583819527,0.0,11.788084539580286,0.0,9.348194372606173,0.0,6.938701500968252,0.0,4.815729884487409,0.0,2.73328978275415,0.0,0.0,0.0
Krkmb,466.8941176470588,0.0,20.101747338458118,0.0,465.9216628466058,0.0,519.0,0.0,475.0,0.0,430.0,0.0,349.0,0.0,273.0,0.0,191.0,0.0,137.0,0.0,88.0,0.0,51.0,0.0,15.3976677109341,0.0,22.781571499789035,0.0,21.79449471770337,0.0,20.73644135332772,0.0,18.681541692269406,0.0,16.522711641858304,0.0,13.820274961085254,0.0,11.704699910719626,0.0,9.38083151964686,0.0,7.14142842854285,0.0,,,,,,,,,,,,,,,,,,,,,5.888875869765534,0.0,,,,,,,,,,,,,,,,,,,,,15.397761877655318,0.0,20.8821543847426,0.0,20.164293405049076,0.0,19.013780119626514,0.0,16.76370484969412,0.0,14.64215144862338,0.0,11.941479935057584,0.0,9.808358253230168,0.0,7.861791762489423,0.0,5.875411964307342,0.0
Krlth,362.10196078431375,0.0,17.798757132975943,0.0,401.34706800247227,0.0,386.0,0.0,352.0,0.0,312.0,0.0,248.0,0.0,184.0,0.0,128.0,0.0,84.0,0.0,45.0,0.0,10.0,0.0,13.521597385831365,0.0,19.6468827043885,0.0,18.76166303929372,0.0,17.663521732655695,0.0,15.748015748023622,0.0,13.564659966250536,0.0,11.313708498984761,0.0,9.16515138991168,0.0,6.708203932499369,0.0,3.1622776601683795,0.0,,,,,,,,,,,,,,,,,,,,,5.830706563823979,0.0,,,,,,,,,,,,,,,,,,,,,13.521953317359714,0.0,17.683996013884762,0.0,17.054458044750138,0.0,15.9377010987458,0.0,13.796410489926538,0.0,11.642063478397924,0.0,9.436987634391741,0.0,7.467014653409805,0.0,5.792637228722165,0.0,2.2689161531593802,0.0
Krmns,412.0392156862745,0.0,18.864283496843676,0.0,416.05625855463967,0.0,436.0,0.0,398.0,0.0,351.0,0.0,286.0,0.0,206.0,0.0,148.0,0.0,103.0,0.0,59.0,0.0,44.0,0.0,14.048406366887175,0.0,20.8806130178211,0.0,19.949937343260004,0.0,18.734993995195193,0.0,16.911534525287763,0.0,14.352700094407323,0.0,12.165525060596439,0.0,10.14889156509222,0.0,7.681145747868608,0.0,6.6332495807108,0.0,,,,,,,,,,,,,,,,,,,,,4.589048439458169,0.0,,,,,,,,,,,,,,,,,,,,,14.048341841804149,0.0,18.876545293206306,0.0,18.23230234156024,0.0,16.93782426608969,0.0,14.912043334247135,0.0,12.522528028022368,0.0,10.245925477653953,0.0,8.43297582825708,0.0,6.400043000158195,0.0,5.662553709140418,0.0
Krnns,371.12549019607843,0.0,17.91786764033668,0.0,345.773949888367,0.0,369.0,0.0,346.0,0.0,301.0,0.0,232.0,0.0,145.0,0.0,76.0,0.0,36.0,0.0,10.0,0.0,0.0,0.0,11.721838014219921,0.0,19.209372712298546,0.0,18.601075237738275,0.0,17.349351572897472,0.0,15.231546211727817,0.0,12.041594578792296,0.0,8.717797887081348,0.0,6.0,0.0,3.1622776601683795,0.0,0.0,0.0,,,,,,,,,,,,,,,,,,,,,3.7578987483569604,0.0,,,,,,,,,,,,,,,,,,,,,11.722182865986404,0.0,17.416450288195097,0.0,16.97529469277717,0.0,15.467817349666875,0.0,13.057258052279053,0.0,9.954237934362151,0.0,6.503195166042056,0.0,4.004407445029174,0.0,1.8980729869959445,0.0,0.0,0.0
Krnss,348.45882352941175,0.0,17.28788069474687,0.0,343.1137478976161,0.0,350.0,0.0,317.0,0.0,267.0,0.0,208.0,0.0,135.0,0.0,70.0,0.0,37.0,0.0,12.0,0.0,0.0,0.0,11.575262029902886,0.0,18.708286933869708,0.0,17.804493814764857,0.0,16.34013463836819,0.0,14.422205101855956,0.0,11.61895003862225,0.0,8.366600265340756,0.0,6.082762530298219,0.0,3.4641016151377544,0.0,0.0,0.0,,,,,,,,,,,,,,,,,,,,,5.984162451383408,0.0,,,,,,,,,,,,,,,,,,,,,11.575233294527692,0.0,16.740301925963166,0.0,16.077936213587925,0.0,14.478928628317327,0.0,12.255114281555969,0.0,9.491648016584605,0.0,6.218520866935775,0.0,4.110450848173158,0.0,2.044192927578997,0.0,0.0,0.0
Krntj,344.713725490196,0.0,17.285908860586012,0.0,389.30207282141754,0.0,354.0,0.0,334.0,0.0,299.0,0.0,237.0,0.0,171.0,0.0,107.0,0.0,70.0,0.0,30.0,0.0,9.0,0.0,13.152754618153995,0.0,18.81488772222678,0.0,18.275666882497067,0.0,17.291616465790582,0.0,15.394804318340652,0.0,13.076696830622021,0.0,10.344080432788601,0.0,8.366600265340756,0.0,5.477225575051661,0.0,3.0,0.0,,,,,,,,,,,,,,,,,,,,,6.888036821663632,0.0,,,,,,,,,,,,,,,,,,,,,13.152588697799246,0.0,16.881777153014912,0.0,16.493540466030513,0.0,15.447218625126382,0.0,13.338131351409046,0.0,11.068550672480946,0.0,8.299802201391188,0.0,6.28515597816783,0.0,3.8800967331642013,0.0,2.203144119657715,0.0
Krtht,361.27450980392155,0.0,17.69084980601272,0.0,384.2303361383093,0.0,381.0,0.0,345.0,0.0,304.0,0.0,239.0,0.0,162.0,0.0,111.0,0.0,70.0,0.0,32.0,0.0,2.0,0.0,12.926381601411713,0.0,19.519221295943137,0.0,18.57417562100671,0.0,17.435595774162696,0.0,15.459624833740307,0.0,12.727922061357855,0.0,10.535653752852738,0.0,8.366600265340756,0.0,5.656854249492381,0.0,1.4142135623730951,0.0,,,,,,,,,,,,,,,,,,,,,4.6828039635497785,0.0,,,,,,,,,,,,,,,,,,,,,12.926044821503954,0.0,17.329356625531045,0.0,16.680142617394473,0.0,15.508147084425417,0.0,13.336897524250569,0.0,10.8239180546175,0.0,8.537065501121502,0.0,6.518933905731963,0.0,4.457333963482916,0.0,0.6618696519470317,0.0
Kruhs,384.6549019607843,0.0,18.25518249189473,0.0,364.3737236544062,0.0,410.0,0.0,370.0,0.0,315.0,0.0,245.0,0.0,147.0,0.0,86.0,0.0,48.0,0.0,26.0,0.0,2.0,0.0,12.208325245479685,0.0,20.248456731316587,0.0,19.235384061671343,0.0,17.74823934929885,0.0,15.652475842498529,0.0,12.12435565298214,0.0,9.273618495495704,0.0,6.928203230275509,0.0,5.0990195135927845,0.0,1.4142135623730951,0.0,,,,,,,,,,,,,,,,,,,,,3.6696933957036775,0.0,,,,,,,,,,,,,,,,,,,,,12.208417677952891,0.0,18.231348073564323,0.0,17.421614047325395,0.0,15.781157896268205,0.0,13.409625274493662,0.0,10.00413024533106,0.0,7.342549007784872,0.0,5.373048500600331,0.0,4.200064261299211,0.0,0.6618696519470317,0.0
Kruns,367.8313725490196,0.0,17.81988530231382,0.0,348.6842089775458,0.0,378.0,0.0,354.0,0.0,300.0,0.0,229.0,0.0,134.0,0.0,71.0,0.0,35.0,0.0,10.0,0.0,0.0,0.0,11.70407322831626,0.0,19.44222209522358,0.0,18.81488772222678,0.0,17.320508075688775,0.0,15.132745950421556,0.0,11.575836902790225,0.0,8.426149773176359,0.0,5.916079783099616,0.0,3.1622776601683795,0.0,0.0,0.0,,,,,,,,,,,,,,,,,,,,,3.841302014487836,0.0,,,,,,,,,,,,,,,,,,,,,11.7042814761906,0.0,17.516004699408157,0.0,17.038853578122325,0.0,15.3817771388595,0.0,12.836364703058036,0.0,9.355050439824689,0.0,6.344425057773876,0.0,3.9696801694296266,0.0,1.8980729869959445,0.0,0.0,0.0
Krvtn,349.41960784313727,0.0,17.374332666369998,0.0,374.06009103352164,0.0,357.0,0.0,334.0,0.0,296.0,0.0,235.0,0.0,164.0,0.0,97.0,0.0,61.0,0.0,16.0,0.0,1.0,0.0,12.637416686419035,0.0,18.894443627691185,0.0,18.275666882497067,0.0,17.204650534085253,0.0,15.329709716755891,0.0,12.806248474865697,0.0,9.848857801796104,0.0,7.810249675906654,0.0,4.0,0.0,1.0,0.0,,,,,,,,,,,,,,,,,,,,,4.832230932183241,0.0,,,,,,,,,,,,,,,,,,,,,12.637868478014349,0.0,16.938830342596642,0.0,16.44935660798922,0.0,15.46452925395376,0.0,13.223881311065432,0.0,10.634044119513002,0.0,7.592796762548641,0.0,5.488297871926878,0.0,2.4077353787160622,0.0,0.3821804622177742,0.0
Kröte,355.6627450980392,0.0,17.44592480195044,0.0,363.4780115708675,0.0,370.0,0.0,339.0,0.0,289.0,0.0,220.0,0.0,146.0,0.0,86.0,0.0,58.0,0.0,21.0,0.0,4.0,0.0,12.189662814875268,0.0,19.235384061671343,0.0,18.411952639521967,0.0,17.0,0.0,14.832396974191326,0.0,12.083045973594572,0.0,9.273618495495704,0.0,7.615773105863909,0.0,4.58257569495584,0.0,2.0,0.0,,,,,,,,,,,,,,,,,,,,,4.865141886352745,0.0,,,,,,,,,,,,,,,,,,,,,12.189826408137062,0.0,17.201476768873565,0.0,16.487735792241722,0.0,15.170035561037222,0.0,12.749738068704762,0.0,10.136822939343874,0.0,7.364143213600229,0.0,5.789258749564182,0.0,3.4868557751377165,0.0,1.7099716373443858,0.0
Kshlm,433.83137254901965,0.0,19.427148192404818,0.0,454.3030852048917,0.0,487.0,0.0,429.0,0.0,382.0,0.0,315.0,0.0,244.0,0.0,171.0,0.0,135.0,0.0,90.0,0.0,55.0,0.0,15.153043319947768,0.0,22.06807649071391,0.0,20.71231517720798,0.0,19.544820285692065,0.0,17.74823934929885,0.0,15.620499351813308,0.0,13.076696830622021,0.0,11.61895003862225,0.0,9.486832980505138,0.0,7.416198487095663,0.0,,,,,,,,,,,,,,,,,,,,,5.164656578393255,0.0,,,,,,,,,,,,,,,,,,,,,15.152771839482808,0.0,19.923645439570805,0.0,18.985008715412814,0.0,17.853904505470695,0.0,15.912975174905732,0.0,13.870763887173474,0.0,11.332023780869246,0.0,9.980126889815004,0.0,8.336406324457139,0.0,6.1622107252291665,0.0
Kstzt,335.66274509803924,0.0,16.958331909292056,0.0,363.22700310194216,0.0,348.0,0.0,318.0,0.0,273.0,0.0,199.0,0.0,144.0,0.0,90.0,0.0,51.0,0.0,13.0,0.0,1.0,0.0,12.181523012443076,0.0,18.65475810617763,0.0,17.832554500127006,0.0,16.522711641858304,0.0,14.106735979665885,0.0,12.0,0.0,9.486832980505138,0.0,7.14142842854285,0.0,3.605551275463989,0.0,1.0,0.0,,,,,,,,,,,,,,,,,,,,,6.7019681112121985,0.0,,,,,,,,,,,,,,,,,,,,,12.181302896675776,0.0,16.41878473573756,0.0,15.839125793140209,0.0,14.593056294478329,0.0,11.938486541978959,0.0,10.008678398578482,0.0,7.261960192732473,0.0,4.987236830670728,0.0,1.975219954292364,0.0,0.3917743058796373,0.0
Kthxb,418.3058823529412,0.0,18.969781509928094,0.0,400.3009994249651,0.0,462.0,0.0,417.0,0.0,373.0,0.0,284.0,0.0,206.0,0.0,121.0,0.0,69.0,0.0,40.0,0.0,11.0,0.0,13.391377517236752,0.0,21.494185260204677,0.0,20.42057785666214,0.0,19.313207915827967,0.0,16.852299546352718,0.0,14.352700094407323,0.0,11.0,0.0,8.306623862918075,0.0,6.324555320336759,0.0,3.3166247903554,0.0,,,,,,,,,,,,,,,,,,,,,3.2522702515111748,0.0,,,,,,,,,,,,,,,,,,,,,13.39167405580256,0.0,19.51906661451772,0.0,18.641011885214706,0.0,17.39896106127836,0.0,14.674276233929664,0.0,12.231442513399191,0.0,9.154419941223562,0.0,6.444507404064302,0.0,5.048595420080069,0.0,1.946542353598084,0.0
Kubul,408.19607843137254,0.0,18.787333663666246,0.0,379.7495760138001,0.0,444.0,0.0,415.0,0.0,359.0,0.0,250.0,0.0,162.0,0.0,101.0,0.0,59.0,0.0,33.0,0.0,10.0,0.0,12.691674286936616,0.0,21.071307505705477,0.0,20.37154878746336,0.0,18.947295321496416,0.0,15.811388300841896,0.0,12.727922061357855,0.0,10.04987562112089,0.0,7.681145747868608,0.0,5.744562646538029,0.0,3.1622776601683795,0.0,,,,,,,,,,,,,,,,,,,,,5.405501923186711,0.0,,,,,,,,,,,,,,,,,,,,,12.691892768895892,0.0,19.086819700231594,0.0,18.436589386716467,0.0,16.929024657749583,0.0,13.460923314617308,0.0,10.818552890612635,0.0,8.220972053145863,0.0,5.9841418983802,0.0,4.687653578665393,0.0,2.2386181575997384,0.0
Kubus,409.37254901960785,0.0,18.706638698894995,0.0,348.52493540993356,0.0,442.0,0.0,408.0,0.0,343.0,0.0,232.0,0.0,137.0,0.0,73.0,0.0,32.0,0.0,12.0,0.0,2.0,0.0,11.537625285383784,0.0,21.02379604162864,0.0,20.199009876724155,0.0,18.520259177452136,0.0,15.231546211727817,0.0,11.704699910719626,0.0,8.54400374531753,0.0,5.656854249492381,0.0,3.4641016151377544,0.0,1.4142135623730951,0.0,,,,,,,,,,,,,,,,,,,,,5.002111932460171,0.0,,,,,,,,,,,,,,,,,,,,,11.537645200559073,0.0,18.97532838627832,0.0,18.229161573616132,0.0,16.48623105104156,0.0,12.801417405700281,0.0,9.744674408705482,0.0,6.64561944528513,0.0,3.898952297232545,0.0,2.449233298574418,0.0,0.668680288732816,0.0
Kufen,390.0352941176471,0.0,18.369597352200415,0.0,352.00191326978245,0.0,401.0,0.0,367.0,0.0,321.0,0.0,232.0,0.0,151.0,0.0,81.0,0.0,46.0,0.0,18.0,0.0,7.0,0.0,11.892103016982992,0.0,20.024984394500787,0.0,19.157244060668017,0.0,17.916472867168917,0.0,15.231546211727817,0.0,12.288205727444508,0.0,9.0,0.0,6.782329983125268,0.0,4.242640687119285,0.0,2.6457513110645907,0.0,,,,,,,,,,,,,,,,,,,,,3.8056980193902006,0.0,,,,,,,,,,,,,,,,,,,,,11.89218547181298,0.0,18.131125306649697,0.0,17.4132311804927,0.0,16.160271032065662,0.0,13.069006308862859,0.0,10.307148445980332,0.0,7.09483327333084,0.0,5.170259091622519,0.0,3.413552796322982,0.0,1.983529229327966,0.0
Kugel,408.4980392156863,0.0,18.82739543632633,0.0,384.0195902951565,0.0,440.0,0.0,399.0,0.0,344.0,0.0,256.0,0.0,167.0,0.0,106.0,0.0,71.0,0.0,47.0,0.0,24.0,0.0,12.903276357289592,0.0,20.97617696340303,0.0,19.974984355438178,0.0,18.547236990991408,0.0,16.0,0.0,12.922847983320086,0.0,10.295630140987,0.0,8.426149773176359,0.0,6.855654600401044,0.0,4.898979485566356,0.0,,,,,,,,,,,,,,,,,,,,,6.129407201436459,0.0,,,,,,,,,,,,,,,,,,,,,12.903622088817007,0.0,18.915867288956612,0.0,18.17798571226449,0.0,16.744583556972096,0.0,13.886357140262763,0.0,11.104342350958028,0.0,8.496641531787581,0.0,6.61597762900617,0.0,5.380569767704284,0.0,3.3738329492262906,0.0
Kulis,338.9607843137255,0.0,17.135354585714364,0.0,365.4094162461896,0.0,354.0,0.0,321.0,0.0,273.0,0.0,201.0,0.0,140.0,0.0,92.0,0.0,57.0,0.0,24.0,0.0,5.0,0.0,12.32775254329497,0.0,18.81488772222678,0.0,17.916472867168917,0.0,16.522711641858304,0.0,14.177446878757825,0.0,11.832159566199232,0.0,9.591663046625438,0.0,7.54983443527075,0.0,4.898979485566356,0.0,2.23606797749979,0.0,,,,,,,,,,,,,,,,,,,,,9.463734877959647,0.0,,,,,,,,,,,,,,,,,,,,,12.328011088388202,0.0,16.85376764431092,0.0,16.13788375266616,0.0,14.710421721356616,0.0,12.105257273459701,0.0,10.03232481524606,0.0,7.724168058419143,0.0,5.81469115041375,0.0,4.323327990645146,0.0,1.728702033370433,0.0
Kunst,371.97254901960787,0.0,17.8764717711149,0.0,341.8970902749087,0.0,384.0,0.0,346.0,0.0,296.0,0.0,217.0,0.0,142.0,0.0,65.0,0.0,34.0,0.0,8.0,0.0,0.0,0.0,11.494611694022106,0.0,19.595917942265423,0.0,18.601075237738275,0.0,17.204650534085253,0.0,14.730919862656235,0.0,11.916375287812984,0.0,8.06225774829855,0.0,5.830951894845301,0.0,2.8284271247461903,0.0,0.0,0.0,,,,,,,,,,,,,,,,,,,,,7.636058176913375,0.0,,,,,,,,,,,,,,,,,,,,,11.494282532977659,0.0,17.5148344074903,0.0,16.808913311550096,0.0,15.309923779026079,0.0,12.57038313537411,0.0,9.851736779591311,0.0,5.951284799282585,0.0,3.907493676713636,0.0,1.5134245914396502,0.0,0.0,0.0
Kuppe,441.4117647058823,0.0,19.561470654814322,0.0,366.16748737220354,0.0,461.0,0.0,413.0,0.0,366.0,0.0,265.0,0.0,172.0,0.0,92.0,0.0,63.0,0.0,41.0,0.0,30.0,0.0,12.391564312733012,0.0,21.470910553583888,0.0,20.322401432901575,0.0,19.131126469708992,0.0,16.278820596099706,0.0,13.114877048604,0.0,9.591663046625438,0.0,7.937253933193772,0.0,6.4031242374328485,0.0,5.477225575051661,0.0,,,,,,,,,,,,,,,,,,,,,3.144059285356159,0.0,,,,,,,,,,,,,,,,,,,,,12.391747491297075,0.0,19.559689223485396,0.0,18.534815785950475,0.0,17.242263270926465,0.0,14.223732403814626,0.0,11.242496505305498,0.0,8.007723341673037,0.0,6.561914233947514,0.0,5.479281419094275,0.0,4.779374832884498,0.0
Kurie,342.4470588235294,0.0,17.224363349931327,0.0,348.49201485908975,0.0,352.0,0.0,320.0,0.0,276.0,0.0,200.0,0.0,131.0,0.0,73.0,0.0,43.0,0.0,8.0,0.0,0.0,0.0,11.658343321155108,0.0,18.76166303929372,0.0,17.88854381999832,0.0,16.61324772583615,0.0,14.142135623730951,0.0,11.445523142259598,0.0,8.54400374531753,0.0,6.557438524302,0.0,2.8284271247461903,0.0,0.0,0.0,,,,,,,,,,,,,,,,,,,,,8.177449391593097,0.0,,,,,,,,,,,,,,,,,,,,,11.658228394216655,0.0,16.910630166056812,0.0,16.068779293512694,0.0,14.692211290009652,0.0,12.014082364038794,0.0,9.487165451587902,0.0,6.580064141965679,0.0,4.568636543517962,0.0,2.008485841503882,0.0,0.0,0.0
Kuron,379.82352941176475,0.0,18.112661651748663,0.0,345.73368618272,0.0,390.0,0.0,359.0,0.0,315.0,0.0,227.0,0.0,142.0,0.0,76.0,0.0,40.0,0.0,3.0,0.0,0.0,0.0,11.55400573548216,0.0,19.748417658131498,0.0,18.947295321496416,0.0,17.74823934929885,0.0,15.066519173319364,0.0,11.916375287812984,0.0,8.717797887081348,0.0,6.324555320336759,0.0,1.7320508075688772,0.0,0.0,0.0,,,,,,,,,,,,,,,,,,,,,4.382155925716977,0.0,,,,,,,,,,,,,,,,,,,,,11.55398095906758,0.0,17.88855663266404,0.0,17.10720647545606,0.0,15.819539777486817,0.0,12.876438340748567,0.0,9.778830385973626,0.0,6.5268517202473335,0.0,4.20745376278589,0.0,0.7766336253381251,0.0,0.0,0.0
Kurse,353.61960784313726,0.0,17.443537077516762,0.0,334.18152575638527,0.0,365.0,0.0,323.0,0.0,273.0,0.0,195.0,0.0,121.0,0.0,60.0,0.0,33.0,0.0,5.0,0.0,0.0,0.0,11.103080031922342,0.0,19.1049731745428,0.0,17.97220075561143,0.0,16.522711641858304,0.0,13.96424004376894,0.0,11.0,0.0,7.745966692414834,0.0,5.744562646538029,0.0,2.23606797749979,0.0,0.0,0.0,,,,,,,,,,,,,,,,,,,,,6.748692480091207,0.0,,,,,,,,,,,,,,,,,,,,,11.102782854570886,0.0,17.11456221213998,0.0,16.118165719786433,0.0,14.58012310930479,0.0,11.757710962689648,0.0,8.904045842010943,0.0,5.776813079247751,0.0,3.833718099103997,0.0,1.0944054374058945,0.0,0.0,0.0
Kuwel,402.28235294117644,0.0,18.64966518557439,0.0,405.3146819901026,0.0,429.0,0.0,398.0,0.0,351.0,0.0,267.0,0.0,183.0,0.0,127.0,0.0,92.0,0.0,59.0,0.0,31.0,0.0,13.675056337607376,0.0,20.71231517720798,0.0,19.949937343260004,0.0,18.734993995195193,0.0,16.34013463836819,0.0,13.527749258468683,0.0,11.269427669584644,0.0,9.591663046625438,0.0,7.681145747868608,0.0,5.5677643628300215,0.0,,,,,,,,,,,,,,,,,,,,,6.2795428314159745,0.0,,,,,,,,,,,,,,,,,,,,,13.675525527097314,0.0,18.708104063053202,0.0,18.111523774883572,0.0,16.871690551728005,0.0,14.29769650724151,0.0,11.70257746492418,0.0,9.464657202410667,0.0,7.76808696655663,0.0,6.242354365770207,0.0,4.0404891837338655,0.0
Kvrls,327.58039215686273,0.0,16.837988667315063,0.0,377.73245296466314,0.0,339.0,0.0,308.0,0.0,265.0,0.0,207.0,0.0,153.0,0.0,104.0,0.0,72.0,0.0,26.0,0.0,7.0,0.0,12.750504323151576,0.0,18.411952639521967,0.0,17.549928774784245,0.0,16.278820596099706,0.0,14.38749456993816,0.0,12.36931687685298,0.0,10.198039027185569,0.0,8.48528137423857,0.0,5.0990195135927845,0.0,2.6457513110645907,0.0,,,,,,,,,,,,,,,,,,,,,7.8581992767284365,0.0,,,,,,,,,,,,,,,,,,,,,12.750480980661155,0.0,16.40476095383694,0.0,15.730810235349432,0.0,14.37331961144189,0.0,12.295249290437084,0.0,10.43472399162159,0.0,8.157807046447958,0.0,6.441129093984373,0.0,4.21318627699844,0.0,1.853191736591559,0.0
Kzbrl,371.03921568627453,0.0,17.957238711598414,0.0,397.259066231476,0.0,395.0,0.0,370.0,0.0,326.0,0.0,245.0,0.0,179.0,0.0,123.0,0.0,79.0,0.0,39.0,0.0,11.0,0.0,13.305714228219198,0.0,19.87460691435179,0.0,19.235384061671343,0.0,18.05547008526779,0.0,15.652475842498529,0.0,13.379088160259652,0.0,11.090536506409418,0.0,8.888194417315589,0.0,6.244997998398398,0.0,3.3166247903554,0.0,,,,,,,,,,,,,,,,,,,,,7.717444440095388,0.0,,,,,,,,,,,,,,,,,,,,,13.30552367709243,0.0,18.08498774987034,0.0,17.519303051449842,0.0,16.097639097153376,0.0,13.556437861557308,0.0,11.386173920280886,0.0,9.144709435626774,0.0,6.875075119788894,0.0,4.954026168605631,0.0,2.2913289550500187,0.0
Kzchp,417.47843137254904,0.0,19.048793858975372,0.0,385.9881156978829,0.0,447.0,0.0,397.0,0.0,347.0,0.0,269.0,0.0,187.0,0.0,115.0,0.0,73.0,0.0,44.0,0.0,19.0,0.0,12.998721272559932,0.0,21.142374511865974,0.0,19.924858845171276,0.0,18.627936010197157,0.0,16.401219466856727,0.0,13.674794331177344,0.0,10.723805294763608,0.0,8.54400374531753,0.0,6.6332495807108,0.0,4.358898943540674,0.0,,,,,,,,,,,,,,,,,,,,,4.9088478030567835,0.0,,,,,,,,,,,,,,,,,,,,,12.998443957312322,0.0,19.15410853356084,0.0,18.199549867503134,0.0,16.659256737173674,0.0,14.322258422004342,0.0,11.655472078478677,0.0,8.805820732703054,0.0,6.919377502087094,0.0,5.652760838694144,0.0,3.5423959852223508,0.0
Kzntn,383.0,0.0,18.241363948679638,0.0,360.171777718384,0.0,394.0,0.0,365.0,0.0,320.0,0.0,247.0,0.0,173.0,0.0,86.0,0.0,45.0,0.0,12.0,0.0,1.0,0.0,12.187380915350207,0.0,19.849433241279208,0.0,19.1049731745428,0.0,17.88854381999832,0.0,15.716233645501712,0.0,13.152946437965905,0.0,9.273618495495704,0.0,6.708203932499369,0.0,3.4641016151377544,0.0,1.0,0.0,,,,,,,,,,,,,,,,,,,,,3.9598027039175694,0.0,,,,,,,,,,,,,,,,,,,,,12.187593942408048,0.0,18.054251183487324,0.0,17.459015658823244,0.0,16.158733094558126,0.0,13.635316555980138,0.0,10.977293889457497,0.0,7.07392284411567,0.0,4.661484050312975,0.0,2.078349166864705,0.0,0.4845410697343261,0.0
Kämme,492.121568627451,0.0,20.555539678080258,0.0,474.7708663032878,0.0,550.0,0.0,485.0,0.0,430.0,0.0,355.0,0.0,278.0,0.0,202.0,0.0,160.0,0.0,106.0,0.0,93.0,0.0,15.732394742673655,0.0,23.45207879911715,0.0,22.02271554554524,0.0,20.73644135332772,0.0,18.841443681416774,0.0,16.673332000533065,0.0,14.212670403551895,0.0,12.649110640673518,0.0,10.295630140987,0.0,9.643650760992955,0.0,,,,,,,,,,,,,,,,,,,,,4.117670981541003,0.0,,,,,,,,,,,,,,,,,,,,,15.732228004855765,0.0,21.37954742317752,0.0,20.296133284398934,0.0,19.093937634221994,0.0,17.104284802890337,0.0,14.9610843576054,0.0,12.543649591192072,0.0,11.063562791771604,0.0,8.94835324388845,0.0,8.234104320026994,0.0
Kästä,379.0705882352941,0.0,17.859553318938815,0.0,352.32471241559983,0.0,397.0,0.0,351.0,0.0,293.0,0.0,222.0,0.0,145.0,0.0,88.0,0.0,49.0,0.0,19.0,0.0,11.0,0.0,11.899925808364733,0.0,19.924858845171276,0.0,18.734993995195193,0.0,17.11724276862369,0.0,14.89966442575134,0.0,12.041594578792296,0.0,9.38083151964686,0.0,7.0,0.0,4.358898943540674,0.0,3.3166247903554,0.0,,,,,,,,,,,,,,,,,,,,,5.315311313708411,0.0,,,,,,,,,,,,,,,,,,,,,11.899673095216059,0.0,17.960135381412655,0.0,17.05498118055005,0.0,15.320967224200023,0.0,12.878194091969812,0.0,10.066003963932785,0.0,7.45194022799465,0.0,5.2079713645369825,0.0,3.450906086401946,0.0,2.9215488142804458,0.0
Köche,400.7960784313725,0.0,18.543911330765447,0.0,352.50066574337256,0.0,425.0,0.0,372.0,0.0,324.0,0.0,236.0,0.0,145.0,0.0,82.0,0.0,47.0,0.0,26.0,0.0,5.0,0.0,11.780163508921738,0.0,20.615528128088304,0.0,19.28730152198591,0.0,18.0,0.0,15.362291495737216,0.0,12.041594578792296,0.0,9.055385138137417,0.0,6.855654600401044,0.0,5.0990195135927845,0.0,2.23606797749979,0.0,,,,,,,,,,,,,,,,,,,,,3.8047747398411498,0.0,,,,,,,,,,,,,,,,,,,,,11.77959549382945,0.0,18.590206094923307,0.0,17.457221570208777,0.0,16.042736141018164,0.0,13.268047037866033,0.0,10.150270487196673,0.0,7.248936989278295,0.0,5.532662026292788,0.0,4.684343988862475,0.0,1.4783622466054878,0.0
Köhns,417.51372549019607,0.0,18.951045210523844,0.0,352.59066150485967,0.0,443.0,0.0,393.0,0.0,338.0,0.0,254.0,0.0,154.0,0.0,82.0,0.0,46.0,0.0,26.0,0.0,6.0,0.0,11.880112947795201,0.0,21.047565179849187,0.0,19.82422760159901,0.0,18.384776310850235,0.0,15.937377450509228,0.0,12.409673645990857,0.0,9.055385138137417,0.0,6.782329983125268,0.0,5.0990195135927845,0.0,2.449489742783178,0.0,,,,,,,,,,,,,,,,,,,,,4.99102178198702,0.0,,,,,,,,,,,,,,,,,,,,,11.880405560037074,0.0,19.053409735997427,0.0,18.119685306270046,0.0,16.52169857584793,0.0,13.878958516487836,0.0,10.492562157960975,0.0,7.220203954869321,0.0,5.414701421837791,0.0,4.689290722453257,0.0,1.661588710425858,0.0
König,416.7607843137255,0.0,18.92103585554929,0.0,381.4275684168748,0.0,447.0,0.0,406.0,0.0,348.0,0.0,265.0,0.0,184.0,0.0,110.0,0.0,69.0,0.0,37.0,0.0,19.0,0.0,12.85746550789412,0.0,21.142374511865974,0.0,20.149441679609886,0.0,18.65475810617763,0.0,16.278820596099706,0.0,13.564659966250536,0.0,10.488088481701515,0.0,8.306623862918075,0.0,6.082762530298219,0.0,4.358898943540674,0.0,,,,,,,,,,,,,,,,,,,,,4.388489993525889,0.0,,,,,,,,,,,,,,,,,,,,,12.85734748931459,0.0,19.25382870283848,0.0,18.496610249990106,0.0,16.864221027140694,0.0,14.280358369326834,0.0,11.678116274096967,0.0,8.459956159974935,0.0,6.388923628225482,0.0,4.8375747129965365,0.0,2.9245498359556006,0.0
Köntö,399.4392156862745,0.0,18.439641449284263,0.0,361.3902900276171,0.0,423.0,0.0,384.0,0.0,329.0,0.0,246.0,0.0,162.0,0.0,86.0,0.0,56.0,0.0,22.0,0.0,7.0,0.0,12.155327879981577,0.0,20.566963801203133,0.0,19.595917942265423,0.0,18.138357147217054,0.0,15.684387141358123,0.0,12.727922061357855,0.0,9.273618495495704,0.0,7.483314773547883,0.0,4.69041575982343,0.0,2.6457513110645907,0.0,,,,,,,,,,,,,,,,,,,,,4.396287608142537,0.0,,,,,,,,,,,,,,,,,,,,,12.154212110391,0.0,18.595138141086498,0.0,17.767606957339588,0.0,16.385969801794847,0.0,13.681338650373148,0.0,10.79935862237685,0.0,7.311034468773981,0.0,5.825869162467289,0.0,4.07036299652474,0.0,2.097147226131457,0.0
Körso,361.2039215686275,0.0,17.51504126490548,0.0,347.1317537451433,0.0,376.0,0.0,335.0,0.0,281.0,0.0,207.0,0.0,133.0,0.0,78.0,0.0,49.0,0.0,13.0,0.0,3.0,0.0,11.576835291746974,0.0,19.390719429665317,0.0,18.303005217723125,0.0,16.76305461424021,0.0,14.38749456993816,0.0,11.532562594670797,0.0,8.831760866327848,0.0,7.0,0.0,3.605551275463989,0.0,1.7320508075688772,0.0,,,,,,,,,,,,,,,,,,,,,6.518749135260729,0.0,,,,,,,,,,,,,,,,,,,,,11.576779387210404,0.0,17.34981966597044,0.0,16.418770070918196,0.0,14.853926683284692,0.0,12.272196829031182,0.0,9.513422459119276,0.0,6.775577729436072,0.0,5.0825903870637985,0.0,2.9267098056902197,0.0,1.3219081418980734,0.0
Körzo,368.9372549019608,0.0,17.78915730570335,0.0,356.66240790684935,0.0,386.0,0.0,351.0,0.0,301.0,0.0,217.0,0.0,147.0,0.0,89.0,0.0,52.0,0.0,14.0,0.0,3.0,0.0,11.887629283085104,0.0,19.6468827043885,0.0,18.734993995195193,0.0,17.349351572897472,0.0,14.730919862656235,0.0,12.12435565298214,0.0,9.433981132056603,0.0,7.211102550927978,0.0,3.7416573867739413,0.0,1.7320508075688772,0.0,,,,,,,,,,,,,,,,,,,,,5.6960843097662375,0.0,,,,,,,,,,,,,,,,,,,,,11.887558170280066,0.0,17.73205190303831,0.0,16.855303669977655,0.0,15.37754344692546,0.0,12.580012736567129,0.0,10.119905291789006,0.0,7.21418575057324,0.0,5.2189189295925775,0.0,2.9838279706829716,0.0,1.3219081418980734,0.0
Köthö,416.2627450980392,0.0,18.860640296737593,0.0,377.59684217346484,0.0,454.0,0.0,402.0,0.0,347.0,0.0,260.0,0.0,165.0,0.0,107.0,0.0,70.0,0.0,38.0,0.0,9.0,0.0,12.64686829182399,0.0,21.307275752662516,0.0,20.049937655763422,0.0,18.627936010197157,0.0,16.1245154965971,0.0,12.84523257866513,0.0,10.344080432788601,0.0,8.366600265340756,0.0,6.164414002968976,0.0,3.0,0.0,,,,,,,,,,,,,,,,,,,,,3.0561428417288337,0.0,,,,,,,,,,,,,,,,,,,,,12.645619845434275,0.0,19.16159643270427,0.0,18.11232134475837,0.0,16.769089012432126,0.0,14.09841350562525,0.0,11.044756124544625,0.0,8.483160899858959,0.0,6.857769885443165,0.0,5.541145901514222,0.0,2.199075077056283,0.0
Kübel,408.7058823529412,0.0,18.76035641193436,0.0,378.9284871211319,0.0,441.0,0.0,407.0,0.0,353.0,0.0,253.0,0.0,161.0,0.0,101.0,0.0,64.0,0.0,40.0,0.0,15.0,0.0,12.699910356918824,0.0,21.0,0.0,20.174241001832016,0.0,18.788294228055936,0.0,15.905973720586866,0.0,12.68857754044952,0.0,10.04987562112089,0.0,8.0,0.0,6.324555320336759,0.0,3.872983346207417,0.0,,,,,,,,,,,,,,,,,,,,,7.099378547389365,0.0,,,,,,,,,,,,,,,,,,,,,12.700176624734176,0.0,19.089991620677772,0.0,18.364104423564942,0.0,16.888851985143493,0.0,13.771071077209498,0.0,10.899089839371303,0.0,8.459536059576395,0.0,6.359782420753974,0.0,5.216625032977431,0.0,2.944275047806057,0.0
Küche,408.17647058823536,0.0,18.75489406844642,0.0,355.53273859178796,0.0,437.0,0.0,383.0,0.0,338.0,0.0,245.0,0.0,149.0,0.0,80.0,0.0,45.0,0.0,25.0,0.0,7.0,0.0,11.881145145718385,0.0,20.904544960366874,0.0,19.570385790780925,0.0,18.384776310850235,0.0,15.652475842498529,0.0,12.206555615733702,0.0,8.94427190999916,0.0,6.708203932499369,0.0,5.0,0.0,2.6457513110645907,0.0,,,,,,,,,,,,,,,,,,,,,3.810948442882776,0.0,,,,,,,,,,,,,,,,,,,,,11.88074707357386,0.0,18.918618783147725,0.0,17.74261107608453,0.0,16.417321628997243,0.0,13.499435252709494,0.0,10.309547716616699,0.0,7.213216414137653,0.0,5.334077151108472,0.0,4.435956705759044,0.0,2.023549486130977,0.0
Küken,432.6901960784313,0.0,19.3743977842935,0.0,365.736782726308,0.0,459.0,0.0,417.0,0.0,368.0,0.0,276.0,0.0,178.0,0.0,92.0,0.0,50.0,0.0,29.0,0.0,8.0,0.0,12.32325753051916,0.0,21.42428528562855,0.0,20.42057785666214,0.0,19.183326093250876,0.0,16.61324772583615,0.0,13.341664064126334,0.0,9.591663046625438,0.0,7.0710678118654755,0.0,5.385164807134504,0.0,2.8284271247461903,0.0,,,,,,,,,,,,,,,,,,,,,3.386085954273883,0.0,,,,,,,,,,,,,,,,,,,,,12.323502920973997,0.0,19.558007955191698,0.0,18.751247295641168,0.0,17.406771476068855,0.0,14.486770730728233,0.0,11.360229776387605,0.0,7.79214106847585,0.0,5.471270934424025,0.0,4.587788252719003,0.0,2.1612940189548366,0.0
Küsse,371.1921568627451,0.0,17.772384610630443,0.0,334.487857877558,0.0,393.0,0.0,338.0,0.0,280.0,0.0,204.0,0.0,123.0,0.0,60.0,0.0,32.0,0.0,13.0,0.0,5.0,0.0,11.128759460408608,0.0,19.82422760159901,0.0,18.384776310850235,0.0,16.73320053068151,0.0,14.2828568570857,0.0,11.090536506409418,0.0,7.745966692414834,0.0,5.656854249492381,0.0,3.605551275463989,0.0,2.23606797749979,0.0,,,,,,,,,,,,,,,,,,,,,6.914299291035735,0.0,,,,,,,,,,,,,,,,,,,,,11.128468440038473,0.0,17.75315713968597,0.0,16.568133851450042,0.0,14.80541670783905,0.0,12.09302589189038,0.0,9.00038331675325,0.0,5.863269263316695,0.0,3.9147306184737216,0.0,2.6019526427950757,0.0,1.912422272232873,0.0
Küste,369.18823529411765,0.0,17.749750446339895,0.0,346.05089805163396,0.0,394.0,0.0,345.0,0.0,290.0,0.0,212.0,0.0,133.0,0.0,69.0,0.0,41.0,0.0,14.0,0.0,5.0,0.0,11.55018945328409,0.0,19.849433241279208,0.0,18.57417562100671,0.0,17.029386365926403,0.0,14.560219778561036,0.0,11.532562594670797,0.0,8.306623862918075,0.0,6.4031242374328485,0.0,3.7416573867739413,0.0,2.23606797749979,0.0,,,,,,,,,,,,,,,,,,,,,7.2059953521602385,0.0,,,,,,,,,,,,,,,,,,,,,11.550143682937074,0.0,17.77993844615139,0.0,16.692540581101227,0.0,15.17765245340323,0.0,12.438284822299403,0.0,9.560709462993188,0.0,6.488210469945331,0.0,4.677942006102932,0.0,2.70457687487577,0.0,1.912422272232873,0.0
Labor,347.91372549019604,0.0,17.199911482833308,0.0,343.2644990861546,0.0,354.0,0.0,327.0,0.0,276.0,0.0,203.0,0.0,130.0,0.0,66.0,0.0,31.0,0.0,9.0,0.0,2.0,0.0,11.349700290648231,0.0,18.81488772222678,0.0,18.083141320025124,0.0,16.61324772583615,0.0,14.247806848775006,0.0,11.40175425099138,0.0,8.12403840463596,0.0,5.5677643628300215,0.0,3.0,0.0,1.4142135623730951,0.0,,,,,,,,,,,,,,,,,,,,,5.23488554959565,0.0,,,,,,,,,,,,,,,,,,,,,11.349830183397836,0.0,16.921730822272213,0.0,16.20093331723776,0.0,14.614137916795535,0.0,12.173054448328248,0.0,9.313838867159658,0.0,6.275533941847795,0.0,3.9685180840820227,0.0,2.3237397327763514,0.0,0.668680288732816,0.0
Lachs,340.3607843137255,0.0,17.05758931753382,0.0,332.6248962644395,0.0,346.0,0.0,300.0,0.0,247.0,0.0,189.0,0.0,122.0,0.0,56.0,0.0,26.0,0.0,16.0,0.0,2.0,0.0,11.074672827896654,0.0,18.601075237738275,0.0,17.320508075688775,0.0,15.716233645501712,0.0,13.74772708486752,0.0,11.045361017187261,0.0,7.483314773547883,0.0,5.0990195135927845,0.0,4.0,0.0,1.4142135623730951,0.0,,,,,,,,,,,,,,,,,,,,,4.655207771105726,0.0,,,,,,,,,,,,,,,,,,,,,11.074699700252896,0.0,16.524362048895558,0.0,15.488706783225762,0.0,13.75323520933231,0.0,11.732716559259112,0.0,9.048244375511123,0.0,5.725254998182206,0.0,4.223300992385482,0.0,3.7554376775090077,0.0,0.6618696519470317,0.0
Lacht,338.35686274509806,0.0,17.03400538583963,0.0,345.97189218520896,0.0,345.0,0.0,303.0,0.0,256.0,0.0,198.0,0.0,136.0,0.0,67.0,0.0,36.0,0.0,19.0,0.0,2.0,0.0,11.576016477586304,0.0,18.57417562100671,0.0,17.406895185529212,0.0,16.0,0.0,14.071247279470288,0.0,11.661903789690601,0.0,8.18535277187245,0.0,6.0,0.0,4.358898943540674,0.0,1.4142135623730951,0.0,,,,,,,,,,,,,,,,,,,,,4.677619002878068,0.0,,,,,,,,,,,,,,,,,,,,,11.576074075192931,0.0,16.418200262688927,0.0,15.544258123529744,0.0,14.015400361059145,0.0,12.09399154181158,0.0,9.659712368746671,0.0,6.400020679652482,0.0,4.896680661128606,0.0,3.895399289449325,0.0,0.6618696519470317,0.0
Laden,375.5843137254902,0.0,17.994273086137728,0.0,336.6551160461428,0.0,381.0,0.0,346.0,0.0,287.0,0.0,225.0,0.0,144.0,0.0,54.0,0.0,30.0,0.0,17.0,0.0,9.0,0.0,11.248732665950426,0.0,19.519221295943137,0.0,18.601075237738275,0.0,16.941074346097416,0.0,15.0,0.0,12.0,0.0,7.3484692283495345,0.0,5.477225575051661,0.0,4.123105625617661,0.0,3.0,0.0,,,,,,,,,,,,,,,,,,,,,4.9488595375332345,0.0,,,,,,,,,,,,,,,,,,,,,11.248729001917686,0.0,17.658491887660364,0.0,16.86910973376446,0.0,15.195011721563676,0.0,13.091354725606406,0.0,9.917110802782265,0.0,5.641822847468395,0.0,4.460538746907738,0.0,3.647925367622548,0.0,2.5150661115962025,0.0
Lader,346.7725490196078,0.0,17.285565000919107,0.0,341.14587150018986,0.0,351.0,0.0,318.0,0.0,262.0,0.0,209.0,0.0,131.0,0.0,56.0,0.0,34.0,0.0,17.0,0.0,9.0,0.0,11.343631240341702,0.0,18.734993995195193,0.0,17.832554500127006,0.0,16.186414056238647,0.0,14.45683229480096,0.0,11.445523142259598,0.0,7.483314773547883,0.0,5.830951894845301,0.0,4.123105625617661,0.0,3.0,0.0,,,,,,,,,,,,,,,,,,,,,5.375402142230286,0.0,,,,,,,,,,,,,,,,,,,,,11.343590751036501,0.0,16.760611761962963,0.0,15.998433156038917,0.0,14.326086003751001,0.0,12.50860069817816,0.0,9.424895209480653,0.0,5.762277316032705,0.0,4.729654744102991,0.0,3.647925367622548,0.0,2.5150661115962025,0.0
Lager,355.5960784313726,0.0,17.478591507666966,0.0,349.3232853598546,0.0,363.0,0.0,328.0,0.0,271.0,0.0,213.0,0.0,138.0,0.0,68.0,0.0,36.0,0.0,23.0,0.0,16.0,0.0,11.633793676538417,0.0,19.05255888325765,0.0,18.110770276274835,0.0,16.46207763315433,0.0,14.594519519326424,0.0,11.74734012447073,0.0,8.246211251235321,0.0,6.0,0.0,4.795831523312719,0.0,4.0,0.0,,,,,,,,,,,,,,,,,,,,,6.2975018100569695,0.0,,,,,,,,,,,,,,,,,,,,,11.633779181804709,0.0,17.033840146037683,0.0,16.314647949783236,0.0,14.623739888698092,0.0,12.566861041678127,0.0,9.77905659484987,0.0,6.446773010560709,0.0,4.495007158390442,0.0,3.517078240064401,0.0,2.6099998410952274,0.0
Lagos,365.278431372549,0.0,17.605041045216787,0.0,344.3838653071024,0.0,380.0,0.0,335.0,0.0,271.0,0.0,208.0,0.0,133.0,0.0,70.0,0.0,38.0,0.0,22.0,0.0,16.0,0.0,11.456353091854373,0.0,19.493588689617926,0.0,18.303005217723125,0.0,16.46207763315433,0.0,14.422205101855956,0.0,11.532562594670797,0.0,8.366600265340756,0.0,6.164414002968976,0.0,4.69041575982343,0.0,4.0,0.0,,,,,,,,,,,,,,,,,,,,,5.752369376564763,0.0,,,,,,,,,,,,,,,,,,,,,11.456281952585257,0.0,17.378830116383142,0.0,16.421026498917506,0.0,14.607570560684456,0.0,12.456655063559914,0.0,9.58207977961563,0.0,6.489370093409348,0.0,4.5932554361339735,0.0,3.4819226510513337,0.0,2.6099998410952274,0.0
Lahfa,363.61176470588236,0.0,17.676670145578935,0.0,354.3299487329001,0.0,372.0,0.0,322.0,0.0,277.0,0.0,220.0,0.0,160.0,0.0,81.0,0.0,50.0,0.0,31.0,0.0,10.0,0.0,12.017335691604053,0.0,19.28730152198591,0.0,17.944358444926362,0.0,16.64331697709324,0.0,14.832396974191326,0.0,12.649110640673518,0.0,9.0,0.0,7.0710678118654755,0.0,5.5677643628300215,0.0,3.1622776601683795,0.0,,,,,,,,,,,,,,,,,,,,,4.42617233254096,0.0,,,,,,,,,,,,,,,,,,,,,12.016888629553266,0.0,17.440529047887424,0.0,16.34069895760032,0.0,14.88477677164952,0.0,12.911765763861602,0.0,10.704949204838277,0.0,7.365104160456445,0.0,6.00072296294795,0.0,5.038180022888596,0.0,2.234873725619634,0.0
Lahna,378.6745098039215,0.0,18.06880778265846,0.0,334.9564542821114,0.0,383.0,0.0,338.0,0.0,290.0,0.0,227.0,0.0,147.0,0.0,62.0,0.0,26.0,0.0,16.0,0.0,3.0,0.0,11.29273630930227,0.0,19.570385790780925,0.0,18.384776310850235,0.0,17.029386365926403,0.0,15.066519173319364,0.0,12.12435565298214,0.0,7.874007874011811,0.0,5.0990195135927845,0.0,4.0,0.0,1.7320508075688772,0.0,,,,,,,,,,,,,,,,,,,,,4.574995018755624,0.0,,,,,,,,,,,,,,,,,,,,,11.293022249925516,0.0,17.731784775585457,0.0,16.792222361640373,0.0,15.229437089470954,0.0,13.114642045416863,0.0,10.058204176818746,0.0,6.078247213885734,0.0,4.106183224255494,0.0,3.7606640050939055,0.0,1.0076972804339992,0.0
Laibe,339.34901960784316,0.0,17.013237264393066,0.0,340.7357735824607,0.0,348.0,0.0,312.0,0.0,260.0,0.0,190.0,0.0,131.0,0.0,62.0,0.0,29.0,0.0,13.0,0.0,2.0,0.0,11.314917136892195,0.0,18.65475810617763,0.0,17.663521732655695,0.0,16.1245154965971,0.0,13.784048752090222,0.0,11.445523142259598,0.0,7.874007874011811,0.0,5.385164807134504,0.0,3.605551275463989,0.0,1.4142135623730951,0.0,,,,,,,,,,,,,,,,,,,,,4.941005283553581,0.0,,,,,,,,,,,,,,,,,,,,,11.31475726223966,0.0,16.790113072986053,0.0,15.860647689533742,0.0,14.245736998417593,0.0,11.791109662571934,0.0,9.538663915575407,0.0,6.266846373921827,0.0,3.921073582924825,0.0,2.924607269857023,0.0,0.6618696519470317,0.0
Laici,278.5254901960784,0.0,15.423431197744957,0.0,347.6005596455848,0.0,271.0,0.0,246.0,0.0,203.0,0.0,161.0,0.0,118.0,0.0,65.0,0.0,36.0,0.0,13.0,0.0,2.0,0.0,11.67256437060148,0.0,16.46207763315433,0.0,15.684387141358123,0.0,14.247806848775006,0.0,12.68857754044952,0.0,10.862780491200215,0.0,8.06225774829855,0.0,6.0,0.0,3.605551275463989,0.0,1.4142135623730951,0.0,,,,,,,,,,,,,,,,,,,,,4.96496718911742,0.0,,,,,,,,,,,,,,,,,,,,,11.672812850497975,0.0,14.47814014952094,0.0,13.813510541137733,0.0,12.302096502544032,0.0,10.687256874994478,0.0,8.846766420248512,0.0,6.1283848688890465,0.0,4.4275041027898885,0.0,2.8673916805462465,0.0,0.9625466294888946,0.0
Lakai,344.17647058823536,0.0,17.209075956339134,0.0,358.69323943814004,0.0,349.0,0.0,314.0,0.0,263.0,0.0,209.0,0.0,156.0,0.0,88.0,0.0,49.0,0.0,28.0,0.0,5.0,0.0,12.148792414826604,0.0,18.681541692269406,0.0,17.72004514666935,0.0,16.217274740226856,0.0,14.45683229480096,0.0,12.489995996796797,0.0,9.38083151964686,0.0,7.0,0.0,5.291502622129181,0.0,2.23606797749979,0.0,,,,,,,,,,,,,,,,,,,,,5.604869250507977,0.0,,,,,,,,,,,,,,,,,,,,,12.149106452338563,0.0,16.71037848559302,0.0,16.041874622909027,0.0,14.36273522508819,0.0,12.53604511458906,0.0,10.478457675708428,0.0,7.511161625101241,0.0,5.5218443852919865,0.0,4.486589252244384,0.0,1.3936760334269074,0.0
Laken,373.3294117647059,0.0,17.985839617847674,0.0,342.10748083895527,0.0,377.0,0.0,341.0,0.0,289.0,0.0,227.0,0.0,155.0,0.0,65.0,0.0,30.0,0.0,20.0,0.0,3.0,0.0,11.500958013678085,0.0,19.4164878389476,0.0,18.466185312619388,0.0,17.0,0.0,15.066519173319364,0.0,12.449899597988733,0.0,8.06225774829855,0.0,5.477225575051661,0.0,4.47213595499958,0.0,1.7320508075688772,0.0,,,,,,,,,,,,,,,,,,,,,4.580653907796417,0.0,,,,,,,,,,,,,,,,,,,,,11.501206596310869,0.0,17.584169239438527,0.0,16.834041656711587,0.0,15.254622258821104,0.0,13.097441013696795,0.0,10.389544313605594,0.0,6.333120046028853,0.0,4.354805321188285,0.0,3.932232219120158,0.0,1.0076972804339992,0.0
Lampe,416.235294117647,0.0,18.940598375459356,0.0,402.6476362870635,0.0,439.0,0.0,385.0,0.0,332.0,0.0,270.0,0.0,204.0,0.0,125.0,0.0,96.0,0.0,68.0,0.0,60.0,0.0,13.605662215959414,0.0,20.952326839756964,0.0,19.621416870348583,0.0,18.2208671582886,0.0,16.431676725154983,0.0,14.2828568570857,0.0,11.180339887498949,0.0,9.797958971132712,0.0,8.246211251235321,0.0,7.745966692414834,0.0,,,,,,,,,,,,,,,,,,,,,6.864344400795149,0.0,,,,,,,,,,,,,,,,,,,,,13.605567365450852,0.0,18.932286146391007,0.0,17.837071696713036,0.0,16.50936483622611,0.0,14.710263470717944,0.0,12.520860949592402,0.0,9.739351083439995,0.0,8.688032851194087,0.0,7.218902139860152,0.0,6.629501576958397,0.0
Lange,384.4078431372549,0.0,18.17977633496597,0.0,341.50754509155973,0.0,396.0,0.0,351.0,0.0,294.0,0.0,224.0,0.0,151.0,0.0,63.0,0.0,33.0,0.0,22.0,0.0,16.0,0.0,11.428804670868054,0.0,19.8997487421324,0.0,18.734993995195193,0.0,17.146428199482248,0.0,14.966629547095765,0.0,12.288205727444508,0.0,7.937253933193772,0.0,5.744562646538029,0.0,4.69041575982343,0.0,4.0,0.0,,,,,,,,,,,,,,,,,,,,,6.893435552377841,0.0,,,,,,,,,,,,,,,,,,,,,11.4290701950895,0.0,17.999511382570784,0.0,17.04410436785293,0.0,15.334388896152202,0.0,12.989753264872471,0.0,10.270459497603593,0.0,6.170872621618301,0.0,4.4319830190801,0.0,3.4824499122077657,0.0,2.609431180892979,0.0
Lanze,342.2313725490196,0.0,17.199924447497306,0.0,321.8229373699086,0.0,339.0,0.0,304.0,0.0,253.0,0.0,189.0,0.0,131.0,0.0,43.0,0.0,12.0,0.0,3.0,0.0,0.0,0.0,10.686868874976774,0.0,18.411952639521967,0.0,17.435595774162696,0.0,15.905973720586866,0.0,13.74772708486752,0.0,11.445523142259598,0.0,6.557438524302,0.0,3.4641016151377544,0.0,1.7320508075688772,0.0,0.0,0.0,,,,,,,,,,,,,,,,,,,,,3.107670590342942,0.0,,,,,,,,,,,,,,,,,,,,,10.687169618327735,0.0,16.618900419285996,0.0,15.709950477578271,0.0,14.00883455522527,0.0,11.679986589867362,0.0,9.286881050086178,0.0,4.397825823522984,0.0,2.082587235455167,0.0,0.9703749154651147,0.0,0.0,0.0
Larve,308.65098039215684,0.0,16.277514487572052,0.0,333.35037998126415,0.0,303.0,0.0,272.0,0.0,225.0,0.0,174.0,0.0,119.0,0.0,54.0,0.0,29.0,0.0,3.0,0.0,0.0,0.0,11.103039074318337,0.0,17.406895185529212,0.0,16.492422502470642,0.0,15.0,0.0,13.19090595827292,0.0,10.908712114635714,0.0,7.3484692283495345,0.0,5.385164807134504,0.0,1.7320508075688772,0.0,0.0,0.0,,,,,,,,,,,,,,,,,,,,,3.0948058122659976,0.0,,,,,,,,,,,,,,,,,,,,,11.102608066676998,0.0,15.48145468098393,0.0,14.606880911746408,0.0,13.074647681008456,0.0,11.110757893340638,0.0,8.764257619949127,0.0,5.306525475705838,0.0,3.6744595068436126,0.0,1.0306900948706137,0.0,0.0,0.0
Lasso,315.3686274509804,0.0,16.297029069075062,0.0,318.7479065259584,0.0,317.0,0.0,271.0,0.0,210.0,0.0,163.0,0.0,108.0,0.0,41.0,0.0,20.0,0.0,5.0,0.0,0.0,0.0,10.515628840800133,0.0,17.804493814764857,0.0,16.46207763315433,0.0,14.491376746189438,0.0,12.767145334803704,0.0,10.392304845413264,0.0,6.4031242374328485,0.0,4.47213595499958,0.0,2.23606797749979,0.0,0.0,0.0,,,,,,,,,,,,,,,,,,,,,3.016925328371752,0.0,,,,,,,,,,,,,,,,,,,,,10.515358194163728,0.0,15.672891342305302,0.0,14.591918578385208,0.0,12.518842900534041,0.0,10.678078615558547,0.0,8.140866205334008,0.0,4.2434967928895215,0.0,2.8674731916582124,0.0,1.1248056959242332,0.0,0.0,0.0
Latex,320.01960784313724,0.0,16.53382956802641,0.0,335.5464000993479,0.0,319.0,0.0,291.0,0.0,235.0,0.0,183.0,0.0,124.0,0.0,54.0,0.0,25.0,0.0,7.0,0.0,0.0,0.0,11.172614334634925,0.0,17.86057109949175,0.0,17.05872210923198,0.0,15.329709716755891,0.0,13.527749258468683,0.0,11.135528725660043,0.0,7.3484692283495345,0.0,5.0,0.0,2.6457513110645907,0.0,0.0,0.0,,,,,,,,,,,,,,,,,,,,,3.0992201182887307,0.0,,,,,,,,,,,,,,,,,,,,,11.172921477685977,0.0,15.671114927351645,0.0,15.097031455671637,0.0,13.41936489788907,0.0,11.431869578357455,0.0,9.034207316342453,0.0,5.490042553204075,0.0,3.5112030969392665,0.0,1.4558536660094943,0.0,0.0,0.0
Laube,369.8941176470588,0.0,17.768681111736907,0.0,331.4171670540718,0.0,388.0,0.0,352.0,0.0,288.0,0.0,208.0,0.0,129.0,0.0,44.0,0.0,17.0,0.0,9.0,0.0,2.0,0.0,10.882814909964482,0.0,19.697715603592208,0.0,18.76166303929372,0.0,16.97056274847714,0.0,14.422205101855956,0.0,11.357816691600547,0.0,6.6332495807108,0.0,4.123105625617661,0.0,3.0,0.0,1.4142135623730951,0.0,,,,,,,,,,,,,,,,,,,,,5.420839917318444,0.0,,,,,,,,,,,,,,,,,,,,,10.882816074146636,0.0,17.79310125284173,0.0,16.90319975791852,0.0,15.031226805038921,0.0,12.320658404149336,0.0,9.22661977257753,0.0,5.139816382627837,0.0,2.8964162028981657,0.0,2.2869579908649196,0.0,0.6618696519470317,0.0
Lauch,359.73333333333335,0.0,17.59655780536246,0.0,342.2143658564897,0.0,376.0,0.0,337.0,0.0,279.0,0.0,216.0,0.0,139.0,0.0,55.0,0.0,24.0,0.0,16.0,0.0,5.0,0.0,11.377770632174842,0.0,19.390719429665317,0.0,18.35755975068582,0.0,16.703293088490067,0.0,14.696938456699069,0.0,11.789826122551595,0.0,7.416198487095663,0.0,4.898979485566356,0.0,4.0,0.0,2.23606797749979,0.0,,,,,,,,,,,,,,,,,,,,,6.375736891805222,0.0,,,,,,,,,,,,,,,,,,,,,11.377246674466985,0.0,17.463683966860707,0.0,16.58682672836283,0.0,14.798625808280669,0.0,12.61306221541346,0.0,9.53853541826272,0.0,5.7508374240682265,0.0,4.135195279137666,0.0,3.764954608733687,0.0,1.4706755745363886,0.0
Lauht,360.2352941176471,0.0,17.630342409373156,0.0,347.62071444576634,0.0,379.0,0.0,337.0,0.0,278.0,0.0,218.0,0.0,139.0,0.0,62.0,0.0,31.0,0.0,19.0,0.0,2.0,0.0,11.593371142013064,0.0,19.467922333931785,0.0,18.35755975068582,0.0,16.673332000533065,0.0,14.7648230602334,0.0,11.789826122551595,0.0,7.874007874011811,0.0,5.5677643628300215,0.0,4.358898943540674,0.0,1.4142135623730951,0.0,,,,,,,,,,,,,,,,,,,,,5.275335563086708,0.0,,,,,,,,,,,,,,,,,,,,,11.593275601425939,0.0,17.328695018869542,0.0,16.490516950334573,0.0,14.74082189776536,0.0,12.766793303107322,0.0,9.637745486682212,0.0,6.14824647065371,0.0,4.630212462774107,0.0,3.895399289449325,0.0,0.6618696519470317,0.0
Laute,329.2,0.0,16.788516058129254,0.0,326.7655824714572,0.0,339.0,0.0,303.0,0.0,242.0,0.0,184.0,0.0,116.0,0.0,36.0,0.0,17.0,0.0,3.0,0.0,0.0,0.0,10.773021151581494,0.0,18.411952639521967,0.0,17.406895185529212,0.0,15.556349186104045,0.0,13.564659966250536,0.0,10.770329614269007,0.0,6.0,0.0,4.123105625617661,0.0,1.7320508075688772,0.0,0.0,0.0,,,,,,,,,,,,,,,,,,,,,3.0207175697494253,0.0,,,,,,,,,,,,,,,,,,,,,10.772789865484343,0.0,16.367496477264588,0.0,15.470943831494717,0.0,13.69338266799655,0.0,11.444395219405605,0.0,8.559160368975835,0.0,4.316050205899058,0.0,3.0227405305247212,0.0,1.0634663993176967,0.0,0.0,0.0
Lbbst,365.61176470588236,0.0,17.58002475199228,0.0,363.7675532446218,0.0,388.0,0.0,353.0,0.0,292.0,0.0,220.0,0.0,161.0,0.0,82.0,0.0,44.0,0.0,24.0,0.0,10.0,0.0,12.079772571189762,0.0,19.697715603592208,0.0,18.788294228055936,0.0,17.08800749063506,0.0,14.832396974191326,0.0,12.68857754044952,0.0,9.055385138137417,0.0,6.6332495807108,0.0,4.898979485566356,0.0,3.1622776601683795,0.0,,,,,,,,,,,,,,,,,,,,,5.797512973135533,0.0,,,,,,,,,,,,,,,,,,,,,12.079703354889594,0.0,17.655189165410906,0.0,16.92033638012066,0.0,15.151518567776238,0.0,12.831500573807126,0.0,10.652106181145047,0.0,7.468649059123744,0.0,5.042396905482129,0.0,3.665818861656594,0.0,2.20855459990196,0.0
Lbmpb,472.01960784313724,0.0,20.115336411277582,0.0,448.35110295805043,0.0,521.0,0.0,472.0,0.0,413.0,0.0,331.0,0.0,263.0,0.0,169.0,0.0,123.0,0.0,88.0,0.0,72.0,0.0,14.851027048148458,0.0,22.825424421026653,0.0,21.72556098240043,0.0,20.322401432901575,0.0,18.193405398660254,0.0,16.217274740226856,0.0,13.0,0.0,11.090536506409418,0.0,9.38083151964686,0.0,8.48528137423857,0.0,,,,,,,,,,,,,,,,,,,,,6.773160835035634,0.0,,,,,,,,,,,,,,,,,,,,,14.850669518773843,0.0,20.92328026288366,0.0,19.975967984496016,0.0,18.53759799233493,0.0,16.382628307981314,0.0,14.376809094230987,0.0,11.480590033863546,0.0,9.631842032010542,0.0,8.014420222941133,0.0,7.059990888914298,0.0
Lcfnc,315.49411764705883,0.0,16.43407109667162,0.0,355.743620499281,0.0,310.0,0.0,283.0,0.0,248.0,0.0,201.0,0.0,138.0,0.0,76.0,0.0,42.0,0.0,17.0,0.0,7.0,0.0,11.976176225831297,0.0,17.60681686165901,0.0,16.822603841260722,0.0,15.748015748023622,0.0,14.177446878757825,0.0,11.74734012447073,0.0,8.717797887081348,0.0,6.48074069840786,0.0,4.123105625617661,0.0,2.6457513110645907,0.0,,,,,,,,,,,,,,,,,,,,,4.332802703670486,0.0,,,,,,,,,,,,,,,,,,,,,11.97598169682926,0.0,15.67557087037773,0.0,15.059459164306483,0.0,13.91380110599345,0.0,12.099748391301409,0.0,9.680491262117464,0.0,6.69466368136657,0.0,5.05616116996593,0.0,3.4113883313312185,0.0,1.983529229327966,0.0
Lcftc,290.82352941176475,0.0,15.719272155822111,0.0,364.64645868260607,0.0,292.0,0.0,261.0,0.0,224.0,0.0,185.0,0.0,138.0,0.0,79.0,0.0,52.0,0.0,20.0,0.0,7.0,0.0,12.229946479874227,0.0,17.08800749063506,0.0,16.15549442140351,0.0,14.966629547095765,0.0,13.601470508735444,0.0,11.74734012447073,0.0,8.888194417315589,0.0,7.211102550927978,0.0,4.47213595499958,0.0,2.6457513110645907,0.0,,,,,,,,,,,,,,,,,,,,,2.8080664030459968,0.0,,,,,,,,,,,,,,,,,,,,,12.22999369922561,0.0,14.946326786594602,0.0,14.207363685151153,0.0,13.158062652908455,0.0,11.58391768270445,0.0,9.793180101376665,0.0,7.007702944174285,0.0,5.753755824715825,0.0,3.576969142833725,0.0,1.983529229327966,0.0
Ldthr,362.6627450980392,0.0,17.765536490991888,0.0,375.7336478471322,0.0,380.0,0.0,337.0,0.0,295.0,0.0,240.0,0.0,160.0,0.0,96.0,0.0,57.0,0.0,35.0,0.0,12.0,0.0,12.576522487304052,0.0,19.493588689617926,0.0,18.35755975068582,0.0,17.175564037317667,0.0,15.491933384829668,0.0,12.649110640673518,0.0,9.797958971132712,0.0,7.54983443527075,0.0,5.916079783099616,0.0,3.4641016151377544,0.0,,,,,,,,,,,,,,,,,,,,,4.648242229913263,0.0,,,,,,,,,,,,,,,,,,,,,12.576555483815078,0.0,17.375891536541765,0.0,16.417451425891823,0.0,15.375610807173285,0.0,13.567625894763031,0.0,10.814573463441707,0.0,8.080298505198687,0.0,6.382105121148145,0.0,5.331080566452118,0.0,2.7006403002676294,0.0
Lebby,395.1490196078432,0.0,18.319031435255376,0.0,378.99178673534726,0.0,423.0,0.0,393.0,0.0,342.0,0.0,248.0,0.0,176.0,0.0,101.0,0.0,55.0,0.0,31.0,0.0,10.0,0.0,12.570008894153254,0.0,20.566963801203133,0.0,19.82422760159901,0.0,18.49324200890693,0.0,15.748015748023622,0.0,13.2664991614216,0.0,10.04987562112089,0.0,7.416198487095663,0.0,5.5677643628300215,0.0,3.1622776601683795,0.0,,,,,,,,,,,,,,,,,,,,,6.5195918700290525,0.0,,,,,,,,,,,,,,,,,,,,,12.569861727454251,0.0,18.58743972274115,0.0,17.91778699333532,0.0,16.557372822247668,0.0,13.692549139903727,0.0,11.407611892349252,0.0,8.396785869798997,0.0,5.710355034708012,0.0,4.22015589709637,0.0,1.9429058996571127,0.0
Lecks,335.0156862745098,0.0,16.969677822455083,0.0,344.3948298250874,0.0,343.0,0.0,298.0,0.0,253.0,0.0,199.0,0.0,136.0,0.0,65.0,0.0,34.0,0.0,20.0,0.0,2.0,0.0,11.487657467297893,0.0,18.520259177452136,0.0,17.26267650163207,0.0,15.905973720586866,0.0,14.106735979665885,0.0,11.661903789690601,0.0,8.06225774829855,0.0,5.830951894845301,0.0,4.47213595499958,0.0,1.4142135623730951,0.0,,,,,,,,,,,,,,,,,,,,,4.7642426796380875,0.0,,,,,,,,,,,,,,,,,,,,,11.487065520906338,0.0,16.446417899028937,0.0,15.41958113072679,0.0,13.962035837286939,0.0,12.033697502693062,0.0,9.746470569196598,0.0,6.3655283214890135,0.0,4.597694680098851,0.0,3.9261739398000874,0.0,0.6618696519470317,0.0
Leder,342.08627450980396,0.0,17.214860849388867,0.0,344.94621598054084,0.0,348.0,0.0,312.0,0.0,261.0,0.0,213.0,0.0,132.0,0.0,57.0,0.0,35.0,0.0,18.0,0.0,9.0,0.0,11.444597118655311,0.0,18.65475810617763,0.0,17.663521732655695,0.0,16.15549442140351,0.0,14.594519519326424,0.0,11.489125293076057,0.0,7.54983443527075,0.0,5.916079783099616,0.0,4.242640687119285,0.0,3.0,0.0,,,,,,,,,,,,,,,,,,,,,5.251895502491278,0.0,,,,,,,,,,,,,,,,,,,,,11.444631411798962,0.0,16.631268462659154,0.0,15.763187446019433,0.0,14.300296297586145,0.0,12.58790290511373,0.0,9.495750770178109,0.0,5.8263023295779846,0.0,4.762775388168759,0.0,3.6782733232645772,0.0,2.5150661115962025,0.0
Lefte,312.7450980392157,0.0,16.398154452097124,0.0,347.4020531136871,0.0,316.0,0.0,275.0,0.0,231.0,0.0,182.0,0.0,132.0,0.0,67.0,0.0,43.0,0.0,18.0,0.0,7.0,0.0,11.652431462543158,0.0,17.776388834631177,0.0,16.583123951777,0.0,15.198684153570664,0.0,13.490737563232042,0.0,11.489125293076057,0.0,8.18535277187245,0.0,6.557438524302,0.0,4.242640687119285,0.0,2.6457513110645907,0.0,,,,,,,,,,,,,,,,,,,,,2.855342289974352,0.0,,,,,,,,,,,,,,,,,,,,,11.65275257661228,0.0,15.704303394061261,0.0,14.616750836121941,0.0,13.41805936827058,0.0,11.51920651647535,0.0,9.582732982886819,0.0,6.534778853475404,0.0,5.340183860259024,0.0,3.489453763250393,0.0,1.983529229327966,0.0
Legen,379.7215686274509,0.0,18.112563160751456,0.0,348.6328743861585,0.0,390.0,0.0,350.0,0.0,295.0,0.0,233.0,0.0,152.0,0.0,67.0,0.0,33.0,0.0,24.0,0.0,16.0,0.0,11.640532877532129,0.0,19.748417658131498,0.0,18.708286933869708,0.0,17.175564037317667,0.0,15.264337522473747,0.0,12.328828005937952,0.0,8.18535277187245,0.0,5.744562646538029,0.0,4.898979485566356,0.0,4.0,0.0,,,,,,,,,,,,,,,,,,,,,5.477342327150177,0.0,,,,,,,,,,,,,,,,,,,,,11.640414904846624,0.0,17.820698036343344,0.0,16.940705556896894,0.0,15.427765024572556,0.0,13.232502560028951,0.0,10.295056285843557,0.0,6.381718353463896,0.0,4.2465226577871436,0.0,3.5483300549653127,0.0,2.6099998410952274,0.0
Lehre,340.4901960784314,0.0,17.22208063837822,0.0,342.4824352816993,0.0,350.0,0.0,300.0,0.0,258.0,0.0,208.0,0.0,140.0,0.0,54.0,0.0,32.0,0.0,17.0,0.0,3.0,0.0,11.391061666962663,0.0,18.708286933869708,0.0,17.320508075688775,0.0,16.06237840420901,0.0,14.422205101855956,0.0,11.832159566199232,0.0,7.3484692283495345,0.0,5.656854249492381,0.0,4.123105625617661,0.0,1.7320508075688772,0.0,,,,,,,,,,,,,,,,,,,,,4.149054582943167,0.0,,,,,,,,,,,,,,,,,,,,,11.391314974749788,0.0,16.791857192629912,0.0,15.496930701112962,0.0,14.203709113478155,0.0,12.447387252470966,0.0,9.798795438100695,0.0,5.788845982942401,0.0,4.683732242503268,0.0,3.790300463062629,0.0,1.0076972804339992,0.0
Leier,289.8274509803922,0.0,15.846741970038353,0.0,337.23914198475796,0.0,283.0,0.0,253.0,0.0,211.0,0.0,172.0,0.0,111.0,0.0,53.0,0.0,24.0,0.0,6.0,0.0,0.0,0.0,11.192047251119023,0.0,16.822603841260722,0.0,15.905973720586866,0.0,14.52583904633395,0.0,13.114877048604,0.0,10.535653752852738,0.0,7.280109889280518,0.0,4.898979485566356,0.0,2.449489742783178,0.0,0.0,0.0,,,,,,,,,,,,,,,,,,,,,3.1261763908292286,0.0,,,,,,,,,,,,,,,,,,,,,11.192432750716499,0.0,14.775076735697876,0.0,13.965866877399344,0.0,12.619456693746383,0.0,10.982222210589619,0.0,8.555936465735327,0.0,5.381322010479381,0.0,3.391521790628626,0.0,1.9401385128985384,0.0,0.0,0.0
Leine,318.6392156862745,0.0,16.616929245876808,0.0,330.9816952968719,0.0,314.0,0.0,279.0,0.0,237.0,0.0,186.0,0.0,119.0,0.0,52.0,0.0,20.0,0.0,5.0,0.0,0.0,0.0,11.036653195859227,0.0,17.72004514666935,0.0,16.703293088490067,0.0,15.394804318340652,0.0,13.638181696985855,0.0,10.908712114635714,0.0,7.211102550927978,0.0,4.47213595499958,0.0,2.23606797749979,0.0,0.0,0.0,,,,,,,,,,,,,,,,,,,,,4.107930557925956,0.0,,,,,,,,,,,,,,,,,,,,,11.036132640154735,0.0,15.813880156343512,0.0,14.892805288781787,0.0,13.574472886424962,0.0,11.615060968248452,0.0,8.882450744565162,0.0,5.301843927282911,0.0,3.0034748778919993,0.0,1.873982684532562,0.0,0.0,0.0
Leite,293.9686274509804,0.0,15.910347634820011,0.0,339.884533480197,0.0,296.0,0.0,257.0,0.0,213.0,0.0,170.0,0.0,119.0,0.0,55.0,0.0,30.0,0.0,8.0,0.0,0.0,0.0,11.311521015057654,0.0,17.204650534085253,0.0,16.0312195418814,0.0,14.594519519326424,0.0,13.038404810405298,0.0,10.908712114635714,0.0,7.416198487095663,0.0,5.477225575051661,0.0,2.8284271247461903,0.0,0.0,0.0,,,,,,,,,,,,,,,,,,,,,3.4141176455013933,0.0,,,,,,,,,,,,,,,,,,,,,11.311898782636982,0.0,15.135320832290759,0.0,14.025194116468592,0.0,12.762218197102953,0.0,11.01980588972346,0.0,8.963468521476509,0.0,5.64857828280587,0.0,4.038588664332836,0.0,2.155816884455681,0.0,0.0,0.0
Leken,368.64313725490194,0.0,17.91789896784109,0.0,345.9078253193062,0.0,374.0,0.0,335.0,0.0,288.0,0.0,231.0,0.0,156.0,0.0,66.0,0.0,31.0,0.0,21.0,0.0,3.0,0.0,11.600554673112118,0.0,19.339079605813716,0.0,18.303005217723125,0.0,16.97056274847714,0.0,15.198684153570664,0.0,12.489995996796797,0.0,8.12403840463596,0.0,5.5677643628300215,0.0,4.58257569495584,0.0,1.7320508075688772,0.0,,,,,,,,,,,,,,,,,,,,,4.750848773190197,0.0,,,,,,,,,,,,,,,,,,,,,11.600896609646542,0.0,17.466697432316007,0.0,16.59707063831446,0.0,15.218466889189214,0.0,13.180279155664698,0.0,10.443399977468735,0.0,6.388939980104593,0.0,4.390930332354642,0.0,3.9605711931350798,0.0,1.0076972804339992,0.0
Lende,370.89803921568625,0.0,17.926364398876938,0.0,338.304357838413,0.0,378.0,0.0,335.0,0.0,284.0,0.0,228.0,0.0,143.0,0.0,60.0,0.0,29.0,0.0,17.0,0.0,9.0,0.0,11.283066041216003,0.0,19.44222209522358,0.0,18.303005217723125,0.0,16.852299546352718,0.0,15.0996688705415,0.0,11.958260743101398,0.0,7.745966692414834,0.0,5.385164807134504,0.0,4.123105625617661,0.0,3.0,0.0,,,,,,,,,,,,,,,,,,,,,6.104539989881379,0.0,,,,,,,,,,,,,,,,,,,,,11.28310437858433,0.0,17.545537223704844,0.0,16.493198027857034,0.0,15.04257234140788,0.0,13.168122814915677,0.0,9.922038086301422,0.0,5.9287641026172295,0.0,4.417186308492381,0.0,3.650993242129234,0.0,2.4773383361263903,0.0
Lepra,346.5098039215686,0.0,17.28964861558176,0.0,348.1132371164081,0.0,341.0,0.0,303.0,0.0,263.0,0.0,209.0,0.0,150.0,0.0,74.0,0.0,40.0,0.0,20.0,0.0,14.0,0.0,11.72661259630273,0.0,18.466185312619388,0.0,17.406895185529212,0.0,16.217274740226856,0.0,14.45683229480096,0.0,12.24744871391589,0.0,8.602325267042627,0.0,6.324555320336759,0.0,4.47213595499958,0.0,3.7416573867739413,0.0,,,,,,,,,,,,,,,,,,,,,4.527355281682048,0.0,,,,,,,,,,,,,,,,,,,,,11.72672223736005,0.0,16.63925033162789,0.0,15.62709698307255,0.0,14.369215578924672,0.0,12.477231786801893,0.0,10.247028083285462,0.0,6.815218525833344,0.0,5.079624355160819,0.0,3.8664048362592185,0.0,3.316643297496372,0.0
Lesbe,345.83529411764704,0.0,17.16418398414557,0.0,330.8735252272468,0.0,358.0,0.0,312.0,0.0,256.0,0.0,191.0,0.0,124.0,0.0,51.0,0.0,22.0,0.0,12.0,0.0,2.0,0.0,10.885529137310886,0.0,18.920887928424502,0.0,17.663521732655695,0.0,16.0,0.0,13.820274961085254,0.0,11.135528725660043,0.0,7.14142842854285,0.0,4.69041575982343,0.0,3.4641016151377544,0.0,1.4142135623730951,0.0,,,,,,,,,,,,,,,,,,,,,5.253703539284535,0.0,,,,,,,,,,,,,,,,,,,,,10.88492975943186,0.0,16.92783203334853,0.0,15.804784744538614,0.0,14.03811804495191,0.0,11.726984767760525,0.0,9.140070934684756,0.0,5.473202888684646,0.0,3.2260708896365253,0.0,2.455366945976157,0.0,0.6618696519470317,0.0
Leser,301.0,0.0,16.084698443838462,0.0,323.57654914919306,0.0,296.0,0.0,259.0,0.0,208.0,0.0,169.0,0.0,103.0,0.0,41.0,0.0,16.0,0.0,4.0,0.0,0.0,0.0,10.650280886639154,0.0,17.204650534085253,0.0,16.09347693943108,0.0,14.422205101855956,0.0,13.0,0.0,10.14889156509222,0.0,6.4031242374328485,0.0,4.0,0.0,2.0,0.0,0.0,0.0,,,,,,,,,,,,,,,,,,,,,2.7946878223766825,0.0,,,,,,,,,,,,,,,,,,,,,10.65040408548797,0.0,15.068967086617741,0.0,14.151932140394283,0.0,12.447734584809668,0.0,10.82308267902482,0.0,8.014810920456263,0.0,4.386638268085767,0.0,2.514360622935386,0.0,1.0329814717367203,0.0,0.0,0.0
Lesst,296.6862745098039,0.0,15.869140473798907,0.0,328.72735595132997,0.0,298.0,0.0,252.0,0.0,197.0,0.0,161.0,0.0,111.0,0.0,48.0,0.0,24.0,0.0,8.0,0.0,0.0,0.0,10.908376053970331,0.0,17.26267650163207,0.0,15.874507866387544,0.0,14.035668847618199,0.0,12.68857754044952,0.0,10.535653752852738,0.0,6.928203230275509,0.0,4.898979485566356,0.0,2.8284271247461903,0.0,0.0,0.0,,,,,,,,,,,,,,,,,,,,,2.708409126556248,0.0,,,,,,,,,,,,,,,,,,,,,10.908352518375363,0.0,14.9194521607248,0.0,13.90478658352782,0.0,12.041989951501476,0.0,10.579402276221215,0.0,8.356288161007926,0.0,4.897690325884771,0.0,3.3306984908598323,0.0,1.578253349235473,0.0,0.0,0.0
Leute,324.51372549019607,0.0,16.715709619902047,0.0,330.56592695180814,0.0,336.0,0.0,297.0,0.0,241.0,0.0,188.0,0.0,117.0,0.0,37.0,0.0,18.0,0.0,4.0,0.0,0.0,0.0,10.879283902164678,0.0,18.33030277982336,0.0,17.233687939614086,0.0,15.524174696260024,0.0,13.711309200802088,0.0,10.816653826391969,0.0,6.082762530298219,0.0,4.242640687119285,0.0,2.0,0.0,0.0,0.0,,,,,,,,,,,,,,,,,,,,,2.9640486419601197,0.0,,,,,,,,,,,,,,,,,,,,,10.87944152793755,0.0,16.234209113719754,0.0,15.171796883596441,0.0,13.641077582885917,0.0,11.554214104085746,0.0,8.613567528169954,0.0,4.3866628054216665,0.0,3.076117017949099,0.0,1.1638743434936105,0.0,0.0,0.0
Lfths,335.3254901960785,0.0,16.999009854241685,0.0,375.5916987254762,0.0,352.0,0.0,305.0,0.0,257.0,0.0,214.0,0.0,152.0,0.0,97.0,0.0,63.0,0.0,36.0,0.0,11.0,0.0,12.669454115082736,0.0,18.76166303929372,0.0,17.46424919657298,0.0,16.0312195418814,0.0,14.628738838327793,0.0,12.328828005937952,0.0,9.848857801796104,0.0,7.937253933193772,0.0,6.0,0.0,3.3166247903554,0.0,,,,,,,,,,,,,,,,,,,,,5.152113980039199,0.0,,,,,,,,,,,,,,,,,,,,,12.66961612858955,0.0,16.516614538244326,0.0,15.49702981413261,0.0,14.221642619238596,0.0,12.667057436512852,0.0,10.447786282966263,0.0,8.138843735811893,0.0,6.684289024579955,0.0,5.2317297511931145,0.0,2.607328634333208,0.0
Lhsts,327.721568627451,0.0,16.757216994920142,0.0,346.15963505600473,0.0,338.0,0.0,294.0,0.0,236.0,0.0,191.0,0.0,130.0,0.0,65.0,0.0,40.0,0.0,22.0,0.0,12.0,0.0,11.604825738331806,0.0,18.384776310850235,0.0,17.146428199482248,0.0,15.362291495737216,0.0,13.820274961085254,0.0,11.40175425099138,0.0,8.06225774829855,0.0,6.324555320336759,0.0,4.69041575982343,0.0,3.4641016151377544,0.0,,,,,,,,,,,,,,,,,,,,,5.293000753892814,0.0,,,,,,,,,,,,,,,,,,,,,11.604377981637862,0.0,16.247792913968297,0.0,15.25890240686128,0.0,13.536028758699944,0.0,11.813511163093581,0.0,9.447033977856234,0.0,6.389272303423743,0.0,5.174904835222059,0.0,4.01819910279187,0.0,3.000484787208892,0.0
Liane,323.3254901960785,0.0,16.690166592926925,0.0,337.53078023719485,0.0,320.0,0.0,284.0,0.0,241.0,0.0,190.0,0.0,128.0,0.0,60.0,0.0,29.0,0.0,7.0,0.0,0.0,0.0,11.381735253378297,0.0,17.88854381999832,0.0,16.852299546352718,0.0,15.524174696260024,0.0,13.784048752090222,0.0,11.313708498984761,0.0,7.745966692414834,0.0,5.385164807134504,0.0,2.6457513110645907,0.0,0.0,0.0,,,,,,,,,,,,,,,,,,,,,5.944140904079436,0.0,,,,,,,,,,,,,,,,,,,,,11.382383813155606,0.0,15.94269559684936,0.0,15.078477101848813,0.0,13.71225463425151,0.0,11.828802228525742,0.0,9.250186361953253,0.0,5.788773625125658,0.0,3.7825048500409473,0.0,2.0071385088597786,0.0,0.0,0.0
Libir,300.435294117647,0.0,16.086423169263664,0.0,379.19127649407574,0.0,309.0,0.0,285.0,0.0,249.0,0.0,202.0,0.0,152.0,0.0,92.0,0.0,54.0,0.0,21.0,0.0,2.0,0.0,12.702995353694497,0.0,17.578395831246947,0.0,16.881943016134134,0.0,15.7797338380595,0.0,14.212670403551895,0.0,12.328828005937952,0.0,9.591663046625438,0.0,7.3484692283495345,0.0,4.58257569495584,0.0,1.4142135623730951,0.0,,,,,,,,,,,,,,,,,,,,,5.1302214572411735,0.0,,,,,,,,,,,,,,,,,,,,,12.702020687700372,0.0,15.698337413803136,0.0,15.056041966200091,0.0,13.874639187148437,0.0,12.186907711052358,0.0,10.33339512905227,0.0,7.740920684256746,0.0,5.464249881719151,0.0,3.5814336151573367,0.0,0.668680288732816,0.0
Lifte,293.11764705882354,0.0,15.886892113395986,0.0,368.4747660044332,0.0,301.0,0.0,259.0,0.0,222.0,0.0,184.0,0.0,144.0,0.0,85.0,0.0,59.0,0.0,24.0,0.0,7.0,0.0,12.453296828488174,0.0,17.349351572897472,0.0,16.09347693943108,0.0,14.89966442575134,0.0,13.564659966250536,0.0,12.0,0.0,9.219544457292887,0.0,7.681145747868608,0.0,4.898979485566356,0.0,2.6457513110645907,0.0,,,,,,,,,,,,,,,,,,,,,4.2618554736497165,0.0,,,,,,,,,,,,,,,,,,,,,12.453453029046736,0.0,15.220813752351674,0.0,14.163974659402452,0.0,13.185387880693762,0.0,11.696062813606764,0.0,10.114729367803067,0.0,7.521386117432052,0.0,6.202841895499238,0.0,3.995779759284917,0.0,1.983529229327966,0.0
Lihst,316.54901960784315,0.0,16.528945170536318,0.0,367.553283767038,0.0,335.0,0.0,280.0,0.0,238.0,0.0,205.0,0.0,152.0,0.0,77.0,0.0,52.0,0.0,28.0,0.0,3.0,0.0,12.388828058872193,0.0,18.303005217723125,0.0,16.73320053068151,0.0,15.427248620541512,0.0,14.317821063276353,0.0,12.328828005937952,0.0,8.774964387392123,0.0,7.211102550927978,0.0,5.291502622129181,0.0,1.7320508075688772,0.0,,,,,,,,,,,,,,,,,,,,,4.6715920536522395,0.0,,,,,,,,,,,,,,,,,,,,,12.388647979612621,0.0,16.011088344121607,0.0,14.876031372561915,0.0,13.588159108229762,0.0,12.377439476439067,0.0,10.271365429572926,0.0,7.0624484298823385,0.0,5.750789436686694,0.0,4.451584109042323,0.0,1.0076972804339992,0.0
Likör,335.1686274509804,0.0,17.035223702595236,0.0,386.7641694540956,0.0,352.0,0.0,310.0,0.0,275.0,0.0,233.0,0.0,169.0,0.0,105.0,0.0,67.0,0.0,34.0,0.0,7.0,0.0,12.991490276053785,0.0,18.76166303929372,0.0,17.60681686165901,0.0,16.583123951777,0.0,15.264337522473747,0.0,13.0,0.0,10.246950765959598,0.0,8.18535277187245,0.0,5.830951894845301,0.0,2.6457513110645907,0.0,,,,,,,,,,,,,,,,,,,,,5.289481727768957,0.0,,,,,,,,,,,,,,,,,,,,,12.991711199527689,0.0,16.696219244677494,0.0,15.763335948836156,0.0,14.700776611990372,0.0,13.250008143301157,0.0,10.986245957020495,0.0,8.30593399248212,0.0,6.5155018139398235,0.0,5.160634763453817,0.0,1.9273554818007281,0.0
Lilit,264.70980392156866,0.0,15.190482967295678,0.0,388.09311795212375,0.0,270.0,0.0,240.0,0.0,206.0,0.0,180.0,0.0,152.0,0.0,103.0,0.0,70.0,0.0,31.0,0.0,5.0,0.0,13.120944349221372,0.0,16.431676725154983,0.0,15.491933384829668,0.0,14.352700094407323,0.0,13.416407864998739,0.0,12.328828005937952,0.0,10.14889156509222,0.0,8.366600265340756,0.0,5.5677643628300215,0.0,2.23606797749979,0.0,,,,,,,,,,,,,,,,,,,,,3.543067460745936,0.0,,,,,,,,,,,,,,,,,,,,,13.120889343740647,0.0,14.2762506320803,0.0,13.628209512661007,0.0,12.564255035112454,0.0,11.586784009912362,0.0,10.466352703300423,0.0,8.324348987330836,0.0,6.637544660129659,0.0,4.8153709178212045,0.0,1.728702033370433,0.0
Limit,329.4666666666667,0.0,16.87351685139337,0.0,435.82659382905035,0.0,355.0,0.0,311.0,0.0,273.0,0.0,246.0,0.0,211.0,0.0,150.0,0.0,114.0,0.0,64.0,0.0,44.0,0.0,14.61337861053478,0.0,18.841443681416774,0.0,17.635192088548397,0.0,16.522711641858304,0.0,15.684387141358123,0.0,14.52583904633395,0.0,12.24744871391589,0.0,10.677078252031311,0.0,8.0,0.0,6.6332495807108,0.0,,,,,,,,,,,,,,,,,,,,,6.019643754245336,0.0,,,,,,,,,,,,,,,,,,,,,14.613407350972599,0.0,16.60116309725563,0.0,15.749421588318839,0.0,14.818102458440306,0.0,13.964530228733832,0.0,12.7220491556315,0.0,10.462022607180346,0.0,8.984902378387144,0.0,6.777821344069803,0.0,5.662553709140418,0.0
Linde,351.27058823529416,0.0,17.459908709646033,0.0,359.37707072915913,0.0,363.0,0.0,319.0,0.0,275.0,0.0,230.0,0.0,155.0,0.0,78.0,0.0,45.0,0.0,23.0,0.0,9.0,0.0,12.108386440794236,0.0,19.05255888325765,0.0,17.86057109949175,0.0,16.583123951777,0.0,15.165750888103101,0.0,12.449899597988733,0.0,8.831760866327848,0.0,6.708203932499369,0.0,4.795831523312719,0.0,3.0,0.0,,,,,,,,,,,,,,,,,,,,,7.563927494964533,0.0,,,,,,,,,,,,,,,,,,,,,12.108976021423512,0.0,17.117153911065156,0.0,16.06645363009147,0.0,14.792981844114191,0.0,13.277634687898308,0.0,10.401341104754625,0.0,6.962622633440739,0.0,5.3892579015296125,0.0,4.13707333973454,0.0,2.4773383361263903,0.0
Linie,299.01176470588234,0.0,16.11261025254216,0.0,351.475829682004,0.0,298.0,0.0,263.0,0.0,226.0,0.0,190.0,0.0,140.0,0.0,64.0,0.0,36.0,0.0,12.0,0.0,0.0,0.0,11.881136770125051,0.0,17.26267650163207,0.0,16.217274740226856,0.0,15.033296378372908,0.0,13.784048752090222,0.0,11.832159566199232,0.0,8.0,0.0,6.0,0.0,3.4641016151377544,0.0,0.0,0.0,,,,,,,,,,,,,,,,,,,,,3.7935807790182854,0.0,,,,,,,,,,,,,,,,,,,,,11.8810048943803,0.0,15.39025762236546,0.0,14.450344914416721,0.0,13.26247198521937,0.0,11.900498021864292,0.0,9.826843658805721,0.0,6.123262065103352,0.0,4.39183202042935,0.0,2.7290501185338214,0.0,0.0,0.0
Linin,313.22352941176473,0.0,16.51930796260076,0.0,359.77122104245825,0.0,309.0,0.0,282.0,0.0,248.0,0.0,210.0,0.0,160.0,0.0,74.0,0.0,39.0,0.0,12.0,0.0,0.0,0.0,12.234525260910148,0.0,17.578395831246947,0.0,16.792855623746664,0.0,15.748015748023622,0.0,14.491376746189438,0.0,12.649110640673518,0.0,8.602325267042627,0.0,6.244997998398398,0.0,3.4641016151377544,0.0,0.0,0.0,,,,,,,,,,,,,,,,,,,,,5.370928276374565,0.0,,,,,,,,,,,,,,,,,,,,,12.234345198277193,0.0,15.841654116672649,0.0,15.15834010255626,0.0,14.06671373254932,0.0,12.604032920438197,0.0,10.557365518039594,0.0,6.566628531182125,0.0,4.4925219624451,0.0,2.7290501185338214,0.0,0.0,0.0
Linse,310.1843137254902,0.0,16.346696978734613,0.0,337.16534057929954,0.0,311.0,0.0,266.0,0.0,223.0,0.0,185.0,0.0,130.0,0.0,51.0,0.0,26.0,0.0,9.0,0.0,0.0,0.0,11.336790910648759,0.0,17.635192088548397,0.0,16.30950643030009,0.0,14.933184523068078,0.0,13.601470508735444,0.0,11.40175425099138,0.0,7.14142842854285,0.0,5.0990195135927845,0.0,3.0,0.0,0.0,0.0,,,,,,,,,,,,,,,,,,,,,3.9735674050828544,0.0,,,,,,,,,,,,,,,,,,,,,11.337152089073912,0.0,15.630233486819382,0.0,14.49616573981997,0.0,13.124980696793923,0.0,11.633559132940727,0.0,9.253928026414705,0.0,5.226048536426346,0.0,3.5991162192492525,0.0,2.1480464965625914,0.0,0.0,0.0
Lippe,369.1647058823529,0.0,17.90490279285342,0.0,375.50419315736815,0.0,378.0,0.0,329.0,0.0,290.0,0.0,235.0,0.0,170.0,0.0,92.0,0.0,66.0,0.0,45.0,0.0,30.0,0.0,12.742871918011648,0.0,19.44222209522358,0.0,18.138357147217054,0.0,17.029386365926403,0.0,15.329709716755891,0.0,13.038404810405298,0.0,9.591663046625438,0.0,8.12403840463596,0.0,6.708203932499369,0.0,5.477225575051661,0.0,,,,,,,,,,,,,,,,,,,,,7.472456165262195,0.0,,,,,,,,,,,,,,,,,,,,,12.743089783413625,0.0,17.49117041921351,0.0,16.342995543745925,0.0,15.228064062602995,0.0,13.472899162725229,0.0,11.127173402129172,0.0,8.0912691640673,0.0,6.857579147738476,0.0,5.781145592896761,0.0,4.779374832884498,0.0
Liste,285.51372549019607,0.0,15.627902175689421,0.0,347.29465353537825,0.0,294.0,0.0,247.0,0.0,201.0,0.0,169.0,0.0,123.0,0.0,61.0,0.0,38.0,0.0,12.0,0.0,0.0,0.0,11.637117850923795,0.0,17.146428199482248,0.0,15.716233645501712,0.0,14.177446878757825,0.0,13.0,0.0,11.090536506409418,0.0,7.810249675906654,0.0,6.164414002968976,0.0,3.4641016151377544,0.0,0.0,0.0,,,,,,,,,,,,,,,,,,,,,4.090110526119959,0.0,,,,,,,,,,,,,,,,,,,,,11.636992596391954,0.0,14.927311687610517,0.0,13.737126864182224,0.0,12.3735574057356,0.0,11.068994091310413,0.0,9.039021262638775,0.0,6.001597303287928,0.0,4.597735412771479,0.0,2.397382716119062,0.0,0.0,0.0
Listi,265.8862745098039,0.0,15.09056652351955,0.0,368.20514749752294,0.0,273.0,0.0,236.0,0.0,193.0,0.0,169.0,0.0,133.0,0.0,80.0,0.0,54.0,0.0,21.0,0.0,2.0,0.0,12.426908721092468,0.0,16.522711641858304,0.0,15.362291495737216,0.0,13.892443989449804,0.0,13.0,0.0,11.532562594670797,0.0,8.94427190999916,0.0,7.3484692283495345,0.0,4.58257569495584,0.0,1.4142135623730951,0.0,,,,,,,,,,,,,,,,,,,,,3.315947445534672,0.0,,,,,,,,,,,,,,,,,,,,,12.426471705218423,0.0,14.225149197561747,0.0,13.345039360980188,0.0,12.005420585326663,0.0,11.045750367860453,0.0,9.484872469803516,0.0,7.005045383806574,0.0,5.541560914548925,0.0,3.270297957028091,0.0,0.9625466294888946,0.0
Liter,279.3686274509804,0.0,15.537290039651056,0.0,355.50286491024883,0.0,280.0,0.0,249.0,0.0,210.0,0.0,177.0,0.0,122.0,0.0,67.0,0.0,40.0,0.0,11.0,0.0,0.0,0.0,11.902438065025118,0.0,16.73320053068151,0.0,15.7797338380595,0.0,14.491376746189438,0.0,13.30413469565007,0.0,11.045361017187261,0.0,8.18535277187245,0.0,6.324555320336759,0.0,3.3166247903554,0.0,0.0,0.0,,,,,,,,,,,,,,,,,,,,,3.2388544619638737,0.0,,,,,,,,,,,,,,,,,,,,,11.902842482050634,0.0,14.479384257606842,0.0,13.717027075897148,0.0,12.613255910135445,0.0,11.23935835535315,0.0,9.073638154813644,0.0,6.379934621075443,0.0,4.646355828596376,0.0,2.3214341178532285,0.0,0.0,0.0
Ljngs,361.07058823529417,0.0,17.63477001318464,0.0,382.7669971086326,0.0,386.0,0.0,343.0,0.0,290.0,0.0,236.0,0.0,171.0,0.0,97.0,0.0,60.0,0.0,38.0,0.0,23.0,0.0,12.859026173442706,0.0,19.6468827043885,0.0,18.520259177452136,0.0,17.029386365926403,0.0,15.362291495737216,0.0,13.076696830622021,0.0,9.848857801796104,0.0,7.745966692414834,0.0,6.164414002968976,0.0,4.795831523312719,0.0,,,,,,,,,,,,,,,,,,,,,7.366729689841456,0.0,,,,,,,,,,,,,,,,,,,,,12.859307988314592,0.0,17.567360625838425,0.0,16.735173005797932,0.0,15.20895595703894,0.0,13.402211375137245,0.0,11.1411998228155,0.0,8.011393655732075,0.0,6.052124397521735,0.0,4.76714470404035,0.0,3.294193483375669,0.0
Lkgln,400.4666666666667,0.0,18.724457830078094,0.0,409.9198232783406,0.0,426.0,0.0,387.0,0.0,341.0,0.0,281.0,0.0,218.0,0.0,130.0,0.0,84.0,0.0,59.0,0.0,35.0,0.0,13.789555564990506,0.0,20.639767440550294,0.0,19.672315572906,0.0,18.466185312619388,0.0,16.76305461424021,0.0,14.7648230602334,0.0,11.40175425099138,0.0,9.16515138991168,0.0,7.681145747868608,0.0,5.916079783099616,0.0,,,,,,,,,,,,,,,,,,,,,4.6227025241480115,0.0,,,,,,,,,,,,,,,,,,,,,13.789360716699207,0.0,18.815490546575344,0.0,18.07211501975801,0.0,16.76992207958948,0.0,14.92308380808677,0.0,12.876198040613694,0.0,9.581603943166355,0.0,7.5692718245609045,0.0,6.558908896171305,0.0,4.384175917250323,0.0
Lkljg,376.0588235294117,0.0,18.1428222509913,0.0,434.50140275854267,0.0,411.0,0.0,371.0,0.0,325.0,0.0,271.0,0.0,220.0,0.0,152.0,0.0,105.0,0.0,73.0,0.0,41.0,0.0,14.471687729613153,0.0,20.273134932713294,0.0,19.261360284258224,0.0,18.027756377319946,0.0,16.46207763315433,0.0,14.832396974191326,0.0,12.328828005937952,0.0,10.246950765959598,0.0,8.54400374531753,0.0,6.4031242374328485,0.0,,,,,,,,,,,,,,,,,,,,,6.464577796968126,0.0,,,,,,,,,,,,,,,,,,,,,14.471396010360607,0.0,18.341606440267697,0.0,17.61329353199373,0.0,16.248352275482983,0.0,14.63879636312625,0.0,13.030525813258782,0.0,10.500054622614766,0.0,8.522059155323973,0.0,7.261585069373357,0.0,4.7204011309995755,0.0
Lkstr,320.9176470588235,0.0,16.656179399478745,0.0,371.0398962779381,0.0,330.0,0.0,295.0,0.0,249.0,0.0,210.0,0.0,158.0,0.0,89.0,0.0,54.0,0.0,26.0,0.0,14.0,0.0,12.46533787918061,0.0,18.16590212458495,0.0,17.175564037317667,0.0,15.7797338380595,0.0,14.491376746189438,0.0,12.569805089976535,0.0,9.433981132056603,0.0,7.3484692283495345,0.0,5.0990195135927845,0.0,3.7416573867739413,0.0,,,,,,,,,,,,,,,,,,,,,6.474722838452473,0.0,,,,,,,,,,,,,,,,,,,,,12.464775866167395,0.0,16.067504311057256,0.0,15.30365622422794,0.0,13.890131034917529,0.0,12.495370401051675,0.0,10.545677307516268,0.0,7.512232025175325,0.0,5.816887054181511,0.0,4.2311570567224415,0.0,3.075400900382,0.0
Lkthr,360.40784313725493,0.0,17.75699438737318,0.0,388.6801756417831,0.0,379.0,0.0,339.0,0.0,299.0,0.0,248.0,0.0,178.0,0.0,109.0,0.0,65.0,0.0,40.0,0.0,16.0,0.0,13.047368919350008,0.0,19.467922333931785,0.0,18.411952639521967,0.0,17.291616465790582,0.0,15.748015748023622,0.0,13.341664064126334,0.0,10.44030650891055,0.0,8.06225774829855,0.0,6.324555320336759,0.0,4.0,0.0,,,,,,,,,,,,,,,,,,,,,4.424783162877174,0.0,,,,,,,,,,,,,,,,,,,,,13.046984201936652,0.0,17.367997574753687,0.0,16.530669360448172,0.0,15.405813330361317,0.0,13.787382544986189,0.0,11.449105773154315,0.0,8.61964557035924,0.0,6.751460614965513,0.0,5.613714028579845,0.0,3.1463519321219997,0.0
Llctl,283.37254901960785,0.0,15.715558939217235,0.0,393.86826839230815,0.0,292.0,0.0,263.0,0.0,227.0,0.0,192.0,0.0,157.0,0.0,103.0,0.0,79.0,0.0,41.0,0.0,15.0,0.0,13.288335262640027,0.0,17.08800749063506,0.0,16.217274740226856,0.0,15.066519173319364,0.0,13.856406460551018,0.0,12.529964086141668,0.0,10.14889156509222,0.0,8.888194417315589,0.0,6.4031242374328485,0.0,3.872983346207417,0.0,,,,,,,,,,,,,,,,,,,,,2.9980185141845506,0.0,,,,,,,,,,,,,,,,,,,,,13.287833489180183,0.0,14.947143299028285,0.0,14.269771121872655,0.0,13.254050418831941,0.0,11.958719484080218,0.0,10.702841289881988,0.0,8.539278107200357,0.0,7.386564162460637,0.0,5.546329564195862,0.0,3.0862921220196107,0.0
Llspr,323.7372549019608,0.0,16.783996240354444,0.0,380.5231552348325,0.0,329.0,0.0,292.0,0.0,250.0,0.0,213.0,0.0,156.0,0.0,97.0,0.0,68.0,0.0,38.0,0.0,23.0,0.0,12.84721146333643,0.0,18.138357147217054,0.0,17.08800749063506,0.0,15.811388300841896,0.0,14.594519519326424,0.0,12.489995996796797,0.0,9.848857801796104,0.0,8.246211251235321,0.0,6.164414002968976,0.0,4.795831523312719,0.0,,,,,,,,,,,,,,,,,,,,,5.767743135755518,0.0,,,,,,,,,,,,,,,,,,,,,12.847384836468866,0.0,16.087138824613387,0.0,15.212228811594287,0.0,13.872076909568907,0.0,12.602677608913933,0.0,10.538693668500496,0.0,8.117776021973544,0.0,6.841700745126383,0.0,5.3740064144387025,0.0,4.10307453626806,0.0
Lltst,285.0509803921569,0.0,15.657054156748602,0.0,372.5860223588262,0.0,294.0,0.0,258.0,0.0,212.0,0.0,180.0,0.0,140.0,0.0,86.0,0.0,60.0,0.0,25.0,0.0,7.0,0.0,12.550326639034177,0.0,17.146428199482248,0.0,16.06237840420901,0.0,14.560219778561036,0.0,13.416407864998739,0.0,11.832159566199232,0.0,9.273618495495704,0.0,7.745966692414834,0.0,5.0,0.0,2.6457513110645907,0.0,,,,,,,,,,,,,,,,,,,,,2.643297231570877,0.0,,,,,,,,,,,,,,,,,,,,,12.550353052971737,0.0,14.700229965145777,0.0,13.983561661763535,0.0,12.73867904732201,0.0,11.475391850105067,0.0,9.901411231955061,0.0,7.579592706141279,0.0,6.188539008782438,0.0,4.058028228666993,0.0,2.2271431221184588,0.0
Lmstr,345.66666666666663,0.0,17.23624704586433,0.0,424.7466754676535,0.0,373.0,0.0,334.0,0.0,278.0,0.0,253.0,0.0,202.0,0.0,132.0,0.0,102.0,0.0,56.0,0.0,48.0,0.0,14.216747877049063,0.0,19.313207915827967,0.0,18.275666882497067,0.0,16.673332000533065,0.0,15.905973720586866,0.0,14.212670403551895,0.0,11.489125293076057,0.0,10.099504938362077,0.0,7.483314773547883,0.0,6.928203230275509,0.0,,,,,,,,,,,,,,,,,,,,,8.070124346763773,0.0,,,,,,,,,,,,,,,,,,,,,14.216401798525357,0.0,17.048411752935948,0.0,16.214942266472583,0.0,14.97909531730751,0.0,14.106111788559218,0.0,12.352898046270159,0.0,9.748718971236375,0.0,8.588933565529143,0.0,6.370529401672992,0.0,6.020022767762582,0.0
Lnpqx,402.09411764705885,0.0,18.66628439219709,0.0,379.28186726707725,0.0,414.0,0.0,383.0,0.0,333.0,0.0,268.0,0.0,187.0,0.0,98.0,0.0,59.0,0.0,39.0,0.0,25.0,0.0,12.767450152330468,0.0,20.346989949375804,0.0,19.570385790780925,0.0,18.24828759089466,0.0,16.3707055437449,0.0,13.674794331177344,0.0,9.899494936611665,0.0,7.681145747868608,0.0,6.244997998398398,0.0,5.0,0.0,,,,,,,,,,,,,,,,,,,,,5.666457718427749,0.0,,,,,,,,,,,,,,,,,,,,,12.767701099174545,0.0,18.450401725818455,0.0,17.79829974588861,0.0,16.416314512812612,0.0,14.303978822833813,0.0,11.51097593574104,0.0,7.880092861535817,0.0,6.307645944528093,0.0,5.241876899566762,0.0,4.186980918028244,0.0
Lnqvz,361.77647058823527,0.0,17.718419985050254,0.0,370.53961254059664,0.0,377.0,0.0,348.0,0.0,301.0,0.0,237.0,0.0,163.0,0.0,84.0,0.0,50.0,0.0,24.0,0.0,12.0,0.0,12.403406859145361,0.0,19.4164878389476,0.0,18.65475810617763,0.0,17.349351572897472,0.0,15.394804318340652,0.0,12.767145334803704,0.0,9.16515138991168,0.0,7.0710678118654755,0.0,4.898979485566356,0.0,3.4641016151377544,0.0,,,,,,,,,,,,,,,,,,,,,4.241352502537283,0.0,,,,,,,,,,,,,,,,,,,,,12.403242880666598,0.0,17.531852904321,0.0,16.802561715339937,0.0,15.514579897103262,0.0,13.295904411412254,0.0,10.545364695746217,0.0,6.945824842009561,0.0,5.3390651009301004,0.0,3.841587127911945,0.0,2.606208909247267,0.0
Lnsbl,350.41568627450977,0.0,17.378097640004903,0.0,367.479622205484,0.0,365.0,0.0,332.0,0.0,284.0,0.0,217.0,0.0,155.0,0.0,88.0,0.0,52.0,0.0,34.0,0.0,10.0,0.0,12.332761931235474,0.0,19.1049731745428,0.0,18.2208671582886,0.0,16.852299546352718,0.0,14.730919862656235,0.0,12.449899597988733,0.0,9.38083151964686,0.0,7.211102550927978,0.0,5.830951894845301,0.0,3.1622776601683795,0.0,,,,,,,,,,,,,,,,,,,,,4.287023507075957,0.0,,,,,,,,,,,,,,,,,,,,,12.333027419562507,0.0,17.258062839142852,0.0,16.529429073553157,0.0,14.973123782599746,0.0,12.655424994277443,0.0,10.492376403288274,0.0,7.567890960642458,0.0,5.693187066072198,0.0,4.71919710409715,0.0,2.23586327734084,0.0
Lobby,398.686274509804,0.0,18.362986608966324,0.0,378.7543544638013,0.0,430.0,0.0,400.0,0.0,345.0,0.0,247.0,0.0,175.0,0.0,103.0,0.0,55.0,0.0,30.0,0.0,10.0,0.0,12.543329792214028,0.0,20.73644135332772,0.0,20.0,0.0,18.57417562100671,0.0,15.716233645501712,0.0,13.228756555322953,0.0,10.14889156509222,0.0,7.416198487095663,0.0,5.477225575051661,0.0,3.1622776601683795,0.0,,,,,,,,,,,,,,,,,,,,,6.277069811394411,0.0,,,,,,,,,,,,,,,,,,,,,12.543380988834825,0.0,18.712602969942264,0.0,18.04202975587869,0.0,16.617996951421482,0.0,13.698616898425115,0.0,11.380235784255587,0.0,8.423655287256416,0.0,5.695423877360394,0.0,4.193567212466274,0.0,1.9429058996571127,0.0
Lobto,350.90588235294115,0.0,17.23455618666093,0.0,350.23688612440685,0.0,370.0,0.0,336.0,0.0,280.0,0.0,206.0,0.0,140.0,0.0,68.0,0.0,38.0,0.0,13.0,0.0,2.0,0.0,11.574250575701098,0.0,19.235384061671343,0.0,18.33030277982336,0.0,16.73320053068151,0.0,14.352700094407323,0.0,11.832159566199232,0.0,8.246211251235321,0.0,6.164414002968976,0.0,3.605551275463989,0.0,1.4142135623730951,0.0,,,,,,,,,,,,,,,,,,,,,4.013804072341744,0.0,,,,,,,,,,,,,,,,,,,,,11.573902057065634,0.0,17.21862945578702,0.0,16.372562297189866,0.0,14.86939455276789,0.0,12.34029474337603,0.0,9.897749460083132,0.0,6.472056123103358,0.0,4.564535511357705,0.0,2.575634483389138,0.0,0.668680288732816,0.0
Locke,347.0078431372549,0.0,17.27686792566958,0.0,343.4359379935372,0.0,359.0,0.0,312.0,0.0,268.0,0.0,205.0,0.0,139.0,0.0,64.0,0.0,33.0,0.0,19.0,0.0,2.0,0.0,11.411348016806832,0.0,18.947295321496416,0.0,17.663521732655695,0.0,16.3707055437449,0.0,14.317821063276353,0.0,11.789826122551595,0.0,8.0,0.0,5.744562646538029,0.0,4.358898943540674,0.0,1.4142135623730951,0.0,,,,,,,,,,,,,,,,,,,,,4.9381139794788815,0.0,,,,,,,,,,,,,,,,,,,,,11.410934519562275,0.0,16.921015063017645,0.0,15.792657261461244,0.0,14.432813898359743,0.0,12.318374256568543,0.0,9.859085631256411,0.0,6.308851970591312,0.0,4.543937736151513,0.0,3.89689503470532,0.0,0.6618696519470317,0.0
Logen,383.25882352941176,0.0,18.157018167293124,0.0,348.3954421146126,0.0,397.0,0.0,357.0,0.0,298.0,0.0,232.0,0.0,151.0,0.0,69.0,0.0,33.0,0.0,23.0,0.0,16.0,0.0,11.611718406422819,0.0,19.924858845171276,0.0,18.894443627691185,0.0,17.26267650163207,0.0,15.231546211727817,0.0,12.288205727444508,0.0,8.306623862918075,0.0,5.744562646538029,0.0,4.795831523312719,0.0,4.0,0.0,,,,,,,,,,,,,,,,,,,,,5.350717360884632,0.0,,,,,,,,,,,,,,,,,,,,,11.61168771910357,0.0,17.955552142380494,0.0,17.085745705787655,0.0,15.516890876743062,0.0,13.246961653255378,0.0,10.27844592547886,0.0,6.43263904906643,0.0,4.226659131172483,0.0,3.517078240064401,0.0,2.6099998410952274,0.0
Logik,379.7960784313725,0.0,18.119671391873556,0.0,391.7239754004313,0.0,409.0,0.0,367.0,0.0,312.0,0.0,253.0,0.0,188.0,0.0,114.0,0.0,70.0,0.0,45.0,0.0,21.0,0.0,13.107837516898883,0.0,20.223748416156685,0.0,19.157244060668017,0.0,17.663521732655695,0.0,15.905973720586866,0.0,13.711309200802088,0.0,10.677078252031311,0.0,8.366600265340756,0.0,6.708203932499369,0.0,4.58257569495584,0.0,,,,,,,,,,,,,,,,,,,,,6.292755651376099,0.0,,,,,,,,,,,,,,,,,,,,,13.107565603513462,0.0,18.27472543895534,0.0,17.408487673784308,0.0,15.884595728891874,0.0,14.031524384677638,0.0,11.844276983939139,0.0,8.829162489375914,0.0,6.637395657613567,0.0,5.509904444520519,0.0,2.998297455732843,0.0
Lohso,353.70980392156866,0.0,17.396802439008262,0.0,340.0640336597253,0.0,373.0,0.0,316.0,0.0,262.0,0.0,208.0,0.0,137.0,0.0,55.0,0.0,33.0,0.0,19.0,0.0,3.0,0.0,11.286905320520525,0.0,19.313207915827967,0.0,17.776388834631177,0.0,16.186414056238647,0.0,14.422205101855956,0.0,11.704699910719626,0.0,7.416198487095663,0.0,5.744562646538029,0.0,4.358898943540674,0.0,1.7320508075688772,0.0,,,,,,,,,,,,,,,,,,,,,3.9779730442938694,0.0,,,,,,,,,,,,,,,,,,,,,11.28677664331555,0.0,17.184026819650402,0.0,15.871197176866668,0.0,14.33625812565053,0.0,12.447713001706877,0.0,9.653569088229428,0.0,5.639050051495188,0.0,4.568614239718007,0.0,3.8518207163100526,0.0,1.0076972804339992,0.0
Lokol,351.87450980392157,0.0,17.467748718431718,0.0,376.44636905292157,0.0,370.0,0.0,328.0,0.0,282.0,0.0,227.0,0.0,162.0,0.0,100.0,0.0,64.0,0.0,40.0,0.0,11.0,0.0,12.64561269233675,0.0,19.235384061671343,0.0,18.110770276274835,0.0,16.792855623746664,0.0,15.066519173319364,0.0,12.727922061357855,0.0,10.0,0.0,8.0,0.0,6.324555320336759,0.0,3.3166247903554,0.0,,,,,,,,,,,,,,,,,,,,,4.921500947001961,0.0,,,,,,,,,,,,,,,,,,,,,12.645861355645772,0.0,17.168871428659706,0.0,16.27098785330944,0.0,14.958775434828263,0.0,13.183368550624646,0.0,10.850402786380895,0.0,8.166126488790924,0.0,6.565534692903566,0.0,5.583981596321512,0.0,2.3615486160808588,0.0
Lonst,322.89019607843136,0.0,16.60184163619167,0.0,329.9236508977813,0.0,323.0,0.0,285.0,0.0,232.0,0.0,184.0,0.0,127.0,0.0,49.0,0.0,21.0,0.0,5.0,0.0,0.0,0.0,10.999116890304666,0.0,17.97220075561143,0.0,16.881943016134134,0.0,15.231546211727817,0.0,13.564659966250536,0.0,11.269427669584644,0.0,7.0,0.0,4.58257569495584,0.0,2.23606797749979,0.0,0.0,0.0,,,,,,,,,,,,,,,,,,,,,3.425639107571885,0.0,,,,,,,,,,,,,,,,,,,,,10.99883243684558,0.0,15.806071778735843,0.0,14.9908948083647,0.0,13.367938245733884,0.0,11.583170449229945,0.0,9.173900023412886,0.0,4.879457415894375,0.0,3.082781824215836,0.0,1.2987902436464969,0.0,0.0,0.0
Lonus,344.26666666666665,0.0,17.17855211669005,0.0,321.6221960352358,0.0,351.0,0.0,316.0,0.0,253.0,0.0,191.0,0.0,117.0,0.0,41.0,0.0,8.0,0.0,0.0,0.0,0.0,0.0,10.603432091868347,0.0,18.734993995195193,0.0,17.776388834631177,0.0,15.905973720586866,0.0,13.820274961085254,0.0,10.816653826391969,0.0,6.4031242374328485,0.0,2.8284271247461903,0.0,0.0,0.0,0.0,0.0,,,,,,,,,,,,,,,,,,,,,3.467984170138669,0.0,,,,,,,,,,,,,,,,,,,,,10.603612840073048,0.0,16.637454545290655,0.0,15.802608840294111,0.0,13.966825371124722,0.0,11.60432811456456,0.0,8.743909499799683,0.0,4.12683563683407,0.0,1.4569897525388829,0.0,0.0,0.0,0.0,0.0
Lorum,379.035294117647,0.0,18.08562742239877,0.0,409.64256519074604,0.0,414.0,0.0,373.0,0.0,311.0,0.0,255.0,0.0,191.0,0.0,126.0,0.0,89.0,0.0,54.0,0.0,46.0,0.0,13.6890378461017,0.0,20.346989949375804,0.0,19.313207915827967,0.0,17.635192088548397,0.0,15.968719422671311,0.0,13.820274961085254,0.0,11.224972160321824,0.0,9.433981132056603,0.0,7.3484692283495345,0.0,6.782329983125268,0.0,,,,,,,,,,,,,,,,,,,,,11.687139001832504,0.0,,,,,,,,,,,,,,,,,,,,,13.689359294342399,0.0,18.074633622635066,0.0,17.229253232325107,0.0,15.76138694401106,0.0,13.972595533505354,0.0,12.021327714353566,0.0,9.447636702352998,0.0,8.093602311237087,0.0,6.3284071737435,0.0,5.823196449690414,0.0
Lotos,312.2156862745098,0.0,16.246913053730268,0.0,329.25329969520453,0.0,319.0,0.0,279.0,0.0,222.0,0.0,169.0,0.0,104.0,0.0,53.0,0.0,26.0,0.0,3.0,0.0,0.0,0.0,10.8441439734411,0.0,17.86057109949175,0.0,16.703293088490067,0.0,14.89966442575134,0.0,13.0,0.0,10.198039027185569,0.0,7.280109889280518,0.0,5.0990195135927845,0.0,1.7320508075688772,0.0,0.0,0.0,,,,,,,,,,,,,,,,,,,,,2.518106354992115,0.0,,,,,,,,,,,,,,,,,,,,,10.844384510380149,0.0,15.537017532900403,0.0,14.516920612104748,0.0,12.980465157131038,0.0,10.980431499927814,0.0,8.249950448065853,0.0,5.293624504779314,0.0,3.5653980303926787,0.0,1.0567933171388846,0.0,0.0,0.0
Lotto,310.21176470588233,0.0,16.222150595239846,0.0,344.72746177914894,0.0,321.0,0.0,285.0,0.0,233.0,0.0,180.0,0.0,125.0,0.0,61.0,0.0,38.0,0.0,7.0,0.0,0.0,0.0,11.43245281571271,0.0,17.916472867168917,0.0,16.881943016134134,0.0,15.264337522473747,0.0,13.416407864998739,0.0,11.180339887498949,0.0,7.810249675906654,0.0,6.164414002968976,0.0,2.6457513110645907,0.0,0.0,0.0,,,,,,,,,,,,,,,,,,,,,3.0163355274700105,0.0,,,,,,,,,,,,,,,,,,,,,11.432593905046119,0.0,15.63728452629844,0.0,14.731073529534324,0.0,13.450557801125482,0.0,11.454168567237927,0.0,9.258054204462958,0.0,5.919121277988016,0.0,4.516110203382068,0.0,1.5338901428755456,0.0,0.0,0.0
Lpftr,330.51372549019607,0.0,16.912567983196286,0.0,383.887194293937,0.0,336.0,0.0,305.0,0.0,267.0,0.0,219.0,0.0,169.0,0.0,105.0,0.0,73.0,0.0,37.0,0.0,23.0,0.0,12.965437312625447,0.0,18.33030277982336,0.0,17.46424919657298,0.0,16.34013463836819,0.0,14.798648586948742,0.0,13.0,0.0,10.246950765959598,0.0,8.54400374531753,0.0,6.082762530298219,0.0,4.795831523312719,0.0,,,,,,,,,,,,,,,,,,,,,6.646244424625895,0.0,,,,,,,,,,,,,,,,,,,,,12.965708982564484,0.0,16.2921066244161,0.0,15.624780689311162,0.0,14.553207864650409,0.0,12.85394735730125,0.0,11.089007044273636,0.0,8.463955890549608,0.0,7.146908123155052,0.0,5.184385976374082,0.0,3.974847117993393,0.0
Lppbk,449.4039215686275,0.0,19.740167618554107,0.0,407.71699238417693,0.0,482.0,0.0,439.0,0.0,389.0,0.0,303.0,0.0,227.0,0.0,133.0,0.0,88.0,0.0,66.0,0.0,37.0,0.0,13.69293291107222,0.0,21.95449840010015,0.0,20.952326839756964,0.0,19.72308292331602,0.0,17.406895185529212,0.0,15.066519173319364,0.0,11.532562594670797,0.0,9.38083151964686,0.0,8.12403840463596,0.0,6.082762530298219,0.0,,,,,,,,,,,,,,,,,,,,,6.474106157128692,0.0,,,,,,,,,,,,,,,,,,,,,13.692997094412911,0.0,20.08044697765831,0.0,19.245771818093868,0.0,17.849647812972144,0.0,15.509288249308451,0.0,13.16555220884381,0.0,9.982554342987399,0.0,7.986109240157417,0.0,7.042790961610033,0.0,5.047387133937581,0.0
Lrhnn,368.91372549019604,0.0,17.976170736300826,0.0,360.3223005132106,0.0,373.0,0.0,339.0,0.0,302.0,0.0,250.0,0.0,170.0,0.0,77.0,0.0,40.0,0.0,24.0,0.0,3.0,0.0,12.193942444786137,0.0,19.313207915827967,0.0,18.411952639521967,0.0,17.378147196982766,0.0,15.811388300841896,0.0,13.038404810405298,0.0,8.774964387392123,0.0,6.324555320336759,0.0,4.898979485566356,0.0,1.7320508075688772,0.0,,,,,,,,,,,,,,,,,,,,,6.964965954539112,0.0,,,,,,,,,,,,,,,,,,,,,12.194379255470185,0.0,17.54183328833764,0.0,16.808194890591576,0.0,15.63673125666682,0.0,13.826695932065435,0.0,10.85257729484601,0.0,6.894140828318518,0.0,4.993582925929934,0.0,4.16724594204781,0.0,1.0076972804339992,0.0
Lrstt,280.08235294117645,0.0,15.469124909048647,0.0,357.2449878918932,0.0,282.0,0.0,250.0,0.0,203.0,0.0,174.0,0.0,131.0,0.0,73.0,0.0,46.0,0.0,16.0,0.0,0.0,0.0,11.981697194649948,0.0,16.792855623746664,0.0,15.811388300841896,0.0,14.247806848775006,0.0,13.19090595827292,0.0,11.445523142259598,0.0,8.54400374531753,0.0,6.782329983125268,0.0,4.0,0.0,0.0,0.0,,,,,,,,,,,,,,,,,,,,,2.4439450951231314,0.0,,,,,,,,,,,,,,,,,,,,,11.98117252511364,0.0,14.459095624908807,0.0,13.782735268960211,0.0,12.343258314859124,0.0,11.204520659342029,0.0,9.36523146916259,0.0,6.562126644975958,0.0,5.049990601346773,0.0,2.45963375679091,0.0,0.0,0.0
Lsmst,351.81176470588235,0.0,17.317972077086424,0.0,405.21371307162525,0.0,374.0,0.0,323.0,0.0,273.0,0.0,234.0,0.0,190.0,0.0,124.0,0.0,91.0,0.0,56.0,0.0,45.0,0.0,13.641694780752651,0.0,19.339079605813716,0.0,17.97220075561143,0.0,16.522711641858304,0.0,15.297058540778355,0.0,13.784048752090222,0.0,11.135528725660043,0.0,9.539392014169456,0.0,7.483314773547883,0.0,6.708203932499369,0.0,,,,,,,,,,,,,,,,,,,,,6.0641549461812305,0.0,,,,,,,,,,,,,,,,,,,,,13.641684328612262,0.0,16.949865599058768,0.0,16.039009190402997,0.0,14.790523546967433,0.0,13.48859033180293,0.0,11.90291433514759,0.0,9.390257352842454,0.0,8.1297420645496,0.0,6.281512993347721,0.0,5.676814714389633,0.0
Lswmn,420.17647058823525,0.0,18.988913578931058,0.0,453.4819034429137,0.0,450.0,0.0,410.0,0.0,368.0,0.0,315.0,0.0,255.0,0.0,170.0,0.0,126.0,0.0,85.0,0.0,68.0,0.0,15.147374927743947,0.0,21.213203435596427,0.0,20.248456731316587,0.0,19.183326093250876,0.0,17.74823934929885,0.0,15.968719422671311,0.0,13.038404810405298,0.0,11.224972160321824,0.0,9.219544457292887,0.0,8.246211251235321,0.0,,,,,,,,,,,,,,,,,,,,,9.392875439461314,0.0,,,,,,,,,,,,,,,,,,,,,15.147154209512452,0.0,19.243953376921972,0.0,18.522576872352538,0.0,17.594051838345685,0.0,15.99599973125973,0.0,14.028747300331144,0.0,11.169444409504276,0.0,9.57724377842387,0.0,7.735771903029551,0.0,6.630560197851253,0.0
Lubst,346.2941176470588,0.0,17.165867888830387,0.0,347.481321389908,0.0,364.0,0.0,326.0,0.0,271.0,0.0,198.0,0.0,136.0,0.0,63.0,0.0,32.0,0.0,15.0,0.0,2.0,0.0,11.531847688037768,0.0,19.078784028338912,0.0,18.05547008526779,0.0,16.46207763315433,0.0,14.071247279470288,0.0,11.661903789690601,0.0,7.937253933193772,0.0,5.656854249492381,0.0,3.872983346207417,0.0,1.4142135623730951,0.0,,,,,,,,,,,,,,,,,,,,,4.9178902597782175,0.0,,,,,,,,,,,,,,,,,,,,,11.531497010634226,0.0,16.932292594117214,0.0,16.109113153078518,0.0,14.50880460191351,0.0,11.977505590517316,0.0,9.617155527633974,0.0,6.220821512625751,0.0,4.1471171059706835,0.0,2.7027786035611965,0.0,0.668680288732816,0.0
Luder,353.00392156862745,0.0,17.496316523421022,0.0,347.33715420355117,0.0,366.0,0.0,329.0,0.0,277.0,0.0,218.0,0.0,135.0,0.0,57.0,0.0,35.0,0.0,18.0,0.0,9.0,0.0,11.522727157652513,0.0,19.131126469708992,0.0,18.138357147217054,0.0,16.64331697709324,0.0,14.7648230602334,0.0,11.61895003862225,0.0,7.54983443527075,0.0,5.916079783099616,0.0,4.242640687119285,0.0,3.0,0.0,,,,,,,,,,,,,,,,,,,,,5.320603693295581,0.0,,,,,,,,,,,,,,,,,,,,,11.522842477867933,0.0,17.086714538599495,0.0,16.202944537173618,0.0,14.760419504771257,0.0,12.727426495081314,0.0,9.614990807994772,0.0,5.797167244361152,0.0,4.777414482240272,0.0,3.678864350312881,0.0,2.5150661115962025,0.0
Luken,379.56078431372555,0.0,18.188478805157807,0.0,348.2987635423166,0.0,392.0,0.0,352.0,0.0,304.0,0.0,236.0,0.0,159.0,0.0,66.0,0.0,31.0,0.0,21.0,0.0,3.0,0.0,11.677641314290858,0.0,19.79898987322333,0.0,18.76166303929372,0.0,17.435595774162696,0.0,15.362291495737216,0.0,12.609520212918492,0.0,8.12403840463596,0.0,5.5677643628300215,0.0,4.58257569495584,0.0,1.7320508075688772,0.0,,,,,,,,,,,,,,,,,,,,,4.296360318854999,0.0,,,,,,,,,,,,,,,,,,,,,11.67799109074617,0.0,17.90154975589445,0.0,17.028081933433604,0.0,15.660673701727683,0.0,13.319425288716369,0.0,10.557842234694402,0.0,6.367002258559426,0.0,4.407466851567809,0.0,3.961328490129262,0.0,1.0076972804339992,0.0
Lundi,362.1882352941176,0.0,17.737476426287007,0.0,361.6057900235681,0.0,375.0,0.0,341.0,0.0,292.0,0.0,233.0,0.0,156.0,0.0,79.0,0.0,45.0,0.0,26.0,0.0,11.0,0.0,12.169945181383763,0.0,19.364916731037084,0.0,18.466185312619388,0.0,17.08800749063506,0.0,15.264337522473747,0.0,12.489995996796797,0.0,8.888194417315589,0.0,6.708203932499369,0.0,5.0990195135927845,0.0,3.3166247903554,0.0,,,,,,,,,,,,,,,,,,,,,4.829018685754161,0.0,,,,,,,,,,,,,,,,,,,,,12.170354650431204,0.0,17.39799276283201,0.0,16.60236563644128,0.0,15.204318360000789,0.0,13.289208010263977,0.0,10.448191939058972,0.0,6.911865017579647,0.0,5.41162606953098,0.0,4.27271352067842,0.0,2.657925164069712,0.0
Luxus,339.1725490196078,0.0,17.06667883145472,0.0,335.9415460580484,0.0,356.0,0.0,317.0,0.0,260.0,0.0,193.0,0.0,121.0,0.0,53.0,0.0,14.0,0.0,4.0,0.0,1.0,0.0,11.111152353853727,0.0,18.867962264113206,0.0,17.804493814764857,0.0,16.1245154965971,0.0,13.892443989449804,0.0,11.0,0.0,7.280109889280518,0.0,3.7416573867739413,0.0,2.0,0.0,1.0,0.0,,,,,,,,,,,,,,,,,,,,,2.8778109865636092,0.0,,,,,,,,,,,,,,,,,,,,,11.11090144971596,0.0,16.64112837481725,0.0,15.742316068822477,0.0,14.072331649271835,0.0,11.472037830645162,0.0,8.718075956755765,0.0,5.037246043137986,0.0,2.1150159789495198,0.0,0.9937221092618264,0.0,0.3821804622177742,0.0
Lxhnt,360.58039215686273,0.0,17.69672922598869,0.0,369.94428624265277,0.0,373.0,0.0,334.0,0.0,294.0,0.0,247.0,0.0,172.0,0.0,86.0,0.0,46.0,0.0,24.0,0.0,6.0,0.0,12.48767511430714,0.0,19.313207915827967,0.0,18.275666882497067,0.0,17.146428199482248,0.0,15.716233645501712,0.0,13.114877048604,0.0,9.273618495495704,0.0,6.782329983125268,0.0,4.898979485566356,0.0,2.449489742783178,0.0,,,,,,,,,,,,,,,,,,,,,4.793172986922466,0.0,,,,,,,,,,,,,,,,,,,,,12.487688599584256,0.0,17.227359381816818,0.0,16.51542422418353,0.0,15.275482361183235,0.0,13.675363220870281,0.0,10.904723086281894,0.0,7.226906305598079,0.0,5.325620540946558,0.0,4.0665993804289275,0.0,1.3257791051524537,0.0
Lyrpk,382.8235294117647,0.0,18.243498049135745,0.0,411.5828675019507,0.0,405.0,0.0,368.0,0.0,324.0,0.0,268.0,0.0,209.0,0.0,133.0,0.0,96.0,0.0,54.0,0.0,33.0,0.0,13.814175049398767,0.0,20.12461179749811,0.0,19.183326093250876,0.0,18.0,0.0,16.3707055437449,0.0,14.45683229480096,0.0,11.532562594670797,0.0,9.797958971132712,0.0,7.3484692283495345,0.0,5.744562646538029,0.0,,,,,,,,,,,,,,,,,,,,,8.672197407505484,0.0,,,,,,,,,,,,,,,,,,,,,13.814364283636545,0.0,18.146539701312697,0.0,17.319317477116467,0.0,16.056695134340345,0.0,14.448781117927693,0.0,12.503882418974632,0.0,9.759375333071,0.0,8.085355446647156,0.0,6.216065135247545,0.0,4.587471336033851,0.0
Läden,387.01176470588234,0.0,18.236576804982175,0.0,344.59120360246504,0.0,398.0,0.0,360.0,0.0,300.0,0.0,238.0,0.0,152.0,0.0,62.0,0.0,36.0,0.0,23.0,0.0,14.0,0.0,11.547563656227682,0.0,19.949937343260004,0.0,18.973665961010276,0.0,17.320508075688775,0.0,15.427248620541512,0.0,12.328828005937952,0.0,7.874007874011811,0.0,6.0,0.0,4.795831523312719,0.0,3.7416573867739413,0.0,,,,,,,,,,,,,,,,,,,,,4.484498194719369,0.0,,,,,,,,,,,,,,,,,,,,,11.547581267206173,0.0,18.106812745881456,0.0,17.253540060271142,0.0,15.591789706184679,0.0,13.55393040495252,0.0,10.280789127211573,0.0,6.265913691577659,0.0,4.9827903786182555,0.0,4.270673820831587,0.0,3.1587750393245337,0.0
Lätäs,337.3686274509804,0.0,16.82776993039927,0.0,338.6290062713774,0.0,344.0,0.0,304.0,0.0,241.0,0.0,188.0,0.0,125.0,0.0,69.0,0.0,35.0,0.0,15.0,0.0,11.0,0.0,11.372244631604884,0.0,18.547236990991408,0.0,17.435595774162696,0.0,15.524174696260024,0.0,13.711309200802088,0.0,11.180339887498949,0.0,8.306623862918075,0.0,5.916079783099616,0.0,3.872983346207417,0.0,3.3166247903554,0.0,,,,,,,,,,,,,,,,,,,,,3.2138017992515353,0.0,,,,,,,,,,,,,,,,,,,,,11.372716240353757,0.0,16.428519929601347,0.0,15.55336398283013,0.0,13.712121911470168,0.0,11.806701438900689,0.0,9.267746531206075,0.0,6.652954992403485,0.0,4.581384961856382,0.0,3.3064527543543907,0.0,2.9196020912894873,0.0
Löhne,384.26666666666665,0.0,18.228004446391125,0.0,342.52413306228425,0.0,402.0,0.0,349.0,0.0,299.0,0.0,234.0,0.0,147.0,0.0,61.0,0.0,32.0,0.0,24.0,0.0,6.0,0.0,11.462049907603273,0.0,20.049937655763422,0.0,18.681541692269406,0.0,17.291616465790582,0.0,15.297058540778355,0.0,12.12435565298214,0.0,7.810249675906654,0.0,5.656854249492381,0.0,4.898979485566356,0.0,2.449489742783178,0.0,,,,,,,,,,,,,,,,,,,,,4.156420530750012,0.0,,,,,,,,,,,,,,,,,,,,,11.462485630503119,0.0,18.096507309202785,0.0,16.924304743841766,0.0,15.48480305743438,0.0,13.375464452250391,0.0,10.133246735989957,0.0,6.203368262237164,0.0,4.85164899514358,0.0,4.649933509284647,0.0,1.661588710425858,0.0
Lömöt,398.65098039215684,0.0,18.413087300321422,0.0,419.31958516574696,0.0,436.0,0.0,381.0,0.0,326.0,0.0,270.0,0.0,205.0,0.0,143.0,0.0,108.0,0.0,68.0,0.0,51.0,0.0,14.02802622172432,0.0,20.8806130178211,0.0,19.519221295943137,0.0,18.05547008526779,0.0,16.431676725154983,0.0,14.317821063276353,0.0,11.958260743101398,0.0,10.392304845413264,0.0,8.246211251235321,0.0,7.14142842854285,0.0,,,,,,,,,,,,,,,,,,,,,6.212678738098101,0.0,,,,,,,,,,,,,,,,,,,,,14.028086922302467,0.0,18.560716579997184,0.0,17.497791901506353,0.0,16.262487324490454,0.0,14.65546399216059,0.0,12.559065360482439,0.0,10.256711764125296,0.0,9.051340113057801,0.0,7.311811927576141,0.0,6.043585805125169,0.0
Lösön,359.74117647058824,0.0,17.465239382768964,0.0,341.83048516115775,0.0,372.0,0.0,326.0,0.0,269.0,0.0,210.0,0.0,137.0,0.0,68.0,0.0,36.0,0.0,18.0,0.0,7.0,0.0,11.413167310952655,0.0,19.28730152198591,0.0,18.05547008526779,0.0,16.401219466856727,0.0,14.491376746189438,0.0,11.704699910719626,0.0,8.246211251235321,0.0,6.0,0.0,4.242640687119285,0.0,2.6457513110645907,0.0,,,,,,,,,,,,,,,,,,,,,4.891676590131616,0.0,,,,,,,,,,,,,,,,,,,,,11.413036735035975,0.0,17.260939938447915,0.0,16.161079964948073,0.0,14.539690405715746,0.0,12.49062828135823,0.0,9.573039681428089,0.0,6.252201312575279,0.0,4.739546942805361,0.0,3.938473345303629,0.0,2.1087896002236026,0.0
Löwen,388.4705882352941,0.0,18.222544140590966,0.0,377.37978175711993,0.0,402.0,0.0,369.0,0.0,317.0,0.0,253.0,0.0,175.0,0.0,98.0,0.0,62.0,0.0,43.0,0.0,26.0,0.0,12.737110902965554,0.0,20.049937655763422,0.0,19.209372712298546,0.0,17.804493814764857,0.0,15.905973720586866,0.0,13.228756555322953,0.0,9.899494936611665,0.0,7.874007874011811,0.0,6.557438524302,0.0,5.0990195135927845,0.0,,,,,,,,,,,,,,,,,,,,,4.29640537933753,0.0,,,,,,,,,,,,,,,,,,,,,12.737326421732622,0.0,18.12186266383973,0.0,17.368523342506457,0.0,16.060156014319794,0.0,14.006067850008874,0.0,11.246710665695401,0.0,8.14610466805923,0.0,6.483358799023172,0.0,5.465879901696693,0.0,3.675235807151082,0.0
Löwin,368.843137254902,0.0,17.76386744331417,0.0,395.55876899568887,0.0,382.0,0.0,354.0,0.0,309.0,0.0,252.0,0.0,190.0,0.0,116.0,0.0,76.0,0.0,47.0,0.0,26.0,0.0,13.36674059795616,0.0,19.544820285692065,0.0,18.81488772222678,0.0,17.578395831246947,0.0,15.874507866387544,0.0,13.784048752090222,0.0,10.770329614269007,0.0,8.717797887081348,0.0,6.855654600401044,0.0,5.0990195135927845,0.0,,,,,,,,,,,,,,,,,,,,,4.401183999154191,0.0,,,,,,,,,,,,,,,,,,,,,13.36636270172263,0.0,17.731737602712066,0.0,17.051042026126463,0.0,15.875452325637088,0.0,14.04155853569459,0.0,11.797124287232727,0.0,8.87389135667192,0.0,7.069353413097162,0.0,5.747683753727723,0.0,3.675235807151082,0.0
Lüfte,335.0901960784314,0.0,16.953638299655335,0.0,357.88594163811774,0.0,351.0,0.0,306.0,0.0,260.0,0.0,200.0,0.0,143.0,0.0,75.0,0.0,49.0,0.0,24.0,0.0,12.0,0.0,12.016150800624644,0.0,18.734993995195193,0.0,17.4928556845359,0.0,16.1245154965971,0.0,14.142135623730951,0.0,11.958260743101398,0.0,8.660254037844387,0.0,7.0,0.0,4.898979485566356,0.0,3.4641016151377544,0.0,,,,,,,,,,,,,,,,,,,,,3.6470894059103465,0.0,,,,,,,,,,,,,,,,,,,,,12.016348287759186,0.0,16.695605207660876,0.0,15.553373289885965,0.0,14.359112479343812,0.0,12.192516098515846,0.0,10.101897443378617,0.0,7.089878482405101,0.0,5.807712163090437,0.0,4.143373662898582,0.0,2.7557700733627106,0.0
Lüste,327.48627450980393,0.0,16.71118897582619,0.0,336.7058291690628,0.0,344.0,0.0,294.0,0.0,239.0,0.0,185.0,0.0,122.0,0.0,51.0,0.0,28.0,0.0,12.0,0.0,5.0,0.0,11.168070112656345,0.0,18.547236990991408,0.0,17.146428199482248,0.0,15.459624833740307,0.0,13.601470508735444,0.0,11.045361017187261,0.0,7.14142842854285,0.0,5.291502622129181,0.0,3.4641016151377544,0.0,2.23606797749979,0.0,,,,,,,,,,,,,,,,,,,,,3.54189696980546,0.0,,,,,,,,,,,,,,,,,,,,,11.167890805794533,0.0,16.431243781737443,0.0,15.17243155770843,0.0,13.617629952814676,0.0,11.59143898132681,0.0,9.02640394268153,0.0,5.449412583061374,0.0,4.047971831622732,0.0,2.6344054698560204,0.0,1.912422272232873,0.0
Mache,427.2901960784314,0.0,19.156719850150424,0.0,401.62206968977887,0.0,449.0,0.0,400.0,0.0,353.0,0.0,290.0,0.0,217.0,0.0,144.0,0.0,105.0,0.0,59.0,0.0,8.0,0.0,13.581557278489875,0.0,21.18962010041709,0.0,20.0,0.0,18.788294228055936,0.0,17.029386365926403,0.0,14.730919862656235,0.0,12.0,0.0,10.246950765959598,0.0,7.681145747868608,0.0,2.8284271247461903,0.0,,,,,,,,,,,,,,,,,,,,,6.709288072781195,0.0,,,,,,,,,,,,,,,,,,,,,13.581133961235786,0.0,19.244452569537664,0.0,18.22911215099406,0.0,16.96154296788354,0.0,15.18210382532574,0.0,12.90842955859397,0.0,10.129443834786942,0.0,8.640597334421312,0.0,6.10972314009348,0.0,1.0792530315253164,0.0
Macht,416.8313725490196,0.0,18.901536078541664,0.0,415.69052517055263,0.0,439.0,0.0,396.0,0.0,350.0,0.0,292.0,0.0,227.0,0.0,158.0,0.0,116.0,0.0,62.0,0.0,8.0,0.0,14.031816937080325,0.0,20.952326839756964,0.0,19.8997487421324,0.0,18.708286933869708,0.0,17.08800749063506,0.0,15.066519173319364,0.0,12.569805089976535,0.0,10.770329614269007,0.0,7.874007874011811,0.0,2.8284271247461903,0.0,,,,,,,,,,,,,,,,,,,,,8.41496535219397,0.0,,,,,,,,,,,,,,,,,,,,,14.031845639604441,0.0,18.87593138130275,0.0,18.083851611003347,0.0,16.846410122528013,0.0,15.257379751672229,0.0,13.251320552633489,0.0,10.578838508258844,0.0,8.997513241844807,0.0,6.197001916611085,0.0,1.0792530315253164,0.0
Macke,426.6313725490196,0.0,19.142305264168293,0.0,409.5916587700758,0.0,449.0,0.0,404.0,0.0,360.0,0.0,296.0,0.0,230.0,0.0,152.0,0.0,112.0,0.0,62.0,0.0,8.0,0.0,13.837476665145152,0.0,21.18962010041709,0.0,20.09975124224178,0.0,18.973665961010276,0.0,17.204650534085253,0.0,15.165750888103101,0.0,12.328828005937952,0.0,10.583005244258363,0.0,7.874007874011811,0.0,2.8284271247461903,0.0,,,,,,,,,,,,,,,,,,,,,6.813526500957377,0.0,,,,,,,,,,,,,,,,,,,,,13.837292976454687,0.0,19.291680743589005,0.0,18.3808962506773,0.0,17.140540786899418,0.0,15.342004371048382,0.0,13.344474262519384,0.0,10.468979203978845,0.0,8.811238061548588,0.0,6.196345561624793,0.0,1.0792530315253164,0.0
Madam,499.6588235294118,0.0,20.691909649714344,0.0,484.43795142179073,0.0,551.0,0.0,500.0,0.0,435.0,0.0,378.0,0.0,307.0,0.0,228.0,0.0,185.0,0.0,113.0,0.0,61.0,0.0,16.068173718824223,0.0,23.473389188611005,0.0,22.360679774997898,0.0,20.85665361461421,0.0,19.44222209522358,0.0,17.52141546793523,0.0,15.0996688705415,0.0,13.601470508735444,0.0,10.63014581273465,0.0,7.810249675906654,0.0,,,,,,,,,,,,,,,,,,,,,3.7289597036229223,0.0,,,,,,,,,,,,,,,,,,,,,16.068316794886638,0.0,21.377055897177808,0.0,20.554267146709346,0.0,19.17858318709328,0.0,17.760242170783663,0.0,15.749137402530422,0.0,13.1240338952455,0.0,11.688446869032786,0.0,8.733271979894589,0.0,6.398820976517234,0.0
Maden,454.05882352941177,0.0,19.771307254253554,0.0,406.37374903148645,0.0,475.0,0.0,439.0,0.0,381.0,0.0,319.0,0.0,235.0,0.0,145.0,0.0,110.0,0.0,60.0,0.0,15.0,0.0,13.76305618881231,0.0,21.79449471770337,0.0,20.952326839756964,0.0,19.519221295943137,0.0,17.86057109949175,0.0,15.329709716755891,0.0,12.041594578792296,0.0,10.488088481701515,0.0,7.745966692414834,0.0,3.872983346207417,0.0,,,,,,,,,,,,,,,,,,,,,5.992835747479283,0.0,,,,,,,,,,,,,,,,,,,,,13.7629067740938,0.0,19.936890031209522,0.0,19.239901392513826,0.0,17.838417448051175,0.0,16.065764003842173,0.0,13.427499046979767,0.0,10.16280942449232,0.0,8.792238811502331,0.0,6.044876396883074,0.0,2.6572175460055876,0.0
Mafia,391.42352941176466,0.0,18.27825384519466,0.0,419.75227192350155,0.0,400.0,0.0,367.0,0.0,324.0,0.0,275.0,0.0,230.0,0.0,173.0,0.0,126.0,0.0,62.0,0.0,13.0,0.0,14.286866354789447,0.0,20.0,0.0,19.157244060668017,0.0,18.0,0.0,16.583123951777,0.0,15.165750888103101,0.0,13.152946437965905,0.0,11.224972160321824,0.0,7.874007874011811,0.0,3.605551275463989,0.0,,,,,,,,,,,,,,,,,,,,,10.594455756654542,0.0,,,,,,,,,,,,,,,,,,,,,14.287146967616026,0.0,18.178316095090036,0.0,17.527483291699834,0.0,16.32654430701356,0.0,14.815813431186317,0.0,13.407615725183966,0.0,11.076284988912859,0.0,9.279018983123388,0.0,6.116720527240294,0.0,2.1587463099785595,0.0
Magen,462.88235294117646,0.0,19.940285710916665,0.0,414.5511628911513,0.0,487.0,0.0,449.0,0.0,390.0,0.0,323.0,0.0,242.0,0.0,157.0,0.0,112.0,0.0,66.0,0.0,22.0,0.0,14.003174684613983,0.0,22.06807649071391,0.0,21.18962010041709,0.0,19.748417658131498,0.0,17.97220075561143,0.0,15.556349186104045,0.0,12.529964086141668,0.0,10.583005244258363,0.0,8.12403840463596,0.0,4.69041575982343,0.0,,,,,,,,,,,,,,,,,,,,,6.034837186068886,0.0,,,,,,,,,,,,,,,,,,,,,14.002764778154273,0.0,20.19584440502708,0.0,19.51121321838837,0.0,18.06581436123952,0.0,16.11706913949318,0.0,13.658174247167775,0.0,10.556030925368526,0.0,8.664745212267556,0.0,5.9663796681003936,0.0,2.745077960341451,0.0
Magie,429.043137254902,0.0,19.179091203910577,0.0,424.43475876926584,0.0,456.0,0.0,415.0,0.0,360.0,0.0,302.0,0.0,237.0,0.0,165.0,0.0,123.0,0.0,70.0,0.0,22.0,0.0,14.282943110472306,0.0,21.354156504062622,0.0,20.37154878746336,0.0,18.973665961010276,0.0,17.378147196982766,0.0,15.394804318340652,0.0,12.84523257866513,0.0,11.090536506409418,0.0,8.366600265340756,0.0,4.69041575982343,0.0,,,,,,,,,,,,,,,,,,,,,9.930762620833951,0.0,,,,,,,,,,,,,,,,,,,,,14.283041817369556,0.0,19.456667240594843,0.0,18.69471112587353,0.0,17.263595866337138,0.0,15.5846014415501,0.0,13.617566638536193,0.0,10.886759993579117,0.0,9.063094009886536,0.0,6.228577771060339,0.0,2.745077960341451,0.0
Magma,508.48235294117643,0.0,20.853429661396937,0.0,488.723869032674,0.0,557.0,0.0,501.0,0.0,445.0,0.0,385.0,0.0,316.0,0.0,236.0,0.0,181.0,0.0,114.0,0.0,66.0,0.0,16.16086367291961,0.0,23.600847442411894,0.0,22.38302928559939,0.0,21.095023109728988,0.0,19.621416870348583,0.0,17.776388834631177,0.0,15.362291495737216,0.0,13.45362404707371,0.0,10.677078252031311,0.0,8.12403840463596,0.0,,,,,,,,,,,,,,,,,,,,,3.9115910489666477,0.0,,,,,,,,,,,,,,,,,,,,,16.16087564836691,0.0,21.59957156702268,0.0,20.719909222367082,0.0,19.461840160369675,0.0,17.890462793673642,0.0,16.006186594640216,0.0,13.319740785461105,0.0,11.43668401828738,0.0,8.523668032446679,0.0,6.290716974348128,0.0
Mahsa,434.4823529411765,0.0,19.27208809313186,0.0,402.01488527670415,0.0,458.0,0.0,402.0,0.0,350.0,0.0,297.0,0.0,228.0,0.0,147.0,0.0,107.0,0.0,61.0,0.0,9.0,0.0,13.674751443705249,0.0,21.400934559032695,0.0,20.049937655763422,0.0,18.708286933869708,0.0,17.233687939614086,0.0,15.0996688705415,0.0,12.12435565298214,0.0,10.344080432788601,0.0,7.810249675906654,0.0,3.0,0.0,,,,,,,,,,,,,,,,,,,,,8.516654743395076,0.0,,,,,,,,,,,,,,,,,,,,,13.674498467125044,0.0,19.45695986324369,0.0,18.398167673482497,0.0,16.986727218668374,0.0,15.390009293784608,0.0,13.19141777332051,0.0,10.223453582625135,0.0,8.658709944702325,0.0,6.157911717670435,0.0,1.3217406163424954,0.0
Mails,369.5019607843137,0.0,17.821643162555365,0.0,420.3478833086309,0.0,386.0,0.0,350.0,0.0,301.0,0.0,260.0,0.0,216.0,0.0,163.0,0.0,123.0,0.0,63.0,0.0,11.0,0.0,14.223518691964543,0.0,19.6468827043885,0.0,18.708286933869708,0.0,17.349351572897472,0.0,16.1245154965971,0.0,14.696938456699069,0.0,12.767145334803704,0.0,11.090536506409418,0.0,7.937253933193772,0.0,3.3166247903554,0.0,,,,,,,,,,,,,,,,,,,,,12.785049745452104,0.0,,,,,,,,,,,,,,,,,,,,,14.223946241081881,0.0,17.732992893705507,0.0,17.032177479222042,0.0,15.670001362582193,0.0,14.388667829352375,0.0,13.011277202998764,0.0,10.818495497363728,0.0,9.221253814034311,0.0,6.40877111402118,0.0,1.909426836912861,0.0
Major,385.9568627450981,0.0,18.182842972063327,0.0,424.8978267501409,0.0,401.0,0.0,373.0,0.0,333.0,0.0,282.0,0.0,219.0,0.0,166.0,0.0,120.0,0.0,56.0,0.0,13.0,0.0,14.25054882096505,0.0,20.024984394500787,0.0,19.313207915827967,0.0,18.24828759089466,0.0,16.792855623746664,0.0,14.798648586948742,0.0,12.884098726725126,0.0,10.954451150103322,0.0,7.483314773547883,0.0,3.605551275463989,0.0,,,,,,,,,,,,,,,,,,,,,12.123342809456076,0.0,,,,,,,,,,,,,,,,,,,,,14.250937145375504,0.0,18.091899763872444,0.0,17.458467338282396,0.0,16.394834560639453,0.0,14.944909892659108,0.0,12.972745263040663,0.0,10.779435584118255,0.0,8.887728916062123,0.0,5.72264789144779,0.0,2.1722266087911786,0.0
Makro,426.52941176470586,0.0,19.162734966080347,0.0,425.3588910216433,0.0,449.0,0.0,412.0,0.0,367.0,0.0,310.0,0.0,249.0,0.0,168.0,0.0,126.0,0.0,63.0,0.0,9.0,0.0,14.30966122780301,0.0,21.18962010041709,0.0,20.29778313018444,0.0,19.157244060668017,0.0,17.60681686165901,0.0,15.7797338380595,0.0,12.96148139681572,0.0,11.224972160321824,0.0,7.937253933193772,0.0,3.0,0.0,,,,,,,,,,,,,,,,,,,,,9.60415307009866,0.0,,,,,,,,,,,,,,,,,,,,,14.309546816203257,0.0,19.33470598487672,0.0,18.617301312560688,0.0,17.384915213962834,0.0,15.792085294713884,0.0,13.909399903451703,0.0,10.909597082562527,0.0,9.266001188722445,0.0,6.205364947974592,0.0,1.3217406163424954,0.0
Malta,391.81176470588235,0.0,18.323547771159195,0.0,419.8072705331614,0.0,407.0,0.0,372.0,0.0,325.0,0.0,275.0,0.0,228.0,0.0,169.0,0.0,124.0,0.0,62.0,0.0,11.0,0.0,14.233550276394705,0.0,20.174241001832016,0.0,19.28730152198591,0.0,18.027756377319946,0.0,16.583123951777,0.0,15.0996688705415,0.0,13.0,0.0,11.135528725660043,0.0,7.874007874011811,0.0,3.3166247903554,0.0,,,,,,,,,,,,,,,,,,,,,10.072813088917043,0.0,,,,,,,,,,,,,,,,,,,,,14.233753554328274,0.0,18.258122705464917,0.0,17.604843466475952,0.0,16.384719374386815,0.0,14.852620819731277,0.0,13.373308562639943,0.0,11.026132759513223,0.0,9.286081214648496,0.0,6.243345000341152,0.0,1.9273750775216147,0.0
Maori,376.5254901960784,0.0,17.95220447524352,0.0,414.47145726526844,0.0,386.0,0.0,364.0,0.0,315.0,0.0,267.0,0.0,217.0,0.0,153.0,0.0,117.0,0.0,52.0,0.0,8.0,0.0,13.990820121738874,0.0,19.6468827043885,0.0,19.078784028338912,0.0,17.74823934929885,0.0,16.34013463836819,0.0,14.730919862656235,0.0,12.36931687685298,0.0,10.816653826391969,0.0,7.211102550927978,0.0,2.8284271247461903,0.0,,,,,,,,,,,,,,,,,,,,,14.745643950007805,0.0,,,,,,,,,,,,,,,,,,,,,13.990732823036094,0.0,17.743547894984097,0.0,17.249077452652095,0.0,15.912103221221715,0.0,14.552738170201525,0.0,12.905160143864393,0.0,10.274202622438738,0.0,8.806159325687409,0.0,5.3094111438098155,0.0,1.2857012633342488,0.0
Marke,422.9921568627451,0.0,19.1206183714083,0.0,414.6831129037048,0.0,445.0,0.0,403.0,0.0,357.0,0.0,299.0,0.0,233.0,0.0,161.0,0.0,118.0,0.0,62.0,0.0,8.0,0.0,13.995695422133407,0.0,21.095023109728988,0.0,20.074859899884732,0.0,18.894443627691185,0.0,17.291616465790582,0.0,15.264337522473747,0.0,12.68857754044952,0.0,10.862780491200215,0.0,7.874007874011811,0.0,2.8284271247461903,0.0,,,,,,,,,,,,,,,,,,,,,7.002602099350257,0.0,,,,,,,,,,,,,,,,,,,,,13.995508669400186,0.0,19.25962071250138,0.0,18.390079788517713,0.0,17.07441744950207,0.0,15.47737641939511,0.0,13.43359138060729,0.0,10.766008308684208,0.0,9.012618980314425,0.0,6.196345561624793,0.0,1.0792530315253164,0.0
Maske,429.1372549019608,0.0,19.19432185678136,0.0,406.8964947234573,0.0,456.0,0.0,404.0,0.0,351.0,0.0,295.0,0.0,227.0,0.0,153.0,0.0,111.0,0.0,64.0,0.0,8.0,0.0,13.770842681142287,0.0,21.354156504062622,0.0,20.09975124224178,0.0,18.734993995195193,0.0,17.175564037317667,0.0,15.066519173319364,0.0,12.36931687685298,0.0,10.535653752852738,0.0,8.0,0.0,2.8284271247461903,0.0,,,,,,,,,,,,,,,,,,,,,6.704618657660102,0.0,,,,,,,,,,,,,,,,,,,,,13.770347381114147,0.0,19.417215092086558,0.0,18.4235614843852,0.0,16.923235458950092,0.0,15.347558572298421,0.0,13.208752801840921,0.0,10.450226521102891,0.0,8.76722070862514,0.0,6.243032439512826,0.0,1.0792530315253164,0.0
Masse,390.3058823529411,0.0,18.195920384709158,0.0,380.5771889755489,0.0,405.0,0.0,355.0,0.0,295.0,0.0,249.0,0.0,191.0,0.0,124.0,0.0,92.0,0.0,47.0,0.0,6.0,0.0,12.928510171822113,0.0,20.12461179749811,0.0,18.841443681416774,0.0,17.175564037317667,0.0,15.7797338380595,0.0,13.820274961085254,0.0,11.135528725660043,0.0,9.591663046625438,0.0,6.855654600401044,0.0,2.449489742783178,0.0,,,,,,,,,,,,,,,,,,,,,10.45918889155156,0.0,,,,,,,,,,,,,,,,,,,,,12.928258906808017,0.0,18.084277432556426,0.0,17.066220846540602,0.0,15.407465703857657,0.0,13.949468267507193,0.0,11.907287752830374,0.0,9.222758025864048,0.0,7.851484259242033,0.0,4.9371945294010615,0.0,0.8534253680291182,0.0
Matta,390.9843137254902,0.0,18.218748977418606,0.0,406.6783133961278,0.0,406.0,0.0,371.0,0.0,321.0,0.0,269.0,0.0,216.0,0.0,153.0,0.0,112.0,0.0,49.0,0.0,6.0,0.0,13.79512858643303,0.0,20.149441679609886,0.0,19.261360284258224,0.0,17.916472867168917,0.0,16.401219466856727,0.0,14.696938456699069,0.0,12.36931687685298,0.0,10.583005244258363,0.0,7.0,0.0,2.449489742783178,0.0,,,,,,,,,,,,,,,,,,,,,10.10633039422255,0.0,,,,,,,,,,,,,,,,,,,,,13.79521118051027,0.0,18.091857025438543,0.0,17.435172705787952,0.0,16.25235160582689,0.0,14.611515696827576,0.0,12.927973610378304,0.0,10.392766819601068,0.0,8.621613816248997,0.0,5.042651465127612,0.0,0.8534253680291182,0.0
Matte,386.2980392156863,0.0,18.15168011411102,0.0,402.99383201993453,0.0,405.0,0.0,368.0,0.0,316.0,0.0,263.0,0.0,208.0,0.0,141.0,0.0,109.0,0.0,49.0,0.0,6.0,0.0,13.624906258771414,0.0,20.12461179749811,0.0,19.183326093250876,0.0,17.776388834631177,0.0,16.217274740226856,0.0,14.422205101855956,0.0,11.874342087037917,0.0,10.44030650891055,0.0,7.0,0.0,2.449489742783178,0.0,,,,,,,,,,,,,,,,,,,,,10.915817446693408,0.0,,,,,,,,,,,,,,,,,,,,,13.625023221007012,0.0,18.034954899553796,0.0,17.296532952642103,0.0,16.106660022088622,0.0,14.438787213875008,0.0,12.669022021944757,0.0,10.050114969717562,0.0,8.568164962639853,0.0,5.042651465127612,0.0,0.8534253680291182,0.0
Mauer,403.53333333333336,0.0,18.626461480426567,0.0,393.83882396136187,0.0,420.0,0.0,392.0,0.0,334.0,0.0,280.0,0.0,199.0,0.0,125.0,0.0,91.0,0.0,44.0,0.0,6.0,0.0,13.2761864929654,0.0,20.493901531919196,0.0,19.79898987322333,0.0,18.275666882497067,0.0,16.73320053068151,0.0,14.106735979665885,0.0,11.180339887498949,0.0,9.539392014169456,0.0,6.6332495807108,0.0,2.449489742783178,0.0,,,,,,,,,,,,,,,,,,,,,11.625651380866838,0.0,,,,,,,,,,,,,,,,,,,,,13.276147627417686,0.0,18.52643929593554,0.0,17.929476358472122,0.0,16.44187858426272,0.0,14.73634404667899,0.0,12.162677764708118,0.0,9.32794270784903,0.0,7.856479446555357,0.0,4.847683988412404,0.0,0.8534253680291182,0.0
Maxan,427.85098039215677,0.0,19.128532245495844,0.0,402.09944494388685,0.0,439.0,0.0,406.0,0.0,358.0,0.0,297.0,0.0,234.0,0.0,156.0,0.0,100.0,0.0,46.0,0.0,7.0,0.0,13.708667587915668,0.0,20.952326839756964,0.0,20.149441679609886,0.0,18.920887928424502,0.0,17.233687939614086,0.0,15.297058540778355,0.0,12.489995996796797,0.0,10.0,0.0,6.782329983125268,0.0,2.6457513110645907,0.0,,,,,,,,,,,,,,,,,,,,,6.518783569080214,0.0,,,,,,,,,,,,,,,,,,,,,13.707960416170792,0.0,19.139220307632307,0.0,18.50964425297597,0.0,17.166398673523585,0.0,15.272921113819681,0.0,13.183924838119466,0.0,10.26928505901438,0.0,8.020211960238019,0.0,4.896826196813725,0.0,0.9348427981184523,0.0
Mbbrp,480.7686274509804,0.0,20.295890421765264,0.0,455.55166665316926,0.0,521.0,0.0,489.0,0.0,430.0,0.0,352.0,0.0,287.0,0.0,195.0,0.0,144.0,0.0,81.0,0.0,32.0,0.0,15.107851373325282,0.0,22.825424421026653,0.0,22.11334438749598,0.0,20.73644135332772,0.0,18.76166303929372,0.0,16.941074346097416,0.0,13.96424004376894,0.0,12.0,0.0,9.0,0.0,5.656854249492381,0.0,,,,,,,,,,,,,,,,,,,,,7.271415807843357,0.0,,,,,,,,,,,,,,,,,,,,,15.107982441075592,0.0,21.09632862572148,0.0,20.437829377361396,0.0,18.89012670714286,0.0,16.903462018636514,0.0,15.046107059562667,0.0,12.09807324734583,0.0,10.008093619666925,0.0,7.045676790469693,0.0,4.180028273507935,0.0
Mbprp,482.9019607843137,0.0,20.41152925972212,0.0,458.8881748210792,0.0,515.0,0.0,476.0,0.0,422.0,0.0,357.0,0.0,296.0,0.0,199.0,0.0,153.0,0.0,91.0,0.0,44.0,0.0,15.307689984128602,0.0,22.693611435820433,0.0,21.817424229271428,0.0,20.54263858417414,0.0,18.894443627691185,0.0,17.204650534085253,0.0,14.106735979665885,0.0,12.36931687685298,0.0,9.539392014169456,0.0,6.6332495807108,0.0,,,,,,,,,,,,,,,,,,,,,7.128900763337195,0.0,,,,,,,,,,,,,,,,,,,,,15.307827655054387,0.0,20.922044972418064,0.0,20.15320198849806,0.0,18.759211894329432,0.0,17.107325687324384,0.0,15.298188624064993,0.0,12.250192198276906,0.0,10.480287824854594,0.0,7.680366513444213,0.0,5.292802884473189,0.0
Mbscr,398.74901960784314,0.0,18.414292879108906,0.0,418.00976720579547,0.0,419.0,0.0,385.0,0.0,335.0,0.0,287.0,0.0,227.0,0.0,157.0,0.0,112.0,0.0,55.0,0.0,14.0,0.0,13.99986953867269,0.0,20.46948949045872,0.0,19.621416870348583,0.0,18.303005217723125,0.0,16.941074346097416,0.0,15.066519173319364,0.0,12.529964086141668,0.0,10.583005244258363,0.0,7.416198487095663,0.0,3.7416573867739413,0.0,,,,,,,,,,,,,,,,,,,,,14.757993073467889,0.0,,,,,,,,,,,,,,,,,,,,,14.000174992070296,0.0,18.554576490076542,0.0,17.819585828445646,0.0,16.406469576207446,0.0,15.028416753941602,0.0,13.143420521484666,0.0,10.493132502875058,0.0,8.600839026964165,0.0,5.487006342496318,0.0,2.268455894027785,0.0
Mbsst,405.3960784313726,0.0,18.522965576509563,0.0,417.12315901439786,0.0,434.0,0.0,389.0,0.0,328.0,0.0,282.0,0.0,230.0,0.0,158.0,0.0,116.0,0.0,60.0,0.0,14.0,0.0,14.02184828808791,0.0,20.83266665599966,0.0,19.72308292331602,0.0,18.110770276274835,0.0,16.792855623746664,0.0,15.165750888103101,0.0,12.569805089976535,0.0,10.770329614269007,0.0,7.745966692414834,0.0,3.7416573867739413,0.0,,,,,,,,,,,,,,,,,,,,,13.55944499505285,0.0,,,,,,,,,,,,,,,,,,,,,14.022087620989728,0.0,18.696029727578473,0.0,17.892362087395203,0.0,16.265165790414255,0.0,14.945819056659552,0.0,13.243671773455555,0.0,10.572763709072323,0.0,8.743906168050547,0.0,5.636396708712591,0.0,2.268455894027785,0.0
Mbstr,399.25098039215686,0.0,18.44657987573523,0.0,427.40389052220144,0.0,426.0,0.0,391.0,0.0,338.0,0.0,292.0,0.0,237.0,0.0,165.0,0.0,121.0,0.0,58.0,0.0,14.0,0.0,14.296951100941378,0.0,20.639767440550294,0.0,19.77371993328519,0.0,18.384776310850235,0.0,17.08800749063506,0.0,15.394804318340652,0.0,12.84523257866513,0.0,11.0,0.0,7.615773105863909,0.0,3.7416573867739413,0.0,,,,,,,,,,,,,,,,,,,,,14.735466522330405,0.0,,,,,,,,,,,,,,,,,,,,,14.297139753281652,0.0,18.649988311419065,0.0,17.952697103208724,0.0,16.590762582823693,0.0,15.226941395862406,0.0,13.499286399267405,0.0,10.829289128005053,0.0,8.953875753255073,0.0,5.5891772308647365,0.0,2.268455894027785,0.0
Mbzng,487.70980392156866,0.0,20.49646775206447,0.0,448.7285276164722,0.0,534.0,0.0,494.0,0.0,432.0,0.0,355.0,0.0,278.0,0.0,193.0,0.0,135.0,0.0,78.0,0.0,30.0,0.0,14.930314775856022,0.0,23.108440016582687,0.0,22.22611077089287,0.0,20.784609690826528,0.0,18.841443681416774,0.0,16.673332000533065,0.0,13.892443989449804,0.0,11.61895003862225,0.0,8.831760866327848,0.0,5.477225575051661,0.0,,,,,,,,,,,,,,,,,,,,,5.431329468374441,0.0,,,,,,,,,,,,,,,,,,,,,14.929961777183712,0.0,21.24772461322242,0.0,20.50642791396439,0.0,18.91768225974394,0.0,16.885524684201496,0.0,14.741571463908347,0.0,11.71832740297266,0.0,9.448550021659011,0.0,6.529029830643443,0.0,3.459824329567484,0.0
Mchzt,411.42352941176466,0.0,18.85731567533,0.0,436.6246586917845,0.0,443.0,0.0,398.0,0.0,360.0,0.0,311.0,0.0,250.0,0.0,168.0,0.0,125.0,0.0,68.0,0.0,9.0,0.0,14.598577797210277,0.0,21.047565179849187,0.0,19.949937343260004,0.0,18.973665961010276,0.0,17.635192088548397,0.0,15.811388300841896,0.0,12.96148139681572,0.0,11.180339887498949,0.0,8.246211251235321,0.0,3.0,0.0,,,,,,,,,,,,,,,,,,,,,9.865074938090903,0.0,,,,,,,,,,,,,,,,,,,,,14.598933073873406,0.0,19.003920666624193,0.0,18.157515086395044,0.0,17.165578523980706,0.0,15.725268336104968,0.0,13.875792819334281,0.0,10.854290167573446,0.0,9.226601059448864,0.0,6.340914068507698,0.0,1.3217406163424954,0.0
Mckbr,437.5803921568628,0.0,19.401460128883116,0.0,451.0951373196949,0.0,470.0,0.0,437.0,0.0,401.0,0.0,339.0,0.0,267.0,0.0,188.0,0.0,134.0,0.0,74.0,0.0,11.0,0.0,14.969887620157515,0.0,21.6794833886788,0.0,20.904544960366874,0.0,20.024984394500787,0.0,18.411952639521967,0.0,16.34013463836819,0.0,13.711309200802088,0.0,11.575836902790225,0.0,8.602325267042627,0.0,3.3166247903554,0.0,,,,,,,,,,,,,,,,,,,,,7.762888920640972,0.0,,,,,,,,,,,,,,,,,,,,,14.969899667986137,0.0,19.811670991415234,0.0,19.174068447181845,0.0,18.18548915941041,0.0,16.416368823040127,0.0,14.458393537690489,0.0,11.609442567431831,0.0,9.445189572828925,0.0,6.667734740260714,0.0,1.4774186142047594,0.0
Mcndc,427.45098039215685,0.0,19.148402410616214,0.0,425.26739639267566,0.0,448.0,0.0,414.0,0.0,371.0,0.0,325.0,0.0,240.0,0.0,163.0,0.0,118.0,0.0,62.0,0.0,15.0,0.0,14.282427674178813,0.0,21.166010488516726,0.0,20.346989949375804,0.0,19.261360284258224,0.0,18.027756377319946,0.0,15.491933384829668,0.0,12.767145334803704,0.0,10.862780491200215,0.0,7.874007874011811,0.0,3.872983346207417,0.0,,,,,,,,,,,,,,,,,,,,,6.662209106901427,0.0,,,,,,,,,,,,,,,,,,,,,14.282760247390318,0.0,19.275014164038538,0.0,18.580491442789818,0.0,17.47168718439084,0.0,16.127253196652457,0.0,13.5530144302022,0.0,10.601105887382685,0.0,9.011982787173796,0.0,6.094248990109204,0.0,2.6188843941006485,0.0
Medes,426.70588235294116,0.0,19.138602491929717,0.0,402.6001617113873,0.0,452.0,0.0,407.0,0.0,346.0,0.0,296.0,0.0,212.0,0.0,139.0,0.0,109.0,0.0,61.0,0.0,15.0,0.0,13.574894509383379,0.0,21.2602916254693,0.0,20.174241001832016,0.0,18.601075237738275,0.0,17.204650534085253,0.0,14.560219778561036,0.0,11.789826122551595,0.0,10.44030650891055,0.0,7.810249675906654,0.0,3.872983346207417,0.0,,,,,,,,,,,,,,,,,,,,,9.38934094362281,0.0,,,,,,,,,,,,,,,,,,,,,13.574997490675818,0.0,19.196816481606195,0.0,18.30532275455937,0.0,16.852577912713272,0.0,15.367901658236304,0.0,12.807181521929929,0.0,9.983241634027145,0.0,8.777909054334309,0.0,6.063127256667466,0.0,2.6572175460055876,0.0
Meere,387.9294117647059,0.0,18.29579421945718,0.0,393.97410215084324,0.0,398.0,0.0,363.0,0.0,314.0,0.0,267.0,0.0,207.0,0.0,130.0,0.0,96.0,0.0,45.0,0.0,6.0,0.0,13.289541209755216,0.0,19.949937343260004,0.0,19.05255888325765,0.0,17.72004514666935,0.0,16.34013463836819,0.0,14.38749456993816,0.0,11.40175425099138,0.0,9.797958971132712,0.0,6.708203932499369,0.0,2.449489742783178,0.0,,,,,,,,,,,,,,,,,,,,,11.002059532013185,0.0,,,,,,,,,,,,,,,,,,,,,13.289830391253806,0.0,18.04624113211075,0.0,17.221871980015727,0.0,15.912936699680717,0.0,14.487497198776582,0.0,12.554975209670317,0.0,9.541772168778522,0.0,8.076002220122595,0.0,4.868716395949067,0.0,0.8534253680291182,0.0
Mehlt,413.4745098039216,0.0,18.96967206583379,0.0,441.5858457991485,0.0,447.0,0.0,397.0,0.0,356.0,0.0,312.0,0.0,252.0,0.0,174.0,0.0,138.0,0.0,79.0,0.0,14.0,0.0,14.80934190428012,0.0,21.142374511865974,0.0,19.924858845171276,0.0,18.867962264113206,0.0,17.663521732655695,0.0,15.874507866387544,0.0,13.19090595827292,0.0,11.74734012447073,0.0,8.888194417315589,0.0,3.7416573867739413,0.0,,,,,,,,,,,,,,,,,,,,,11.277295555384926,0.0,,,,,,,,,,,,,,,,,,,,,14.80974635123714,0.0,19.114720744952383,0.0,18.195277439452735,0.0,17.153879067269617,0.0,15.90117621308359,0.0,14.095793018455655,0.0,11.327450781502472,0.0,9.930377928731927,0.0,7.298071696693748,0.0,2.1599370640059803,0.0
Meile,373.2705882352941,0.0,18.00220756252363,0.0,423.42676822897766,0.0,392.0,0.0,351.0,0.0,312.0,0.0,271.0,0.0,221.0,0.0,161.0,0.0,123.0,0.0,64.0,0.0,11.0,0.0,14.266460958125045,0.0,19.79898987322333,0.0,18.734993995195193,0.0,17.663521732655695,0.0,16.46207763315433,0.0,14.866068747318506,0.0,12.68857754044952,0.0,11.090536506409418,0.0,8.0,0.0,3.3166247903554,0.0,,,,,,,,,,,,,,,,,,,,,11.175727382863617,0.0,,,,,,,,,,,,,,,,,,,,,14.266943587224128,0.0,17.924081978549548,0.0,16.97369672908741,0.0,15.97271704864685,0.0,14.707403789658622,0.0,13.16416151780092,0.0,10.789531453032863,0.0,9.222711635587123,0.0,6.426122286486058,0.0,1.909426836912861,0.0
Melti,362.8117647058824,0.0,17.73041533172441,0.0,440.83362759946374,0.0,382.0,0.0,352.0,0.0,311.0,0.0,273.0,0.0,231.0,0.0,177.0,0.0,138.0,0.0,72.0,0.0,13.0,0.0,14.806513205082908,0.0,19.544820285692065,0.0,18.76166303929372,0.0,17.635192088548397,0.0,16.522711641858304,0.0,15.198684153570664,0.0,13.30413469565007,0.0,11.74734012447073,0.0,8.48528137423857,0.0,3.605551275463989,0.0,,,,,,,,,,,,,,,,,,,,,14.787830673069648,0.0,,,,,,,,,,,,,,,,,,,,,14.807120274695901,0.0,17.515653380725485,0.0,16.906286869869255,0.0,15.945446960048415,0.0,14.779683980363268,0.0,13.492921790581546,0.0,11.33542510420422,0.0,9.763529288674746,0.0,6.643973145907427,0.0,2.154021332326754,0.0
Menen,430.9529411764705,0.0,19.31348024130146,0.0,390.238153898487,0.0,438.0,0.0,406.0,0.0,359.0,0.0,303.0,0.0,224.0,0.0,129.0,0.0,89.0,0.0,45.0,0.0,6.0,0.0,13.297749225280942,0.0,20.92844953645635,0.0,20.149441679609886,0.0,18.947295321496416,0.0,17.406895185529212,0.0,14.966629547095765,0.0,11.357816691600547,0.0,9.433981132056603,0.0,6.708203932499369,0.0,2.449489742783178,0.0,,,,,,,,,,,,,,,,,,,,,6.553976293668869,0.0,,,,,,,,,,,,,,,,,,,,,13.297932671273212,0.0,19.152431895374054,0.0,18.457459211367517,0.0,17.268882575602632,0.0,15.506526581153109,0.0,13.035521564327636,0.0,9.405057153549281,0.0,7.741958444034524,0.0,4.870468570397233,0.0,0.8534253680291182,0.0
Menge,458.1960784313725,0.0,19.87902590409825,0.0,415.02652255725434,0.0,487.0,0.0,438.0,0.0,387.0,0.0,322.0,0.0,243.0,0.0,155.0,0.0,114.0,0.0,66.0,0.0,22.0,0.0,13.993074671519388,0.0,22.06807649071391,0.0,20.92844953645635,0.0,19.672315572906,0.0,17.944358444926362,0.0,15.588457268119896,0.0,12.449899597988733,0.0,10.677078252031311,0.0,8.12403840463596,0.0,4.69041575982343,0.0,,,,,,,,,,,,,,,,,,,,,5.258288856694829,0.0,,,,,,,,,,,,,,,,,,,,,13.993339853569262,0.0,20.145869779154978,0.0,19.19466373366521,0.0,17.935677642378536,0.0,16.04796950749983,0.0,13.748082951592911,0.0,10.50492403769314,0.0,8.802295011859792,0.0,5.967298936679429,0.0,2.7455837434415136,0.0
Mensa,412.9725490196078,0.0,18.79549628255389,0.0,389.49574205009037,0.0,421.0,0.0,378.0,0.0,331.0,0.0,283.0,0.0,217.0,0.0,136.0,0.0,93.0,0.0,46.0,0.0,6.0,0.0,13.295586352805143,0.0,20.518284528683193,0.0,19.44222209522358,0.0,18.193405398660254,0.0,16.822603841260722,0.0,14.730919862656235,0.0,11.661903789690601,0.0,9.643650760992955,0.0,6.782329983125268,0.0,2.449489742783178,0.0,,,,,,,,,,,,,,,,,,,,,8.807091674779743,0.0,,,,,,,,,,,,,,,,,,,,,13.29570186242904,0.0,18.63899500442572,0.0,17.721182803776948,0.0,16.46035356242093,0.0,14.932023500897815,0.0,12.804545901767261,0.0,9.58751231340746,0.0,7.841871891841143,0.0,4.899944114384686,0.0,0.8534253680291182,0.0
Menüs,430.6313725490196,0.0,19.218682039386223,0.0,399.8808176278911,0.0,455.0,0.0,416.0,0.0,357.0,0.0,299.0,0.0,217.0,0.0,137.0,0.0,94.0,0.0,50.0,0.0,12.0,0.0,13.534996291680912,0.0,21.330729007701542,0.0,20.396078054371138,0.0,18.894443627691185,0.0,17.291616465790582,0.0,14.730919862656235,0.0,11.704699910719626,0.0,9.695359714832659,0.0,7.0710678118654755,0.0,3.4641016151377544,0.0,,,,,,,,,,,,,,,,,,,,,7.833033633618711,0.0,,,,,,,,,,,,,,,,,,,,,13.535113087970686,0.0,19.342954540960477,0.0,18.537082530524927,0.0,17.0773208750164,0.0,15.256391769578057,0.0,12.907142984760918,0.0,9.692828569226482,0.0,8.040384055132016,0.0,5.320984667884852,0.0,2.3651908117272566,0.0
Meper,420.2980392156863,0.0,19.06838620745628,0.0,412.9947175180143,0.0,432.0,0.0,396.0,0.0,352.0,0.0,300.0,0.0,225.0,0.0,151.0,0.0,113.0,0.0,64.0,0.0,20.0,0.0,13.949581233366823,0.0,20.784609690826528,0.0,19.8997487421324,0.0,18.76166303929372,0.0,17.320508075688775,0.0,15.0,0.0,12.288205727444508,0.0,10.63014581273465,0.0,8.0,0.0,4.47213595499958,0.0,,,,,,,,,,,,,,,,,,,,,10.936331061092922,0.0,,,,,,,,,,,,,,,,,,,,,13.949832466751031,0.0,18.84613486806212,0.0,18.09464381984398,0.0,16.97816814303764,0.0,15.413336059116862,0.0,13.219722405021008,0.0,10.449060462598004,0.0,8.896287516466163,0.0,6.202731307555084,0.0,3.4266831176688366,0.0
Messe,385.61960784313726,0.0,18.12876706534386,0.0,384.3775334558999,0.0,402.0,0.0,349.0,0.0,294.0,0.0,253.0,0.0,192.0,0.0,125.0,0.0,93.0,0.0,48.0,0.0,6.0,0.0,13.017188972830695,0.0,20.049937655763422,0.0,18.681541692269406,0.0,17.146428199482248,0.0,15.905973720586866,0.0,13.856406460551018,0.0,11.180339887498949,0.0,9.643650760992955,0.0,6.928203230275509,0.0,2.449489742783178,0.0,,,,,,,,,,,,,,,,,,,,,10.399412579806844,0.0,,,,,,,,,,,,,,,,,,,,,13.017145165569804,0.0,17.963253164898827,0.0,16.812229228095863,0.0,15.366812071527113,0.0,14.031561729174339,0.0,11.956905148783756,0.0,9.264011897806666,0.0,7.871934532274061,0.0,4.959722734065602,0.0,0.8534253680291182,0.0
Meter,377.4705882352941,0.0,18.028428573560916,0.0,404.14878500484645,0.0,389.0,0.0,358.0,0.0,313.0,0.0,269.0,0.0,201.0,0.0,140.0,0.0,104.0,0.0,48.0,0.0,6.0,0.0,13.610669272632247,0.0,19.72308292331602,0.0,18.920887928424502,0.0,17.69180601295413,0.0,16.401219466856727,0.0,14.177446878757825,0.0,11.832159566199232,0.0,10.198039027185569,0.0,6.928203230275509,0.0,2.449489742783178,0.0,,,,,,,,,,,,,,,,,,,,,12.525067992712245,0.0,,,,,,,,,,,,,,,,,,,,,13.61090772691562,0.0,17.634709598532396,0.0,16.970581803904956,0.0,15.932845037894555,0.0,14.502371548458411,0.0,12.444380731910085,0.0,9.933863936063192,0.0,8.305646911366933,0.0,4.979753316541002,0.0,0.8534253680291182,0.0
Meute,402.9882352941176,0.0,18.615200099394162,0.0,400.2845599371518,0.0,430.0,0.0,390.0,0.0,335.0,0.0,282.0,0.0,208.0,0.0,128.0,0.0,98.0,0.0,47.0,0.0,6.0,0.0,13.462783786805915,0.0,20.73644135332772,0.0,19.748417658131498,0.0,18.303005217723125,0.0,16.792855623746664,0.0,14.422205101855956,0.0,11.313708498984761,0.0,9.899494936611665,0.0,6.855654600401044,0.0,2.449489742783178,0.0,,,,,,,,,,,,,,,,,,,,,9.977654962525893,0.0,,,,,,,,,,,,,,,,,,,,,13.463322115640588,0.0,18.689469708690364,0.0,17.784983060050532,0.0,16.536503526050808,0.0,14.817480545425061,0.0,12.496370836761615,0.0,9.529435922626794,0.0,8.179503935658317,0.0,4.955697809428998,0.0,0.8534253680291182,0.0
Midil,386.27450980392155,0.0,18.338468401116035,0.0,473.07650244456886,0.0,419.0,0.0,383.0,0.0,345.0,0.0,315.0,0.0,264.0,0.0,203.0,0.0,166.0,0.0,92.0,0.0,23.0,0.0,15.747404957275375,0.0,20.46948949045872,0.0,19.570385790780925,0.0,18.57417562100671,0.0,17.74823934929885,0.0,16.24807680927192,0.0,14.247806848775006,0.0,12.884098726725126,0.0,9.591663046625438,0.0,4.795831523312719,0.0,,,,,,,,,,,,,,,,,,,,,11.178593112882034,0.0,,,,,,,,,,,,,,,,,,,,,15.74743049411222,0.0,18.54032985933342,0.0,17.823838933625122,0.0,16.89843281383838,0.0,16.070271930540784,0.0,14.453667230277642,0.0,12.195249958383148,0.0,10.725810148261932,0.0,7.725189562408418,0.0,3.408312819002467,0.0
Mieze,382.18039215686275,0.0,18.186020715950175,0.0,414.5071493171143,0.0,403.0,0.0,363.0,0.0,317.0,0.0,272.0,0.0,223.0,0.0,150.0,0.0,108.0,0.0,54.0,0.0,6.0,0.0,13.971331593320874,0.0,20.074859899884732,0.0,19.05255888325765,0.0,17.804493814764857,0.0,16.492422502470642,0.0,14.933184523068078,0.0,12.24744871391589,0.0,10.392304845413264,0.0,7.3484692283495345,0.0,2.449489742783178,0.0,,,,,,,,,,,,,,,,,,,,,8.539391684054213,0.0,,,,,,,,,,,,,,,,,,,,,13.971528693603654,0.0,18.1185204358713,0.0,17.238629145389694,0.0,16.000403624626355,0.0,14.64754481623889,0.0,13.055026047220718,0.0,10.21648101703467,0.0,8.465514593807711,0.0,5.336805140095222,0.0,0.8534253680291182,0.0
Milch,393.3450980392157,0.0,18.49735664896059,0.0,456.44462991309763,0.0,425.0,0.0,381.0,0.0,347.0,0.0,307.0,0.0,256.0,0.0,195.0,0.0,145.0,0.0,82.0,0.0,16.0,0.0,15.261992253350991,0.0,20.615528128088304,0.0,19.519221295943137,0.0,18.627936010197157,0.0,17.52141546793523,0.0,16.0,0.0,13.96424004376894,0.0,12.041594578792296,0.0,9.055385138137417,0.0,4.0,0.0,,,,,,,,,,,,,,,,,,,,,7.571095104168417,0.0,,,,,,,,,,,,,,,,,,,,,15.261979726207349,0.0,18.674286088450998,0.0,17.834444254280477,0.0,16.913766666754032,0.0,15.78262850537127,0.0,14.171432507911716,0.0,11.969528807575912,0.0,10.17338632723014,0.0,7.48691634745149,0.0,2.4230717075936954,0.0
Milin,367.85490196078433,0.0,17.912137648113134,0.0,452.03868681714795,0.0,385.0,0.0,356.0,0.0,325.0,0.0,292.0,0.0,253.0,0.0,190.0,0.0,142.0,0.0,71.0,0.0,11.0,0.0,15.203154891151604,0.0,19.621416870348583,0.0,18.867962264113206,0.0,18.027756377319946,0.0,17.08800749063506,0.0,15.905973720586866,0.0,13.784048752090222,0.0,11.916375287812984,0.0,8.426149773176359,0.0,3.3166247903554,0.0,,,,,,,,,,,,,,,,,,,,,9.691209488413817,0.0,,,,,,,,,,,,,,,,,,,,,15.203450037846583,0.0,17.83141851525426,0.0,17.245676169246043,0.0,16.44350756034215,0.0,15.399639133228325,0.0,14.092846607371955,0.0,11.698464104975395,0.0,9.811113752229405,0.0,6.736176170296675,0.0,1.9273750775216147,0.0
Miliz,352.92156862745094,0.0,17.559697047496183,0.0,458.53473852159664,0.0,377.0,0.0,347.0,0.0,313.0,0.0,280.0,0.0,247.0,0.0,197.0,0.0,146.0,0.0,75.0,0.0,12.0,0.0,15.325893344522386,0.0,19.4164878389476,0.0,18.627936010197157,0.0,17.69180601295413,0.0,16.73320053068151,0.0,15.716233645501712,0.0,14.035668847618199,0.0,12.083045973594572,0.0,8.660254037844387,0.0,3.4641016151377544,0.0,,,,,,,,,,,,,,,,,,,,,11.336466759986205,0.0,,,,,,,,,,,,,,,,,,,,,15.326381062886592,0.0,17.496327932625345,0.0,16.87801341811165,0.0,15.971609979341002,0.0,14.994736093388182,0.0,13.936640842526844,0.0,11.899318774903529,0.0,9.930810872816917,0.0,6.8565048813797675,0.0,1.9891368417494126,0.0
Minen,411.3254901960784,0.0,18.881323857690507,0.0,411.31086678923305,0.0,423.0,0.0,390.0,0.0,350.0,0.0,305.0,0.0,236.0,0.0,147.0,0.0,105.0,0.0,51.0,0.0,6.0,0.0,14.004841211796291,0.0,20.566963801203133,0.0,19.748417658131498,0.0,18.708286933869708,0.0,17.46424919657298,0.0,15.362291495737216,0.0,12.12435565298214,0.0,10.246950765959598,0.0,7.14142842854285,0.0,2.449489742783178,0.0,,,,,,,,,,,,,,,,,,,,,5.85462642264718,0.0,,,,,,,,,,,,,,,,,,,,,14.00539400295877,0.0,18.75674968909116,0.0,18.074807055866927,0.0,17.061306499112824,0.0,15.626784324926698,0.0,13.423465655372341,0.0,10.102638121251804,0.0,8.358991462437288,0.0,5.251250946849674,0.0,0.8534253680291182,0.0
Mirki,379.0509803921568,0.0,18.16993304180178,0.0,460.4666642369466,0.0,406.0,0.0,370.0,0.0,339.0,0.0,305.0,0.0,256.0,0.0,199.0,0.0,151.0,0.0,78.0,0.0,10.0,0.0,15.378274130598856,0.0,20.149441679609886,0.0,19.235384061671343,0.0,18.411952639521967,0.0,17.46424919657298,0.0,16.0,0.0,14.106735979665885,0.0,12.288205727444508,0.0,8.831760866327848,0.0,3.1622776601683795,0.0,,,,,,,,,,,,,,,,,,,,,9.487385549077771,0.0,,,,,,,,,,,,,,,,,,,,,15.378665547010149,0.0,18.20028763630348,0.0,17.46753267435598,0.0,16.554657294275803,0.0,15.624366952360573,0.0,14.13707162238737,0.0,11.935405279702083,0.0,10.022613819945505,0.0,6.879013716484399,0.0,1.4453386814285631,0.0
Mitte,361.9843137254902,0.0,17.622089524675737,0.0,427.8668893910316,0.0,387.0,0.0,346.0,0.0,306.0,0.0,269.0,0.0,221.0,0.0,160.0,0.0,126.0,0.0,56.0,0.0,6.0,0.0,14.395983709387616,0.0,19.672315572906,0.0,18.601075237738275,0.0,17.4928556845359,0.0,16.401219466856727,0.0,14.866068747318506,0.0,12.649110640673518,0.0,11.224972160321824,0.0,7.483314773547883,0.0,2.449489742783178,0.0,,,,,,,,,,,,,,,,,,,,,10.090291432864408,0.0,,,,,,,,,,,,,,,,,,,,,14.396290011230654,0.0,17.497778932649922,0.0,16.6468163220326,0.0,15.859715075867257,0.0,14.668137979977018,0.0,13.11615928171063,0.0,10.747152165409666,0.0,9.157929377911811,0.0,5.432344761758616,0.0,0.8534253680291182,0.0
Mitti,342.35686274509806,0.0,17.14735871216139,0.0,448.7773833531762,0.0,366.0,0.0,335.0,0.0,298.0,0.0,269.0,0.0,231.0,0.0,179.0,0.0,142.0,0.0,65.0,0.0,8.0,0.0,15.04160548103255,0.0,19.131126469708992,0.0,18.303005217723125,0.0,17.26267650163207,0.0,16.401219466856727,0.0,15.198684153570664,0.0,13.379088160259652,0.0,11.916375287812984,0.0,8.06225774829855,0.0,2.8284271247461903,0.0,,,,,,,,,,,,,,,,,,,,,14.18726730080955,0.0,,,,,,,,,,,,,,,,,,,,,15.041696229826039,0.0,16.905098004740772,0.0,16.311945410282622,0.0,15.58771593667262,0.0,14.663084520579607,0.0,13.437814039696928,0.0,11.333539432118583,0.0,9.666915906533333,0.0,5.871077650188531,0.0,1.2857012633342488,0.0
Mixer,370.03921568627453,0.0,17.87492277697915,0.0,427.49260177153644,0.0,387.0,0.0,353.0,0.0,319.0,0.0,285.0,0.0,223.0,0.0,163.0,0.0,115.0,0.0,54.0,0.0,7.0,0.0,14.38193504831434,0.0,19.672315572906,0.0,18.788294228055936,0.0,17.86057109949175,0.0,16.881943016134134,0.0,14.933184523068078,0.0,12.767145334803704,0.0,10.723805294763608,0.0,7.3484692283495345,0.0,2.6457513110645907,0.0,,,,,,,,,,,,,,,,,,,,,11.172876060509946,0.0,,,,,,,,,,,,,,,,,,,,,14.382368971715646,0.0,17.622735969167174,0.0,16.9125306018679,0.0,16.000194407668506,0.0,14.872672071497616,0.0,12.942229674263459,0.0,10.597569930384722,0.0,8.617209119822068,0.0,5.321947408410285,0.0,0.9348427981184523,0.0
Mißis,402.14509803921567,0.0,18.537977478585407,0.0,471.42296436680175,0.0,437.0,0.0,398.0,0.0,349.0,0.0,321.0,0.0,270.0,0.0,214.0,0.0,165.0,0.0,86.0,0.0,19.0,0.0,15.683989371301058,0.0,20.904544960366874,0.0,19.949937343260004,0.0,18.681541692269406,0.0,17.916472867168917,0.0,16.431676725154983,0.0,14.628738838327793,0.0,12.84523257866513,0.0,9.273618495495704,0.0,4.358898943540674,0.0,,,,,,,,,,,,,,,,,,,,,10.503375547311265,0.0,,,,,,,,,,,,,,,,,,,,,15.68363196960588,0.0,18.900156565626673,0.0,18.124417865147304,0.0,17.03091462719231,0.0,16.255827948623175,0.0,14.687163136079056,0.0,12.518738995778433,0.0,10.534162219937866,0.0,7.028928045710685,0.0,2.6016601568611897,0.0
Mkdcn,468.78823529411767,0.0,20.149092497902796,0.0,448.2433173241764,0.0,499.0,0.0,463.0,0.0,418.0,0.0,359.0,0.0,281.0,0.0,186.0,0.0,140.0,0.0,80.0,0.0,29.0,0.0,15.009072287881501,0.0,22.338307903688676,0.0,21.517434791350013,0.0,20.445048300260872,0.0,18.947295321496416,0.0,16.76305461424021,0.0,13.638181696985855,0.0,11.832159566199232,0.0,8.94427190999916,0.0,5.385164807134504,0.0,,,,,,,,,,,,,,,,,,,,,8.278242521283445,0.0,,,,,,,,,,,,,,,,,,,,,15.009308690397974,0.0,20.513760899373867,0.0,19.81820033658057,0.0,18.710228469083944,0.0,17.13411309391337,0.0,14.799180135963443,0.0,11.580857899743867,0.0,9.93740370972076,0.0,7.234947902182643,0.0,4.060113564216336,0.0
Mlrkl,399.0431372549019,0.0,18.745511522226103,0.0,483.4346210851131,0.0,432.0,0.0,397.0,0.0,364.0,0.0,327.0,0.0,277.0,0.0,223.0,0.0,175.0,0.0,100.0,0.0,23.0,0.0,16.02508834971395,0.0,20.784609690826528,0.0,19.924858845171276,0.0,19.078784028338912,0.0,18.083141320025124,0.0,16.64331697709324,0.0,14.933184523068078,0.0,13.228756555322953,0.0,10.0,0.0,4.795831523312719,0.0,,,,,,,,,,,,,,,,,,,,,8.315992298823877,0.0,,,,,,,,,,,,,,,,,,,,,16.02532814856671,0.0,18.898587570191854,0.0,18.219172410751742,0.0,17.280594033915175,0.0,16.291299177445676,0.0,14.854600967232214,0.0,12.878962906228773,0.0,11.10229285129094,0.0,8.240414654028408,0.0,3.2677527441318177,0.0
Mmbnm,557.2274509803922,0.0,21.9103668457921,0.0,571.5282884240024,0.0,635.0,0.0,592.0,0.0,529.0,0.0,468.0,0.0,389.0,0.0,302.0,0.0,245.0,0.0,157.0,0.0,102.0,0.0,18.24390302065312,0.0,25.199206336708304,0.0,24.331050121192877,0.0,23.0,0.0,21.633307652783937,0.0,19.72308292331602,0.0,17.378147196982766,0.0,15.652475842498529,0.0,12.529964086141668,0.0,10.099504938362077,0.0,,,,,,,,,,,,,,,,,,,,,4.177848553466852,0.0,,,,,,,,,,,,,,,,,,,,,18.244154094807797,0.0,23.055701710992487,0.0,22.363560547307742,0.0,21.30363474882748,0.0,19.86484937005397,0.0,17.94443297567803,0.0,15.333917853639692,0.0,13.539772442439782,0.0,10.372075642577025,0.0,8.44589390242747,0.0
Mmhrm,529.2156862745098,0.0,21.444716438544148,0.0,580.328594028827,0.0,610.0,0.0,550.0,0.0,495.0,0.0,461.0,0.0,396.0,0.0,301.0,0.0,257.0,0.0,164.0,0.0,103.0,0.0,18.450626093575874,0.0,24.698178070456937,0.0,23.45207879911715,0.0,22.24859546128699,0.0,21.470910553583888,0.0,19.8997487421324,0.0,17.349351572897472,0.0,16.0312195418814,0.0,12.806248474865697,0.0,10.14889156509222,0.0,,,,,,,,,,,,,,,,,,,,,6.307434322601782,0.0,,,,,,,,,,,,,,,,,,,,,18.450644048475866,0.0,22.490139255887446,0.0,21.519242329854624,0.0,20.628135544325026,0.0,19.796701226245748,0.0,18.100986012856122,0.0,15.374465268809123,0.0,13.998153101981769,0.0,10.784965474088983,0.0,8.4796764739568,0.0
Mmtth,467.7725490196079,0.0,20.10227368113109,0.0,517.3756712102438,0.0,529.0,0.0,482.0,0.0,426.0,0.0,386.0,0.0,326.0,0.0,246.0,0.0,199.0,0.0,116.0,0.0,59.0,0.0,16.884126221299926,0.0,23.0,0.0,21.95449840010015,0.0,20.639767440550294,0.0,19.6468827043885,0.0,18.05547008526779,0.0,15.684387141358123,0.0,14.106735979665885,0.0,10.770329614269007,0.0,7.681145747868608,0.0,,,,,,,,,,,,,,,,,,,,,8.686272010498598,0.0,,,,,,,,,,,,,,,,,,,,,16.884354442476035,0.0,20.760429323051895,0.0,19.98778529481006,0.0,19.077099934807645,0.0,17.98462441582146,0.0,16.27559075253165,0.0,13.74998830405543,0.0,12.134960572594732,0.0,8.859179834263054,0.0,6.255100314354413,0.0
Mobil,407.0431372549019,0.0,18.70432434832068,0.0,446.7597176664967,0.0,437.0,0.0,410.0,0.0,362.0,0.0,300.0,0.0,244.0,0.0,186.0,0.0,139.0,0.0,78.0,0.0,16.0,0.0,14.921508081835508,0.0,20.904544960366874,0.0,20.248456731316587,0.0,19.026297590440446,0.0,17.320508075688775,0.0,15.620499351813308,0.0,13.638181696985855,0.0,11.789826122551595,0.0,8.831760866327848,0.0,4.0,0.0,,,,,,,,,,,,,,,,,,,,,12.504363073058679,0.0,,,,,,,,,,,,,,,,,,,,,14.921834783784831,0.0,19.0620893660997,0.0,18.47969707915123,0.0,17.258586512220184,0.0,15.534735679965252,0.0,13.887340789688317,0.0,11.656870329428939,0.0,9.732149849825822,0.0,6.92909916222021,0.0,2.3947698130356962,0.0
Mocko,429.01960784313724,0.0,19.16280920011027,0.0,421.04392151463395,0.0,459.0,0.0,414.0,0.0,371.0,0.0,307.0,0.0,238.0,0.0,163.0,0.0,121.0,0.0,63.0,0.0,8.0,0.0,14.121841110422196,0.0,21.42428528562855,0.0,20.346989949375804,0.0,19.261360284258224,0.0,17.52141546793523,0.0,15.427248620541512,0.0,12.767145334803704,0.0,11.0,0.0,7.937253933193772,0.0,2.8284271247461903,0.0,,,,,,,,,,,,,,,,,,,,,6.39007494155741,0.0,,,,,,,,,,,,,,,,,,,,,14.121483298046691,0.0,19.42036865951695,0.0,18.49224646904495,0.0,17.4007584918982,0.0,15.63231681089795,0.0,13.628430477011904,0.0,10.72817888180805,0.0,9.038442647069271,0.0,6.204531734728863,0.0,1.0792530315253164,0.0
Modem,493.8235294117647,0.0,20.612831992542592,0.0,484.03020763310127,0.0,551.0,0.0,498.0,0.0,433.0,0.0,379.0,0.0,296.0,0.0,217.0,0.0,180.0,0.0,114.0,0.0,61.0,0.0,15.968070265295815,0.0,23.473389188611005,0.0,22.315913604421397,0.0,20.808652046684813,0.0,19.467922333931785,0.0,17.204650534085253,0.0,14.730919862656235,0.0,13.416407864998739,0.0,10.677078252031311,0.0,7.810249675906654,0.0,,,,,,,,,,,,,,,,,,,,,3.985412674518507,0.0,,,,,,,,,,,,,,,,,,,,,15.968423495533235,0.0,21.26523860036814,0.0,20.358902753039512,0.0,19.124503532186775,0.0,17.754776453614546,0.0,15.506861062977228,0.0,12.839438215818495,0.0,11.580158771777363,0.0,8.748700717257101,0.0,6.398820976517234,0.0
Moden,452.9098039215686,0.0,19.75038307679431,0.0,409.9366612402914,0.0,479.0,0.0,440.0,0.0,383.0,0.0,322.0,0.0,235.0,0.0,148.0,0.0,111.0,0.0,60.0,0.0,15.0,0.0,13.822175943932784,0.0,21.88606862823929,0.0,20.97617696340303,0.0,19.570385790780925,0.0,17.944358444926362,0.0,15.329709716755891,0.0,12.165525060596439,0.0,10.535653752852738,0.0,7.745966692414834,0.0,3.872983346207417,0.0,,,,,,,,,,,,,,,,,,,,,6.043283089579508,0.0,,,,,,,,,,,,,,,,,,,,,13.822343218218865,0.0,19.95686904867353,0.0,19.158334663143126,0.0,17.86892501203317,0.0,16.13165442920162,0.0,13.444371059704704,0.0,10.227716644512816,0.0,8.799492404878649,0.0,6.044876396883074,0.0,2.6572175460055876,0.0
Mokka,471.50588235294117,0.0,20.18328092535891,0.0,440.96591993261563,0.0,509.0,0.0,456.0,0.0,413.0,0.0,350.0,0.0,275.0,0.0,195.0,0.0,134.0,0.0,81.0,0.0,11.0,0.0,14.806174771347965,0.0,22.561028345356956,0.0,21.354156504062622,0.0,20.322401432901575,0.0,18.708286933869708,0.0,16.583123951777,0.0,13.96424004376894,0.0,11.575836902790225,0.0,9.0,0.0,3.3166247903554,0.0,,,,,,,,,,,,,,,,,,,,,5.435737275876984,0.0,,,,,,,,,,,,,,,,,,,,,14.805576989011886,0.0,20.641241368216903,0.0,19.698871711998287,0.0,18.571461576923785,0.0,16.869126146288764,0.0,14.75432635705361,0.0,11.856272564299228,0.0,9.654924459106228,0.0,7.316412004440049,0.0,1.4774186142047594,0.0
Monat,414.50588235294117,0.0,18.81698783391934,0.0,399.7444417447549,0.0,428.0,0.0,393.0,0.0,341.0,0.0,286.0,0.0,224.0,0.0,149.0,0.0,103.0,0.0,46.0,0.0,6.0,0.0,13.598121009997389,0.0,20.688160865577203,0.0,19.82422760159901,0.0,18.466185312619388,0.0,16.911534525287763,0.0,14.966629547095765,0.0,12.206555615733702,0.0,10.14889156509222,0.0,6.782329983125268,0.0,2.449489742783178,0.0,,,,,,,,,,,,,,,,,,,,,10.152186778607922,0.0,,,,,,,,,,,,,,,,,,,,,13.598256324485241,0.0,18.673966312255644,0.0,18.033091017086324,0.0,16.69289241308333,0.0,15.093107459026076,0.0,13.122550256046207,0.0,10.069245919669621,0.0,8.229723501791524,0.0,4.932540451490828,0.0,0.8534253680291182,0.0
Moped,471.06666666666666,0.0,20.141339868618253,0.0,427.9110563074193,0.0,499.0,0.0,457.0,0.0,399.0,0.0,338.0,0.0,249.0,0.0,171.0,0.0,129.0,0.0,80.0,0.0,29.0,0.0,14.393561696205945,0.0,22.338307903688676,0.0,21.37755832643195,0.0,19.974984355438178,0.0,18.384776310850235,0.0,15.7797338380595,0.0,13.076696830622021,0.0,11.357816691600547,0.0,8.94427190999916,0.0,5.385164807134504,0.0,,,,,,,,,,,,,,,,,,,,,4.922986059873374,0.0,,,,,,,,,,,,,,,,,,,,,14.39350470820474,0.0,20.350870191196375,0.0,19.54694553739401,0.0,18.255022253718604,0.0,16.58913256391068,0.0,14.022687048181147,0.0,11.203718355657804,0.0,9.662684648167547,0.0,7.153840680518869,0.0,4.142962090869937,0.0
Moral,386.52156862745096,0.0,18.2456984866058,0.0,423.97497739010225,0.0,402.0,0.0,370.0,0.0,322.0,0.0,275.0,0.0,224.0,0.0,175.0,0.0,130.0,0.0,64.0,0.0,14.0,0.0,14.321326453358012,0.0,20.049937655763422,0.0,19.235384061671343,0.0,17.944358444926362,0.0,16.583123951777,0.0,14.966629547095765,0.0,13.228756555322953,0.0,11.40175425099138,0.0,8.0,0.0,3.7416573867739413,0.0,,,,,,,,,,,,,,,,,,,,,11.333899815380388,0.0,,,,,,,,,,,,,,,,,,,,,14.321584984678683,0.0,18.114156623287165,0.0,17.43596811161635,0.0,16.128929192324723,0.0,14.804581987274087,0.0,13.20486152064272,0.0,11.139050850499302,0.0,9.382361916412501,0.0,6.263431093242831,0.0,2.2994276535239533,0.0
Morgo,436.45882352941175,0.0,19.323490713344526,0.0,429.03133178371183,0.0,471.0,0.0,427.0,0.0,373.0,0.0,309.0,0.0,239.0,0.0,174.0,0.0,132.0,0.0,66.0,0.0,22.0,0.0,14.31926736277278,0.0,21.702534414210707,0.0,20.663978319771825,0.0,19.313207915827967,0.0,17.578395831246947,0.0,15.459624833740307,0.0,13.19090595827292,0.0,11.489125293076057,0.0,8.12403840463596,0.0,4.69041575982343,0.0,,,,,,,,,,,,,,,,,,,,,6.412225264477009,0.0,,,,,,,,,,,,,,,,,,,,,14.319234870520907,0.0,19.65800699753821,0.0,18.773334338555188,0.0,17.473522966994583,0.0,15.724101343905584,0.0,13.67543025048807,0.0,11.067936878354077,0.0,9.321686278642126,0.0,5.955679345775537,0.0,2.7455837434415136,0.0
Motel,385.9764705882353,0.0,18.23420194916133,0.0,423.0713060826699,0.0,408.0,0.0,374.0,0.0,323.0,0.0,275.0,0.0,214.0,0.0,161.0,0.0,125.0,0.0,68.0,0.0,14.0,0.0,14.24616946312437,0.0,20.199009876724155,0.0,19.339079605813716,0.0,17.97220075561143,0.0,16.583123951777,0.0,14.628738838327793,0.0,12.68857754044952,0.0,11.180339887498949,0.0,8.246211251235321,0.0,3.7416573867739413,0.0,,,,,,,,,,,,,,,,,,,,,11.78124968210186,0.0,,,,,,,,,,,,,,,,,,,,,14.246310400498283,0.0,18.06368961320538,0.0,17.382536540671524,0.0,16.251796532477275,0.0,14.813841017705299,0.0,12.980621338726502,0.0,10.806593167640662,0.0,9.295369053936094,0.0,6.371375848966934,0.0,2.2994276535239533,0.0
Motol,389.51372549019607,0.0,18.27836111903911,0.0,430.19657328441474,0.0,415.0,0.0,379.0,0.0,332.0,0.0,281.0,0.0,220.0,0.0,172.0,0.0,133.0,0.0,67.0,0.0,14.0,0.0,14.437623992986673,0.0,20.37154878746336,0.0,19.467922333931785,0.0,18.2208671582886,0.0,16.76305461424021,0.0,14.832396974191326,0.0,13.114877048604,0.0,11.532562594670797,0.0,8.18535277187245,0.0,3.7416573867739413,0.0,,,,,,,,,,,,,,,,,,,,,11.356925216618984,0.0,,,,,,,,,,,,,,,,,,,,,14.437568238733888,0.0,18.228900242095055,0.0,17.450415165529822,0.0,16.444174610853125,0.0,14.982100272827571,0.0,13.119032605324227,0.0,11.066634921064121,0.0,9.498759957804909,0.0,6.350906773642588,0.0,2.2994276535239533,0.0
Motor,384.54509803921565,0.0,18.117642390288847,0.0,411.03661993504534,0.0,403.0,0.0,370.0,0.0,325.0,0.0,274.0,0.0,206.0,0.0,153.0,0.0,112.0,0.0,46.0,0.0,6.0,0.0,13.786658729254698,0.0,20.074859899884732,0.0,19.235384061671343,0.0,18.027756377319946,0.0,16.55294535724685,0.0,14.352700094407323,0.0,12.36931687685298,0.0,10.583005244258363,0.0,6.782329983125268,0.0,2.449489742783178,0.0,,,,,,,,,,,,,,,,,,,,,12.21252405650798,0.0,,,,,,,,,,,,,,,,,,,,,13.786759709594751,0.0,17.93632521068843,0.0,17.170205974306157,0.0,16.192301125486665,0.0,14.67654797072859,0.0,12.563427283052953,0.0,10.240947104115582,0.0,8.52312062616721,0.0,4.9305139585839655,0.0,0.8534253680291182,0.0
Motte,385.1490196078431,0.0,18.12888667577348,0.0,406.55674422873955,0.0,409.0,0.0,369.0,0.0,318.0,0.0,266.0,0.0,208.0,0.0,144.0,0.0,110.0,0.0,49.0,0.0,6.0,0.0,13.684622856656947,0.0,20.223748416156685,0.0,19.209372712298546,0.0,17.832554500127006,0.0,16.30950643030009,0.0,14.422205101855956,0.0,12.0,0.0,10.488088481701515,0.0,7.0,0.0,2.449489742783178,0.0,,,,,,,,,,,,,,,,,,,,,10.992685372647099,0.0,,,,,,,,,,,,,,,,,,,,,13.684748882614427,0.0,18.064631061585573,0.0,17.200866810566254,0.0,16.159793921182672,0.0,14.54113662656883,0.0,12.691557541970019,0.0,10.114890266576044,0.0,8.578311703957509,0.0,5.042651465127612,0.0,0.8534253680291182,0.0
Mpkrv,445.18431372549014,0.0,19.67025127146729,0.0,462.0940639232432,0.0,473.0,0.0,438.0,0.0,404.0,0.0,348.0,0.0,284.0,0.0,206.0,0.0,154.0,0.0,85.0,0.0,25.0,0.0,15.417166811752827,0.0,21.748563170931547,0.0,20.92844953645635,0.0,20.09975124224178,0.0,18.65475810617763,0.0,16.852299546352718,0.0,14.352700094407323,0.0,12.409673645990857,0.0,9.219544457292887,0.0,5.0,0.0,,,,,,,,,,,,,,,,,,,,,12.23768336556895,0.0,,,,,,,,,,,,,,,,,,,,,15.417392065430452,0.0,19.814809697783843,0.0,19.215465867497837,0.0,18.30594796233506,0.0,16.781289856130062,0.0,14.911601007525647,0.0,12.169856874382027,0.0,10.336217002508961,0.0,7.375009983501327,0.0,3.6894697547401116,0.0
Mpstr,401.3843137254902,0.0,18.5737359682986,0.0,432.42571481022577,0.0,423.0,0.0,386.0,0.0,340.0,0.0,298.0,0.0,239.0,0.0,172.0,0.0,132.0,0.0,68.0,0.0,22.0,0.0,14.537131895661556,0.0,20.566963801203133,0.0,19.6468827043885,0.0,18.439088914585774,0.0,17.26267650163207,0.0,15.459624833740307,0.0,13.114877048604,0.0,11.489125293076057,0.0,8.246211251235321,0.0,4.69041575982343,0.0,,,,,,,,,,,,,,,,,,,,,14.729832480169152,0.0,,,,,,,,,,,,,,,,,,,,,14.537422838075203,0.0,18.49930265997607,0.0,17.833117780070516,0.0,16.69813875580207,0.0,15.431387297350362,0.0,13.592748283652623,0.0,11.073710900280958,0.0,9.545748022372864,0.0,6.31278827216101,0.0,3.548882813495443,0.0
Mqmgn,543.0431372549019,0.0,21.654323873230645,0.0,512.3029804569499,0.0,605.0,0.0,546.0,0.0,493.0,0.0,422.0,0.0,342.0,0.0,254.0,0.0,200.0,0.0,129.0,0.0,77.0,0.0,16.739244096713943,0.0,24.596747752497688,0.0,23.366642891095847,0.0,22.20360331117452,0.0,20.54263858417414,0.0,18.49324200890693,0.0,15.937377450509228,0.0,14.142135623730951,0.0,11.357816691600547,0.0,8.774964387392123,0.0,,,,,,,,,,,,,,,,,,,,,4.168393267098762,0.0,,,,,,,,,,,,,,,,,,,,,16.739202626916786,0.0,22.556183206905462,0.0,21.641329382376338,0.0,20.597679329085725,0.0,18.77415700606531,0.0,16.683645221814622,0.0,13.886990403632923,0.0,12.09300066357508,0.0,9.178345247758605,0.0,6.792159048484194,0.0
Mrjmm,487.9843137254902,0.0,20.560378539936902,0.0,586.9139028597807,0.0,556.0,0.0,507.0,0.0,466.0,0.0,434.0,0.0,384.0,0.0,316.0,0.0,260.0,0.0,167.0,0.0,103.0,0.0,18.590863050317413,0.0,23.57965224510319,0.0,22.516660498395403,0.0,21.587033144922902,0.0,20.83266665599966,0.0,19.595917942265423,0.0,17.776388834631177,0.0,16.1245154965971,0.0,12.922847983320086,0.0,10.14889156509222,0.0,,,,,,,,,,,,,,,,,,,,,7.614370988249151,0.0,,,,,,,,,,,,,,,,,,,,,18.590736429794383,0.0,21.402007317297095,0.0,20.652008794137263,0.0,19.9716929411658,0.0,19.17653899824764,0.0,17.861533068319112,0.0,15.663003879445347,0.0,13.907139316098876,0.0,10.65290416917169,0.0,8.409307339154603,0.0
Mrmcs,423.6392156862745,0.0,19.05279013675914,0.0,475.9385375243313,0.0,455.0,0.0,412.0,0.0,367.0,0.0,332.0,0.0,276.0,0.0,216.0,0.0,171.0,0.0,100.0,0.0,50.0,0.0,15.78925882920416,0.0,21.330729007701542,0.0,20.29778313018444,0.0,19.157244060668017,0.0,18.2208671582886,0.0,16.61324772583615,0.0,14.696938456699069,0.0,13.076696830622021,0.0,10.0,0.0,7.0710678118654755,0.0,,,,,,,,,,,,,,,,,,,,,9.458815015875835,0.0,,,,,,,,,,,,,,,,,,,,,15.7893939884638,0.0,19.23634553103234,0.0,18.46666274395686,0.0,17.433964367226487,0.0,16.44673245492676,0.0,14.865322554881796,0.0,12.678002652456097,0.0,11.145645014739017,0.0,7.99048182985221,0.0,5.726407245877869,0.0
Mrntt,381.22352941176473,0.0,18.12687821871628,0.0,428.3973480952342,0.0,394.0,0.0,369.0,0.0,329.0,0.0,292.0,0.0,239.0,0.0,163.0,0.0,123.0,0.0,57.0,0.0,6.0,0.0,14.460522199604934,0.0,19.849433241279208,0.0,19.209372712298546,0.0,18.138357147217054,0.0,17.08800749063506,0.0,15.459624833740307,0.0,12.767145334803704,0.0,11.090536506409418,0.0,7.54983443527075,0.0,2.449489742783178,0.0,,,,,,,,,,,,,,,,,,,,,11.343431425444614,0.0,,,,,,,,,,,,,,,,,,,,,14.460477194234656,0.0,17.81792680798348,0.0,17.398784630237746,0.0,16.438431977419327,0.0,15.292075673906291,0.0,13.583683284444326,0.0,10.666033182459309,0.0,9.028150780389902,0.0,5.357466202426733,0.0,0.8534253680291182,0.0
Msrkt,399.3921568627451,0.0,18.56176281583241,0.0,437.3222341008549,0.0,423.0,0.0,386.0,0.0,347.0,0.0,300.0,0.0,245.0,0.0,181.0,0.0,133.0,0.0,67.0,0.0,9.0,0.0,14.666374469228316,0.0,20.566963801203133,0.0,19.6468827043885,0.0,18.627936010197157,0.0,17.320508075688775,0.0,15.652475842498529,0.0,13.45362404707371,0.0,11.532562594670797,0.0,8.18535277187245,0.0,3.0,0.0,,,,,,,,,,,,,,,,,,,,,8.252189915902434,0.0,,,,,,,,,,,,,,,,,,,,,14.666504337994947,0.0,18.49103040935183,0.0,17.83191230803065,0.0,16.774002294143738,0.0,15.476678253297106,0.0,13.799822653669594,0.0,11.317118501127844,0.0,9.438894085409528,0.0,6.311974068384308,0.0,1.1480948711241794,0.0
Msttx,374.8941176470588,0.0,17.872303677878946,0.0,429.2672371110083,0.0,395.0,0.0,366.0,0.0,321.0,0.0,278.0,0.0,232.0,0.0,165.0,0.0,122.0,0.0,54.0,0.0,7.0,0.0,14.417339142561113,0.0,19.87460691435179,0.0,19.131126469708992,0.0,17.916472867168917,0.0,16.673332000533065,0.0,15.231546211727817,0.0,12.84523257866513,0.0,11.045361017187261,0.0,7.3484692283495345,0.0,2.6457513110645907,0.0,,,,,,,,,,,,,,,,,,,,,10.171172929913459,0.0,,,,,,,,,,,,,,,,,,,,,14.41751051064187,0.0,17.628371105441627,0.0,17.163548609939262,0.0,16.176870388538177,0.0,14.74282157491703,0.0,13.304341178529302,0.0,10.693409152739173,0.0,8.89542328243034,0.0,5.153333148633158,0.0,0.939245778849433,0.0
Mtglt,413.43529411764706,0.0,18.883812783345622,0.0,474.3917667576459,0.0,456.0,0.0,414.0,0.0,369.0,0.0,324.0,0.0,272.0,0.0,209.0,0.0,161.0,0.0,93.0,0.0,30.0,0.0,15.703245282010855,0.0,21.354156504062622,0.0,20.346989949375804,0.0,19.209372712298546,0.0,18.0,0.0,16.492422502470642,0.0,14.45683229480096,0.0,12.68857754044952,0.0,9.643650760992955,0.0,5.477225575051661,0.0,,,,,,,,,,,,,,,,,,,,,10.236351193981001,0.0,,,,,,,,,,,,,,,,,,,,,15.703253074295606,0.0,19.175037257991388,0.0,18.51151863640414,0.0,17.50313541638151,0.0,16.262352249839754,0.0,14.743925427084276,0.0,12.424194172186784,0.0,10.499565693529737,0.0,7.45481758663948,0.0,3.411777032284169,0.0
Mtndn,453.12549019607843,0.0,19.79961475203758,0.0,437.33043737665787,0.0,480.0,0.0,445.0,0.0,401.0,0.0,348.0,0.0,267.0,0.0,179.0,0.0,126.0,0.0,68.0,0.0,18.0,0.0,14.729570744195257,0.0,21.908902300206645,0.0,21.095023109728988,0.0,20.024984394500787,0.0,18.65475810617763,0.0,16.34013463836819,0.0,13.379088160259652,0.0,11.224972160321824,0.0,8.246211251235321,0.0,4.242640687119285,0.0,,,,,,,,,,,,,,,,,,,,,3.877475253849404,0.0,,,,,,,,,,,,,,,,,,,,,14.729767498519545,0.0,20.007693713173655,0.0,19.317630853059967,0.0,18.317568964363232,0.0,16.828799017642343,0.0,14.372598962424746,0.0,11.259996592037856,0.0,9.34454060196571,0.0,6.386322538734451,0.0,2.832955203402886,0.0
Mtrkc,396.8862745098039,0.0,18.507968503217988,0.0,445.84511747697866,0.0,426.0,0.0,388.0,0.0,351.0,0.0,308.0,0.0,248.0,0.0,185.0,0.0,136.0,0.0,71.0,0.0,11.0,0.0,14.881363916726853,0.0,20.639767440550294,0.0,19.697715603592208,0.0,18.734993995195193,0.0,17.549928774784245,0.0,15.748015748023622,0.0,13.601470508735444,0.0,11.661903789690601,0.0,8.426149773176359,0.0,3.3166247903554,0.0,,,,,,,,,,,,,,,,,,,,,8.299707141956109,0.0,,,,,,,,,,,,,,,,,,,,,14.881474023309694,0.0,18.621206975520426,0.0,17.842749118159514,0.0,16.83573584905248,0.0,15.682095519658095,0.0,13.910685513086348,0.0,11.557641941324444,0.0,9.630749913317288,0.0,6.550046440142877,0.0,1.525235061232785,0.0
Mtrrd,395.5019607843137,0.0,18.493743032012265,0.0,451.1864445902277,0.0,419.0,0.0,391.0,0.0,350.0,0.0,313.0,0.0,253.0,0.0,190.0,0.0,144.0,0.0,69.0,0.0,18.0,0.0,15.028811651500815,0.0,20.46948949045872,0.0,19.77371993328519,0.0,18.708286933869708,0.0,17.69180601295413,0.0,15.905973720586866,0.0,13.784048752090222,0.0,12.0,0.0,8.306623862918075,0.0,4.242640687119285,0.0,,,,,,,,,,,,,,,,,,,,,8.541793567714967,0.0,,,,,,,,,,,,,,,,,,,,,15.028983318761187,0.0,18.50711043549277,0.0,17.91060674164942,0.0,16.918559584940883,0.0,15.932504966832601,0.0,14.073305113767736,0.0,11.706550544724811,0.0,9.945392080724053,0.0,6.37877313482681,0.0,2.7074824791057392,0.0
Mtslm,429.10980392156864,0.0,19.236643633577945,0.0,513.1651683391237,0.0,485.0,0.0,432.0,0.0,382.0,0.0,351.0,0.0,307.0,0.0,246.0,0.0,201.0,0.0,124.0,0.0,60.0,0.0,16.804467729938757,0.0,22.02271554554524,0.0,20.784609690826528,0.0,19.544820285692065,0.0,18.734993995195193,0.0,17.52141546793523,0.0,15.684387141358123,0.0,14.177446878757825,0.0,11.135528725660043,0.0,7.745966692414834,0.0,,,,,,,,,,,,,,,,,,,,,7.548718287889421,0.0,,,,,,,,,,,,,,,,,,,,,16.80427191889845,0.0,19.767351177497602,0.0,18.8979146285522,0.0,17.878062888807662,0.0,17.073177829953792,0.0,15.80226786039345,0.0,13.691645319918408,0.0,12.136948272230425,0.0,9.106908136470327,0.0,6.219995664447452,0.0
Mtvst,367.66666666666663,0.0,17.69262917880626,0.0,432.70114250849724,0.0,393.0,0.0,353.0,0.0,309.0,0.0,277.0,0.0,227.0,0.0,167.0,0.0,128.0,0.0,60.0,0.0,10.0,0.0,14.54291178742992,0.0,19.82422760159901,0.0,18.788294228055936,0.0,17.578395831246947,0.0,16.64331697709324,0.0,15.066519173319364,0.0,12.922847983320086,0.0,11.313708498984761,0.0,7.745966692414834,0.0,3.1622776601683795,0.0,,,,,,,,,,,,,,,,,,,,,11.96890907599033,0.0,,,,,,,,,,,,,,,,,,,,,14.54345789586504,0.0,17.453457654386774,0.0,16.728141798124145,0.0,15.773789736285694,0.0,14.784687419903307,0.0,13.154848794095775,0.0,10.779353976340827,0.0,9.088879537038377,0.0,5.51948629543147,0.0,1.4267876394552321,0.0
Muhne,458.6941176470589,0.0,19.96205281226897,0.0,407.18188859462305,0.0,491.0,0.0,439.0,0.0,394.0,0.0,324.0,0.0,234.0,0.0,142.0,0.0,104.0,0.0,60.0,0.0,9.0,0.0,13.778294222970844,0.0,22.15851980616034,0.0,20.952326839756964,0.0,19.849433241279208,0.0,18.0,0.0,15.297058540778355,0.0,11.916375287812984,0.0,10.198039027185569,0.0,7.745966692414834,0.0,3.0,0.0,,,,,,,,,,,,,,,,,,,,,7.470343155306729,0.0,,,,,,,,,,,,,,,,,,,,,13.7784789617184,0.0,20.24425173325065,0.0,19.222753586344226,0.0,18.08949767350358,0.0,16.10341232622187,0.0,13.406894606810841,0.0,10.072341892034189,0.0,8.581922336831354,0.0,6.131497363142375,0.0,1.3217406163424954,0.0
Mulde,436.4470588235294,0.0,19.47001124670819,0.0,432.96276183611303,0.0,472.0,0.0,426.0,0.0,377.0,0.0,315.0,0.0,239.0,0.0,176.0,0.0,132.0,0.0,76.0,0.0,20.0,0.0,14.510490257613954,0.0,21.72556098240043,0.0,20.639767440550294,0.0,19.4164878389476,0.0,17.74823934929885,0.0,15.459624833740307,0.0,13.2664991614216,0.0,11.489125293076057,0.0,8.717797887081348,0.0,4.47213595499958,0.0,,,,,,,,,,,,,,,,,,,,,6.655885843328853,0.0,,,,,,,,,,,,,,,,,,,,,14.510070033197477,0.0,19.76146126734176,0.0,18.80499584211571,0.0,17.67858150866919,0.0,15.95831994136069,0.0,13.695512636976117,0.0,11.335702240709294,0.0,9.761832713389952,0.0,7.151316924526407,0.0,3.139059367756755,0.0
Mulur,400.1333333333334,0.0,18.665292419342833,0.0,428.58271955897885,0.0,428.0,0.0,398.0,0.0,352.0,0.0,290.0,0.0,225.0,0.0,164.0,0.0,117.0,0.0,60.0,0.0,11.0,0.0,14.350550268523168,0.0,20.688160865577203,0.0,19.949937343260004,0.0,18.76166303929372,0.0,17.029386365926403,0.0,15.0,0.0,12.806248474865697,0.0,10.816653826391969,0.0,7.745966692414834,0.0,3.3166247903554,0.0,,,,,,,,,,,,,,,,,,,,,11.413953598870126,0.0,,,,,,,,,,,,,,,,,,,,,14.35096125742713,0.0,18.66642646202366,0.0,18.016767536936978,0.0,16.903507738745326,0.0,14.978565674067584,0.0,13.20976180246256,0.0,10.758213665247105,0.0,9.017246194766605,0.0,6.172522554059226,0.0,1.9273750775216147,0.0
Mumus,471.0352941176471,0.0,20.129130231850834,0.0,464.25150818140844,0.0,523.0,0.0,471.0,0.0,410.0,0.0,345.0,0.0,273.0,0.0,202.0,0.0,155.0,0.0,93.0,0.0,50.0,0.0,15.4188577876265,0.0,22.869193252058544,0.0,21.702534414210707,0.0,20.248456731316587,0.0,18.57417562100671,0.0,16.522711641858304,0.0,14.212670403551895,0.0,12.449899597988733,0.0,9.643650760992955,0.0,7.0710678118654755,0.0,,,,,,,,,,,,,,,,,,,,,8.25426879256957,0.0,,,,,,,,,,,,,,,,,,,,,15.419050649541369,0.0,20.643457943867336,0.0,19.72067785316025,0.0,18.46751859719671,0.0,16.629463227029493,0.0,14.80706413875557,0.0,12.251964131356198,0.0,10.713934030593375,0.0,7.7995782584232405,0.0,5.726407245877869,0.0
Mvvsd,415.7254901960784,0.0,18.86986209546138,0.0,445.3943136445,0.0,445.0,0.0,405.0,0.0,357.0,0.0,321.0,0.0,254.0,0.0,182.0,0.0,142.0,0.0,73.0,0.0,18.0,0.0,14.91653686595713,0.0,21.095023109728988,0.0,20.12461179749811,0.0,18.894443627691185,0.0,17.916472867168917,0.0,15.937377450509228,0.0,13.490737563232042,0.0,11.916375287812984,0.0,8.54400374531753,0.0,4.242640687119285,0.0,,,,,,,,,,,,,,,,,,,,,7.2590928643377195,0.0,,,,,,,,,,,,,,,,,,,,,14.916733924623134,0.0,18.947000454726442,0.0,18.194069792262155,0.0,17.132070383919523,0.0,16.014880796952543,0.0,13.92290349833499,0.0,11.207120988000813,0.0,9.64059335352919,0.0,6.372193449488478,0.0,2.6147622178496737,0.0
Mvzdv,423.4588235294118,0.0,19.1245690837061,0.0,452.33426715585074,0.0,456.0,0.0,421.0,0.0,379.0,0.0,326.0,0.0,257.0,0.0,195.0,0.0,143.0,0.0,73.0,0.0,17.0,0.0,15.078029699273403,0.0,21.354156504062622,0.0,20.518284528683193,0.0,19.467922333931785,0.0,18.05547008526779,0.0,16.0312195418814,0.0,13.96424004376894,0.0,11.958260743101398,0.0,8.54400374531753,0.0,4.123105625617661,0.0,,,,,,,,,,,,,,,,,,,,,6.600027726515093,0.0,,,,,,,,,,,,,,,,,,,,,15.077716200370775,0.0,19.25820153566343,0.0,18.517744790338895,0.0,17.541044282426874,0.0,16.024561020424716,0.0,13.996831776902072,0.0,11.500366624880469,0.0,9.660728034066356,0.0,6.410559213815028,0.0,2.7160892708517776,0.0
Mzbnl,436.6235294117647,0.0,19.462436932842188,0.0,450.2225124388183,0.0,468.0,0.0,441.0,0.0,395.0,0.0,329.0,0.0,259.0,0.0,193.0,0.0,138.0,0.0,80.0,0.0,17.0,0.0,15.05495309226581,0.0,21.633307652783937,0.0,21.0,0.0,19.87460691435179,0.0,18.138357147217054,0.0,16.09347693943108,0.0,13.892443989449804,0.0,11.74734012447073,0.0,8.94427190999916,0.0,4.123105625617661,0.0,,,,,,,,,,,,,,,,,,,,,8.74536193425065,0.0,,,,,,,,,,,,,,,,,,,,,15.055214151460042,0.0,19.833405780244192,0.0,19.301426018330016,0.0,18.042736923363766,0.0,16.25594489927763,0.0,14.192482561875588,0.0,11.789031484655812,0.0,9.648161408550278,0.0,6.886497038346956,0.0,2.443440408985479,0.0
Mzffb,430.34117647058827,0.0,19.232933836121745,0.0,465.69294409213535,0.0,466.0,0.0,429.0,0.0,386.0,0.0,324.0,0.0,280.0,0.0,214.0,0.0,161.0,0.0,89.0,0.0,25.0,0.0,15.504026817097463,0.0,21.587033144922902,0.0,20.71231517720798,0.0,19.6468827043885,0.0,18.0,0.0,16.73320053068151,0.0,14.628738838327793,0.0,12.68857754044952,0.0,9.433981132056603,0.0,5.0,0.0,,,,,,,,,,,,,,,,,,,,,6.560329249256288,0.0,,,,,,,,,,,,,,,,,,,,,15.504410951561876,0.0,19.79644137549863,0.0,19.081294545962407,0.0,17.952986273816567,0.0,16.193479654305396,0.0,14.860303821661526,0.0,12.540001331419155,0.0,10.578377689818526,0.0,7.332388864198923,0.0,3.2175743838740227,0.0
Mzllr,367.94509803921574,0.0,17.99280902112253,0.0,461.4085318279866,0.0,392.0,0.0,361.0,0.0,326.0,0.0,293.0,0.0,253.0,0.0,201.0,0.0,152.0,0.0,82.0,0.0,17.0,0.0,15.366884269456195,0.0,19.79898987322333,0.0,19.0,0.0,18.05547008526779,0.0,17.11724276862369,0.0,15.905973720586866,0.0,14.177446878757825,0.0,12.328828005937952,0.0,9.055385138137417,0.0,4.123105625617661,0.0,,,,,,,,,,,,,,,,,,,,,13.701547654690957,0.0,,,,,,,,,,,,,,,,,,,,,15.367406530809342,0.0,17.95790860101814,0.0,17.348092444352726,0.0,16.331783759016485,0.0,15.367445584967014,0.0,14.1029498363979,0.0,12.079007507278446,0.0,10.294105343315287,0.0,7.437981140746272,0.0,2.619326818494107,0.0
Mznsn,421.7764705882353,0.0,19.10163069664602,0.0,408.98230164708065,0.0,437.0,0.0,400.0,0.0,353.0,0.0,306.0,0.0,243.0,0.0,150.0,0.0,103.0,0.0,52.0,0.0,7.0,0.0,13.89896783928789,0.0,20.904544960366874,0.0,20.0,0.0,18.788294228055936,0.0,17.4928556845359,0.0,15.588457268119896,0.0,12.24744871391589,0.0,10.14889156509222,0.0,7.211102550927978,0.0,2.6457513110645907,0.0,,,,,,,,,,,,,,,,,,,,,7.30718263003813,0.0,,,,,,,,,,,,,,,,,,,,,13.899358072974845,0.0,19.105487030654427,0.0,18.358251497680335,0.0,17.078812011569,0.0,15.608651576989073,0.0,13.483780212692071,0.0,10.049133142479072,0.0,8.181287513957097,0.0,5.158199112568787,0.0,0.9797021777946903,0.0
Mzsnr,392.9647058823529,0.0,18.435541455936374,0.0,414.69953187388126,0.0,408.0,0.0,375.0,0.0,330.0,0.0,290.0,0.0,223.0,0.0,159.0,0.0,109.0,0.0,52.0,0.0,7.0,0.0,14.00293469028885,0.0,20.199009876724155,0.0,19.364916731037084,0.0,18.16590212458495,0.0,17.029386365926403,0.0,14.933184523068078,0.0,12.609520212918492,0.0,10.44030650891055,0.0,7.211102550927978,0.0,2.6457513110645907,0.0,,,,,,,,,,,,,,,,,,,,,10.606673949022134,0.0,,,,,,,,,,,,,,,,,,,,,14.00300205915379,0.0,18.25567175255197,0.0,17.620755813089886,0.0,16.29972812293196,0.0,15.093840159385776,0.0,12.92727632142272,0.0,10.33402486888063,0.0,8.361944155078216,0.0,5.162199788114004,0.0,0.9797021777946903,0.0
Mähne,463.89019607843136,0.0,19.998302119394857,0.0,408.92669344758394,0.0,493.0,0.0,442.0,0.0,392.0,0.0,328.0,0.0,238.0,0.0,149.0,0.0,109.0,0.0,65.0,0.0,14.0,0.0,13.87653991694311,0.0,22.20360331117452,0.0,21.02379604162864,0.0,19.79898987322333,0.0,18.110770276274835,0.0,15.427248620541512,0.0,12.206555615733702,0.0,10.44030650891055,0.0,8.06225774829855,0.0,3.7416573867739413,0.0,,,,,,,,,,,,,,,,,,,,,7.650503171546988,0.0,,,,,,,,,,,,,,,,,,,,,13.876734951331528,0.0,20.361072172138137,0.0,19.39161340209967,0.0,18.07582078790203,0.0,16.31095802108163,0.0,13.550127435195293,0.0,10.41665012087713,0.0,8.83799141139733,0.0,6.5029302084730976,0.0,2.323748255415736,0.0
Mäuse,421.1058823529412,0.0,18.9353606140471,0.0,392.8572628390473,0.0,449.0,0.0,403.0,0.0,339.0,0.0,283.0,0.0,205.0,0.0,126.0,0.0,94.0,0.0,51.0,0.0,11.0,0.0,13.274048528022497,0.0,21.18962010041709,0.0,20.074859899884732,0.0,18.411952639521967,0.0,16.822603841260722,0.0,14.317821063276353,0.0,11.224972160321824,0.0,9.695359714832659,0.0,7.14142842854285,0.0,3.3166247903554,0.0,,,,,,,,,,,,,,,,,,,,,10.189292780960525,0.0,,,,,,,,,,,,,,,,,,,,,13.27411363827745,0.0,19.207728516791576,0.0,18.245386319745123,0.0,16.63125710458508,0.0,14.895053462418813,0.0,12.325389226124273,0.0,9.466509861322876,0.0,8.052367919886457,0.0,5.359706395556907,0.0,2.093505069592703,0.0
Mäzen,432.1333333333333,0.0,19.280222957962064,0.0,401.7262247815278,0.0,450.0,0.0,416.0,0.0,361.0,0.0,298.0,0.0,224.0,0.0,144.0,0.0,100.0,0.0,53.0,0.0,11.0,0.0,13.617859475799312,0.0,21.213203435596427,0.0,20.396078054371138,0.0,19.0,0.0,17.26267650163207,0.0,14.966629547095765,0.0,12.0,0.0,10.0,0.0,7.280109889280518,0.0,3.3166247903554,0.0,,,,,,,,,,,,,,,,,,,,,7.582007254345027,0.0,,,,,,,,,,,,,,,,,,,,,13.617280325452999,0.0,19.412034437349448,0.0,18.68273583387642,0.0,17.258519909278302,0.0,15.367632260656412,0.0,13.076717529254145,0.0,9.987900283559652,0.0,8.190477183822686,0.0,5.41804211849449,0.0,2.093505069592703,0.0
Möbel,438.0980392156863,0.0,19.375306225953718,0.0,436.269978375489,0.0,473.0,0.0,438.0,0.0,382.0,0.0,311.0,0.0,237.0,0.0,176.0,0.0,133.0,0.0,82.0,0.0,19.0,0.0,14.598116594201985,0.0,21.748563170931547,0.0,20.92844953645635,0.0,19.544820285692065,0.0,17.635192088548397,0.0,15.394804318340652,0.0,13.2664991614216,0.0,11.532562594670797,0.0,9.055385138137417,0.0,4.358898943540674,0.0,,,,,,,,,,,,,,,,,,,,,10.79763462433243,0.0,,,,,,,,,,,,,,,,,,,,,14.598470436748325,0.0,19.809626606966514,0.0,19.080516340304186,0.0,17.74537167386758,0.0,15.789796984955036,0.0,13.705184750634068,0.0,11.440433448859267,0.0,9.705591679317438,0.0,7.235966160180131,0.0,2.735105568029195,0.0
Mödeu,461.043137254902,0.0,19.890213088382655,0.0,419.918774179092,0.0,503.0,0.0,460.0,0.0,392.0,0.0,327.0,0.0,234.0,0.0,153.0,0.0,117.0,0.0,68.0,0.0,18.0,0.0,14.058012308484697,0.0,22.427661492005804,0.0,21.447610589527216,0.0,19.79898987322333,0.0,18.083141320025124,0.0,15.297058540778355,0.0,12.36931687685298,0.0,10.816653826391969,0.0,8.246211251235321,0.0,4.242640687119285,0.0,,,,,,,,,,,,,,,,,,,,,7.022459782490962,0.0,,,,,,,,,,,,,,,,,,,,,14.058177180168437,0.0,20.36321035803912,0.0,19.486687861370125,0.0,18.002255413251042,0.0,16.157549690669047,0.0,13.419875707061,0.0,10.509878221317534,0.0,9.187924639586297,0.0,6.634522341814129,0.0,2.966488586512135,0.0
Möhre,433.9294117647059,0.0,19.348585639362696,0.0,419.6528839430582,0.0,467.0,0.0,413.0,0.0,367.0,0.0,311.0,0.0,238.0,0.0,155.0,0.0,120.0,0.0,67.0,0.0,12.0,0.0,14.101892722763187,0.0,21.61018278497431,0.0,20.322401432901575,0.0,19.157244060668017,0.0,17.635192088548397,0.0,15.427248620541512,0.0,12.449899597988733,0.0,10.954451150103322,0.0,8.18535277187245,0.0,3.4641016151377544,0.0,,,,,,,,,,,,,,,,,,,,,10.550757786698208,0.0,,,,,,,,,,,,,,,,,,,,,14.102054675359604,0.0,19.69289763919423,0.0,18.54407294732271,0.0,17.422514161703045,0.0,15.842658450042112,0.0,13.587492072658858,0.0,10.625871525492487,0.0,9.310887868349043,0.0,6.695693982904472,0.0,1.8679510480341857,0.0
Möpse,441.4078431372549,0.0,19.418657916517787,0.0,411.52888451539263,0.0,467.0,0.0,413.0,0.0,359.0,0.0,299.0,0.0,230.0,0.0,154.0,0.0,118.0,0.0,72.0,0.0,23.0,0.0,13.926276483948584,0.0,21.61018278497431,0.0,20.322401432901575,0.0,18.947295321496416,0.0,17.291616465790582,0.0,15.165750888103101,0.0,12.409673645990857,0.0,10.862780491200215,0.0,8.48528137423857,0.0,4.795831523312719,0.0,,,,,,,,,,,,,,,,,,,,,9.725676243202054,0.0,,,,,,,,,,,,,,,,,,,,,13.926138034909984,0.0,19.606287567055368,0.0,18.479045343340633,0.0,17.213548621328133,0.0,15.48567103098023,0.0,13.334893479367345,0.0,10.590763489492364,0.0,9.200104646751095,0.0,6.783832802787121,0.0,3.671071057407242,0.0
Möwön,481.9098039215686,0.0,20.244229293424254,0.0,462.39129053245995,0.0,519.0,0.0,481.0,0.0,432.0,0.0,363.0,0.0,280.0,0.0,208.0,0.0,158.0,0.0,93.0,0.0,36.0,0.0,15.423302112510191,0.0,22.781571499789035,0.0,21.93171219946131,0.0,20.784609690826528,0.0,19.05255888325765,0.0,16.73320053068151,0.0,14.422205101855956,0.0,12.569805089976535,0.0,9.643650760992955,0.0,6.0,0.0,,,,,,,,,,,,,,,,,,,,,5.447944389539197,0.0,,,,,,,,,,,,,,,,,,,,,15.422913231506001,0.0,20.85282346123026,0.0,20.065164984901514,0.0,19.03565663632944,0.0,17.23416216188697,0.0,14.821186313694598,0.0,12.28118003700699,0.0,10.507316536190173,0.0,7.761971825058528,0.0,4.115256909058738,0.0
Mühen,470.121568627451,0.0,20.180195162996046,0.0,417.0415301298823,0.0,507.0,0.0,455.0,0.0,406.0,0.0,339.0,0.0,247.0,0.0,149.0,0.0,110.0,0.0,67.0,0.0,14.0,0.0,14.070035522565114,0.0,22.516660498395403,0.0,21.330729007701542,0.0,20.149441679609886,0.0,18.411952639521967,0.0,15.716233645501712,0.0,12.206555615733702,0.0,10.488088481701515,0.0,8.18535277187245,0.0,3.7416573867739413,0.0,,,,,,,,,,,,,,,,,,,,,7.151062512667703,0.0,,,,,,,,,,,,,,,,,,,,,14.07010531718596,0.0,20.620363300837543,0.0,19.606952886193323,0.0,18.45955030538603,0.0,16.513855622310853,0.0,13.81806272785411,0.0,10.442888368352884,0.0,8.879152271707026,0.0,6.546276045140218,0.0,2.323748255415736,0.0
Mühle,446.278431372549,0.0,19.699915982935494,0.0,438.0012788428054,0.0,492.0,0.0,432.0,0.0,388.0,0.0,328.0,0.0,253.0,0.0,168.0,0.0,133.0,0.0,82.0,0.0,19.0,0.0,14.679650549829883,0.0,22.181073012818835,0.0,20.784609690826528,0.0,19.697715603592208,0.0,18.110770276274835,0.0,15.905973720586866,0.0,12.96148139681572,0.0,11.532562594670797,0.0,9.055385138137417,0.0,4.358898943540674,0.0,,,,,,,,,,,,,,,,,,,,,10.191051982920154,0.0,,,,,,,,,,,,,,,,,,,,,14.679890346069014,0.0,20.290876216535004,0.0,19.082653863687664,0.0,17.99658126064813,0.0,16.33378964051559,0.0,14.142717415901839,0.0,11.248859914871625,0.0,9.877144782534875,0.0,7.562134914052662,0.0,2.8837073452885527,0.0
Münze,438.36470588235295,0.0,19.468826016653995,0.0,405.8258033600338,0.0,465.0,0.0,422.0,0.0,375.0,0.0,305.0,0.0,234.0,0.0,143.0,0.0,99.0,0.0,53.0,0.0,11.0,0.0,13.711544405459797,0.0,21.563858652847824,0.0,20.54263858417414,0.0,19.364916731037084,0.0,17.46424919657298,0.0,15.297058540778355,0.0,11.958260743101398,0.0,9.9498743710662,0.0,7.280109889280518,0.0,3.3166247903554,0.0,,,,,,,,,,,,,,,,,,,,,9.669471336608849,0.0,,,,,,,,,,,,,,,,,,,,,13.711826877731859,0.0,19.757252231123754,0.0,18.77559276927992,0.0,17.56929696705231,0.0,15.547917958479344,0.0,13.392116187983671,0.0,9.937963633087708,0.0,8.200652802962631,0.0,5.420499613762402,0.0,2.093505069592703,0.0
Mütze,413.6941176470588,0.0,18.869340496294257,0.0,415.2456790123462,0.0,446.0,0.0,402.0,0.0,354.0,0.0,287.0,0.0,224.0,0.0,152.0,0.0,110.0,0.0,56.0,0.0,11.0,0.0,13.938531143796162,0.0,21.118712081942874,0.0,20.049937655763422,0.0,18.81488772222678,0.0,16.941074346097416,0.0,14.966629547095765,0.0,12.328828005937952,0.0,10.488088481701515,0.0,7.483314773547883,0.0,3.3166247903554,0.0,,,,,,,,,,,,,,,,,,,,,10.527623098857468,0.0,,,,,,,,,,,,,,,,,,,,,13.938391639965607,0.0,19.115670590795116,0.0,18.10924145416103,0.0,17.017468211549552,0.0,15.04473606330629,0.0,13.15988945336923,0.0,10.371192365466747,0.0,8.595165669221249,0.0,5.521188425907764,0.0,2.093505069592703,0.0
Nabal,399.5019607843137,0.0,18.521533754269228,0.0,389.05932972114874,0.0,415.0,0.0,389.0,0.0,337.0,0.0,259.0,0.0,207.0,0.0,139.0,0.0,67.0,0.0,31.0,0.0,10.0,0.0,13.15798293687784,0.0,20.37154878746336,0.0,19.72308292331602,0.0,18.35755975068582,0.0,16.09347693943108,0.0,14.38749456993816,0.0,11.789826122551595,0.0,8.18535277187245,0.0,5.5677643628300215,0.0,3.1622776601683795,0.0,,,,,,,,,,,,,,,,,,,,,6.125996225552744,0.0,,,,,,,,,,,,,,,,,,,,,13.15817828576793,0.0,18.590530744548957,0.0,18.06955112767591,0.0,16.51552016651748,0.0,14.248751105881837,0.0,12.391854122723553,0.0,9.579723960365182,0.0,6.23127504821593,0.0,4.637502609830833,0.0,2.2386181575997384,0.0
Nabel,394.8156862745098,0.0,18.4555652656145,0.0,385.0886737236543,0.0,411.0,0.0,386.0,0.0,333.0,0.0,257.0,0.0,196.0,0.0,125.0,0.0,61.0,0.0,32.0,0.0,10.0,0.0,12.972846416174436,0.0,20.273134932713294,0.0,19.6468827043885,0.0,18.24828759089466,0.0,16.0312195418814,0.0,14.0,0.0,11.180339887498949,0.0,7.810249675906654,0.0,5.656854249492381,0.0,3.1622776601683795,0.0,,,,,,,,,,,,,,,,,,,,,6.718688016342988,0.0,,,,,,,,,,,,,,,,,,,,,12.97319843133305,0.0,18.457723220180785,0.0,17.941071589624766,0.0,16.43345543611087,0.0,14.171111014456162,0.0,12.059296664663952,0.0,9.121324647217603,0.0,6.013183121164022,0.0,4.664632017816269,0.0,2.2386181575997384,0.0
Nadel,397.2117647058824,0.0,18.57886046377056,0.0,390.09531333943437,0.0,415.0,0.0,382.0,0.0,328.0,0.0,269.0,0.0,203.0,0.0,126.0,0.0,72.0,0.0,39.0,0.0,17.0,0.0,13.177581696114531,0.0,20.37154878746336,0.0,19.544820285692065,0.0,18.110770276274835,0.0,16.401219466856727,0.0,14.247806848775006,0.0,11.224972160321824,0.0,8.48528137423857,0.0,6.244997998398398,0.0,4.123105625617661,0.0,,,,,,,,,,,,,,,,,,,,,6.268653829832375,0.0,,,,,,,,,,,,,,,,,,,,,13.177903644165482,0.0,18.47419893556404,0.0,17.832099178326008,0.0,16.37078989395239,0.0,14.652697054010973,0.0,12.289371122836066,0.0,9.116465788105376,0.0,6.825929174965033,0.0,5.422956311619373,0.0,3.2992385274430345,0.0
Napal,401.63529411764705,0.0,18.64817876680518,0.0,392.39583788905867,0.0,409.0,0.0,376.0,0.0,329.0,0.0,264.0,0.0,216.0,0.0,143.0,0.0,76.0,0.0,41.0,0.0,22.0,0.0,13.386960614675495,0.0,20.223748416156685,0.0,19.390719429665317,0.0,18.138357147217054,0.0,16.24807680927192,0.0,14.696938456699069,0.0,11.958260743101398,0.0,8.717797887081348,0.0,6.4031242374328485,0.0,4.69041575982343,0.0,,,,,,,,,,,,,,,,,,,,,6.0981272464512175,0.0,,,,,,,,,,,,,,,,,,,,,13.387130421819698,0.0,18.39719939379818,0.0,17.78485428174342,0.0,16.35565715952769,0.0,14.476401109647595,0.0,12.71140081358658,0.0,9.76795005230529,0.0,6.9464027867368365,0.0,5.553756888020484,0.0,3.9440971750067586,0.0
Narbe,389.84705882352944,0.0,18.296403194555673,0.0,364.6492874170185,0.0,402.0,0.0,372.0,0.0,322.0,0.0,244.0,0.0,187.0,0.0,109.0,0.0,45.0,0.0,10.0,0.0,2.0,0.0,12.207987356772197,0.0,20.049937655763422,0.0,19.28730152198591,0.0,17.944358444926362,0.0,15.620499351813308,0.0,13.674794331177344,0.0,10.44030650891055,0.0,6.708203932499369,0.0,3.1622776601683795,0.0,1.4142135623730951,0.0,,,,,,,,,,,,,,,,,,,,,4.253388488146753,0.0,,,,,,,,,,,,,,,,,,,,,12.20755675164977,0.0,18.286473875700036,0.0,17.55908693926992,0.0,16.043176959687415,0.0,13.735604666639972,0.0,11.677962544352935,0.0,8.247393249424803,0.0,4.603587877145303,0.0,2.31553910241891,0.0,0.6618696519470317,0.0
Nasen,379.96862745098036,0.0,18.0746710393176,0.0,345.0749377046702,0.0,381.0,0.0,348.0,0.0,293.0,0.0,234.0,0.0,173.0,0.0,89.0,0.0,28.0,0.0,4.0,0.0,0.0,0.0,11.64393955416228,0.0,19.519221295943137,0.0,18.65475810617763,0.0,17.11724276862369,0.0,15.297058540778355,0.0,13.152946437965905,0.0,9.433981132056603,0.0,5.291502622129181,0.0,2.0,0.0,0.0,0.0,,,,,,,,,,,,,,,,,,,,,4.329847671572158,0.0,,,,,,,,,,,,,,,,,,,,,11.643805449036286,0.0,17.651880691583848,0.0,16.989573200169996,0.0,15.39354303430085,0.0,13.412456347803438,0.0,10.997162524037995,0.0,7.0493604278818385,0.0,3.2089413279664463,0.0,0.986404959075242,0.0,0.0,0.0
Natan,382.65098039215684,0.0,18.119852170365352,0.0,359.89919657247435,0.0,384.0,0.0,357.0,0.0,308.0,0.0,242.0,0.0,191.0,0.0,111.0,0.0,42.0,0.0,4.0,0.0,0.0,0.0,12.221014900112959,0.0,19.595917942265423,0.0,18.894443627691185,0.0,17.549928774784245,0.0,15.556349186104045,0.0,13.820274961085254,0.0,10.535653752852738,0.0,6.48074069840786,0.0,2.0,0.0,0.0,0.0,,,,,,,,,,,,,,,,,,,,,4.261844956141448,0.0,,,,,,,,,,,,,,,,,,,,,12.22100459973156,0.0,17.734130795170664,0.0,17.208849835839327,0.0,15.857962622273329,0.0,13.69686066312934,0.0,11.725683609622713,0.0,8.14829602466315,0.0,4.310033420440381,0.0,1.120018249235607,0.0,0.0,0.0
Natar,353.8392156862745,0.0,17.416254941243622,0.0,364.3899520265214,0.0,354.0,0.0,329.0,0.0,283.0,0.0,226.0,0.0,178.0,0.0,113.0,0.0,46.0,0.0,4.0,0.0,0.0,0.0,12.30841940769078,0.0,18.81488772222678,0.0,18.138357147217054,0.0,16.822603841260722,0.0,15.033296378372908,0.0,13.341664064126334,0.0,10.63014581273465,0.0,6.782329983125268,0.0,2.0,0.0,0.0,0.0,,,,,,,,,,,,,,,,,,,,,7.946215283784797,0.0,,,,,,,,,,,,,,,,,,,,,12.308805092955499,0.0,16.834883837197836,0.0,16.342229958827687,0.0,15.002658959217994,0.0,13.126151137434258,0.0,11.316602751007514,0.0,8.223908451284018,0.0,4.590768685705754,0.0,1.120018249235607,0.0,0.0,0.0
Natta,357.98039215686276,0.0,17.474148533597873,0.0,366.74916890065924,0.0,364.0,0.0,333.0,0.0,286.0,0.0,228.0,0.0,183.0,0.0,113.0,0.0,49.0,0.0,7.0,0.0,0.0,0.0,12.410298370499557,0.0,19.078784028338912,0.0,18.24828759089466,0.0,16.911534525287763,0.0,15.0996688705415,0.0,13.527749258468683,0.0,10.63014581273465,0.0,7.0,0.0,2.6457513110645907,0.0,0.0,0.0,,,,,,,,,,,,,,,,,,,,,6.482474781581793,0.0,,,,,,,,,,,,,,,,,,,,,12.410592205793854,0.0,17.055231802118062,0.0,16.441485081151768,0.0,15.22396572802136,0.0,13.268995840369938,0.0,11.565771939297967,0.0,8.323292127511115,0.0,4.907533964395447,0.0,1.548653019686292,0.0,0.0,0.0
Nazis,345.4078431372549,0.0,17.253576152273226,0.0,364.4660481678558,0.0,351.0,0.0,323.0,0.0,271.0,0.0,216.0,0.0,174.0,0.0,107.0,0.0,43.0,0.0,9.0,0.0,0.0,0.0,12.301819445846998,0.0,18.734993995195193,0.0,17.97220075561143,0.0,16.46207763315433,0.0,14.696938456699069,0.0,13.19090595827292,0.0,10.344080432788601,0.0,6.557438524302,0.0,3.0,0.0,0.0,0.0,,,,,,,,,,,,,,,,,,,,,9.297078570147509,0.0,,,,,,,,,,,,,,,,,,,,,12.301699899512114,0.0,16.893609709376907,0.0,16.247843671027695,0.0,14.624073836577814,0.0,12.748487116750214,0.0,11.132406735902343,0.0,7.842294794884678,0.0,4.362112048865636,0.0,2.129974700992655,0.0,0.0,0.0
Ncbgt,419.79607843137256,0.0,18.94395627716101,0.0,414.9899342085728,0.0,454.0,0.0,420.0,0.0,374.0,0.0,295.0,0.0,230.0,0.0,152.0,0.0,79.0,0.0,38.0,0.0,18.0,0.0,13.793051579665498,0.0,21.307275752662516,0.0,20.493901531919196,0.0,19.339079605813716,0.0,17.175564037317667,0.0,15.165750888103101,0.0,12.328828005937952,0.0,8.888194417315589,0.0,6.164414002968976,0.0,4.242640687119285,0.0,,,,,,,,,,,,,,,,,,,,,4.020881703986327,0.0,,,,,,,,,,,,,,,,,,,,,13.793104200384082,0.0,19.28027813176114,0.0,18.7070014306029,0.0,17.477853451780003,0.0,15.154972899598333,0.0,13.138793654481482,0.0,9.990341251684487,0.0,6.577034226224887,0.0,4.425046275659925,0.0,2.6937073174257073,0.0
Nchdr,407.6313725490196,0.0,18.840327472051356,0.0,408.09428151819714,0.0,434.0,0.0,392.0,0.0,357.0,0.0,307.0,0.0,225.0,0.0,142.0,0.0,74.0,0.0,36.0,0.0,12.0,0.0,13.633010605411204,0.0,20.83266665599966,0.0,19.79898987322333,0.0,18.894443627691185,0.0,17.52141546793523,0.0,15.0,0.0,11.916375287812984,0.0,8.602325267042627,0.0,6.0,0.0,3.4641016151377544,0.0,,,,,,,,,,,,,,,,,,,,,4.322796559367655,0.0,,,,,,,,,,,,,,,,,,,,,13.633223336657217,0.0,18.893608068529506,0.0,18.060330511849582,0.0,17.063825311785045,0.0,15.54310953790621,0.0,12.86484141522081,0.0,9.542654993973912,0.0,6.800891530017622,0.0,5.308381346217713,0.0,2.6733701112690365,0.0
Nchpr,407.3686274509804,0.0,18.84407416413504,0.0,405.9555957809258,0.0,425.0,0.0,384.0,0.0,354.0,0.0,299.0,0.0,226.0,0.0,136.0,0.0,75.0,0.0,39.0,0.0,19.0,0.0,13.638549838068952,0.0,20.615528128088304,0.0,19.595917942265423,0.0,18.81488772222678,0.0,17.291616465790582,0.0,15.033296378372908,0.0,11.661903789690601,0.0,8.660254037844387,0.0,6.244997998398398,0.0,4.358898943540674,0.0,,,,,,,,,,,,,,,,,,,,,4.661266656184889,0.0,,,,,,,,,,,,,,,,,,,,,13.638861422211317,0.0,18.739077786710045,0.0,17.895375651309887,0.0,16.97865963905191,0.0,15.312408704349698,0.0,12.967147888567832,0.0,9.432290509432807,0.0,6.883806424456568,0.0,5.460228834068371,0.0,3.5896647843707026,0.0
Ndhmr,473.71764705882356,0.0,20.345575757464562,0.0,468.9881497139675,0.0,521.0,0.0,465.0,0.0,427.0,0.0,371.0,0.0,298.0,0.0,201.0,0.0,131.0,0.0,82.0,0.0,57.0,0.0,15.514086642235265,0.0,22.825424421026653,0.0,21.563858652847824,0.0,20.663978319771825,0.0,19.261360284258224,0.0,17.26267650163207,0.0,14.177446878757825,0.0,11.445523142259598,0.0,9.055385138137417,0.0,7.54983443527075,0.0,,,,,,,,,,,,,,,,,,,,,4.436178216344143,0.0,,,,,,,,,,,,,,,,,,,,,15.514190237084433,0.0,20.838436144600657,0.0,19.845048273767176,0.0,18.997136636744997,0.0,17.501390552823185,0.0,15.348278414246717,0.0,12.091696011634744,0.0,9.77823949725606,0.0,8.045178518819338,0.0,6.318442257235643,0.0
Ndhrt,408.1333333333333,0.0,18.871885600766348,0.0,405.42566027650173,0.0,433.0,0.0,390.0,0.0,352.0,0.0,294.0,0.0,230.0,0.0,140.0,0.0,77.0,0.0,36.0,0.0,13.0,0.0,13.613361724319109,0.0,20.808652046684813,0.0,19.748417658131498,0.0,18.76166303929372,0.0,17.146428199482248,0.0,15.165750888103101,0.0,11.832159566199232,0.0,8.774964387392123,0.0,6.0,0.0,3.605551275463989,0.0,,,,,,,,,,,,,,,,,,,,,9.394899705592636,0.0,,,,,,,,,,,,,,,,,,,,,13.613081205067619,0.0,18.840852269421006,0.0,18.007354885387212,0.0,16.992135730490936,0.0,15.342416798998888,0.0,13.16227300826314,0.0,9.667966073136563,0.0,7.033296365395955,0.0,5.336260551276233,0.0,2.8057226596034712,0.0
Ndscr,368.1411764705882,0.0,17.806611181483987,0.0,378.4887336567564,0.0,376.0,0.0,342.0,0.0,301.0,0.0,250.0,0.0,188.0,0.0,119.0,0.0,54.0,0.0,19.0,0.0,10.0,0.0,12.708695012089649,0.0,19.390719429665317,0.0,18.49324200890693,0.0,17.349351572897472,0.0,15.811388300841896,0.0,13.711309200802088,0.0,10.908712114635714,0.0,7.3484692283495345,0.0,4.358898943540674,0.0,3.1622776601683795,0.0,,,,,,,,,,,,,,,,,,,,,10.860225982003083,0.0,,,,,,,,,,,,,,,,,,,,,12.7090086347334,0.0,17.452047636148162,0.0,16.692778796388126,0.0,15.492549128776767,0.0,13.87157353710741,0.0,11.650233989006892,0.0,8.532985630480217,0.0,5.438477972946382,0.0,3.7227246243158865,0.0,2.6186375839052127,0.0
Ndsfr,378.25098039215686,0.0,18.089542755233634,0.0,398.35351324062594,0.0,390.0,0.0,354.0,0.0,315.0,0.0,264.0,0.0,211.0,0.0,143.0,0.0,77.0,0.0,34.0,0.0,17.0,0.0,13.441170427385082,0.0,19.748417658131498,0.0,18.81488772222678,0.0,17.74823934929885,0.0,16.24807680927192,0.0,14.52583904633395,0.0,11.958260743101398,0.0,8.774964387392123,0.0,5.830951894845301,0.0,4.123105625617661,0.0,,,,,,,,,,,,,,,,,,,,,9.583916890071002,0.0,,,,,,,,,,,,,,,,,,,,,13.441249949815722,0.0,17.860081962855677,0.0,17.100089328913274,0.0,15.988644553085173,0.0,14.392719967865151,0.0,12.522402693776066,0.0,9.655690836898556,0.0,6.899592672476813,0.0,5.010522861351672,0.0,3.291351569453661,0.0
Ndspr,411.47058823529414,0.0,18.890332034338382,0.0,396.3928612116747,0.0,425.0,0.0,386.0,0.0,343.0,0.0,284.0,0.0,214.0,0.0,139.0,0.0,74.0,0.0,38.0,0.0,26.0,0.0,13.364170789095834,0.0,20.615528128088304,0.0,19.6468827043885,0.0,18.520259177452136,0.0,16.852299546352718,0.0,14.628738838327793,0.0,11.789826122551595,0.0,8.602325267042627,0.0,6.164414002968976,0.0,5.0990195135927845,0.0,,,,,,,,,,,,,,,,,,,,,6.368244483525473,0.0,,,,,,,,,,,,,,,,,,,,,13.364448603130441,0.0,18.69700993593137,0.0,17.864672186937693,0.0,16.683162144406328,0.0,14.967667458301161,0.0,12.670840682240096,0.0,9.549877460630716,0.0,6.829430684557737,0.0,5.345097249291209,0.0,4.328020264646472,0.0
Ndstr,368.643137254902,0.0,17.839998000079195,0.0,387.88285697316235,0.0,383.0,0.0,348.0,0.0,304.0,0.0,255.0,0.0,198.0,0.0,127.0,0.0,63.0,0.0,22.0,0.0,10.0,0.0,13.03523657603366,0.0,19.570385790780925,0.0,18.65475810617763,0.0,17.435595774162696,0.0,15.968719422671311,0.0,14.071247279470288,0.0,11.269427669584644,0.0,7.937253933193772,0.0,4.69041575982343,0.0,3.1622776601683795,0.0,,,,,,,,,,,,,,,,,,,,,10.840519289007425,0.0,,,,,,,,,,,,,,,,,,,,,13.03531613832259,0.0,17.549108014335122,0.0,16.820145091026227,0.0,15.696361737133046,0.0,14.102909488122975,0.0,12.066373121119305,0.0,8.961643066524111,0.0,5.989382076404328,0.0,3.8733610731571857,0.0,2.6186375839052127,0.0
Ndthr,408.1333333333333,0.0,18.871885600766344,0.0,405.5231363370074,0.0,432.0,0.0,392.0,0.0,354.0,0.0,293.0,0.0,218.0,0.0,147.0,0.0,74.0,0.0,36.0,0.0,12.0,0.0,13.592887105712729,0.0,20.784609690826528,0.0,19.79898987322333,0.0,18.81488772222678,0.0,17.11724276862369,0.0,14.7648230602334,0.0,12.12435565298214,0.0,8.602325267042627,0.0,6.0,0.0,3.4641016151377544,0.0,,,,,,,,,,,,,,,,,,,,,6.664020049038105,0.0,,,,,,,,,,,,,,,,,,,,,13.592734369697085,0.0,18.75803929806668,0.0,17.940414508433566,0.0,17.040652374134353,0.0,15.248654879788848,0.0,12.865431211609819,0.0,9.857771168190396,0.0,6.884257705447232,0.0,5.343664920908052,0.0,2.7006403002676294,0.0
Ndths,414.278431372549,0.0,18.946556699439885,0.0,393.45844908251024,0.0,442.0,0.0,394.0,0.0,345.0,0.0,282.0,0.0,207.0,0.0,138.0,0.0,68.0,0.0,36.0,0.0,12.0,0.0,13.235475380008841,0.0,21.02379604162864,0.0,19.849433241279208,0.0,18.57417562100671,0.0,16.792855623746664,0.0,14.38749456993816,0.0,11.74734012447073,0.0,8.246211251235321,0.0,6.0,0.0,3.4641016151377544,0.0,,,,,,,,,,,,,,,,,,,,,5.518471568470879,0.0,,,,,,,,,,,,,,,,,,,,,13.235152768270948,0.0,18.930052907416815,0.0,17.991567188956388,0.0,16.83690362759272,0.0,14.97859451154527,0.0,12.546242119370119,0.0,9.56111027747396,0.0,6.661302373700489,0.0,5.343664920908052,0.0,2.7006403002676294,0.0
Nebel,390.1294117647059,0.0,18.389360128513943,0.0,388.8890182040052,0.0,408.0,0.0,380.0,0.0,332.0,0.0,261.0,0.0,197.0,0.0,126.0,0.0,62.0,0.0,33.0,0.0,10.0,0.0,13.06122420101298,0.0,20.199009876724155,0.0,19.493588689617926,0.0,18.2208671582886,0.0,16.15549442140351,0.0,14.035668847618199,0.0,11.224972160321824,0.0,7.874007874011811,0.0,5.744562646538029,0.0,3.1622776601683795,0.0,,,,,,,,,,,,,,,,,,,,,6.6118999018974005,0.0,,,,,,,,,,,,,,,,,,,,,13.061532408802849,0.0,18.34712469209712,0.0,17.755005705872126,0.0,16.42202942556621,0.0,14.223650623367467,0.0,12.131956069290979,0.0,9.164526753832876,0.0,6.037803376415727,0.0,4.688680990376678,0.0,2.2386181575997384,0.0
Neffe,367.82352941176464,0.0,17.843746165003484,0.0,387.6621978710258,0.0,375.0,0.0,336.0,0.0,301.0,0.0,244.0,0.0,203.0,0.0,134.0,0.0,74.0,0.0,31.0,0.0,14.0,0.0,13.157678018902049,0.0,19.364916731037084,0.0,18.33030277982336,0.0,17.349351572897472,0.0,15.620499351813308,0.0,14.247806848775006,0.0,11.575836902790225,0.0,8.602325267042627,0.0,5.5677643628300215,0.0,3.7416573867739413,0.0,,,,,,,,,,,,,,,,,,,,,5.632447895907754,0.0,,,,,,,,,,,,,,,,,,,,,13.15795798450478,0.0,17.51312137799122,0.0,16.604265958358855,0.0,15.671566803797871,0.0,13.808432367027642,0.0,12.32100414793908,0.0,9.405298778841757,0.0,6.853040822194848,0.0,4.732910820743244,0.0,2.812850525073717,0.0
Negro,399.91764705882355,0.0,18.579773452482122,0.0,391.955140073378,0.0,420.0,0.0,383.0,0.0,338.0,0.0,275.0,0.0,213.0,0.0,130.0,0.0,66.0,0.0,25.0,0.0,16.0,0.0,13.10367535554858,0.0,20.493901531919196,0.0,19.570385790780925,0.0,18.384776310850235,0.0,16.583123951777,0.0,14.594519519326424,0.0,11.40175425099138,0.0,8.12403840463596,0.0,5.0,0.0,4.0,0.0,,,,,,,,,,,,,,,,,,,,,5.362408398955084,0.0,,,,,,,,,,,,,,,,,,,,,13.103965693580204,0.0,18.590226399176707,0.0,17.791967628900903,0.0,16.583090456711112,0.0,14.681408515214882,0.0,12.57423443033378,0.0,8.990663184938946,0.0,5.867960633869505,0.0,3.5469920279684524,0.0,2.6099998410952274,0.0
Nehgt,431.55686274509804,0.0,19.354334137445367,0.0,405.48532124952425,0.0,469.0,0.0,414.0,0.0,367.0,0.0,301.0,0.0,232.0,0.0,141.0,0.0,77.0,0.0,43.0,0.0,19.0,0.0,13.582205425182252,0.0,21.656407827707714,0.0,20.346989949375804,0.0,19.157244060668017,0.0,17.349351572897472,0.0,15.231546211727817,0.0,11.874342087037917,0.0,8.774964387392123,0.0,6.557438524302,0.0,4.358898943540674,0.0,,,,,,,,,,,,,,,,,,,,,3.763774550137276,0.0,,,,,,,,,,,,,,,,,,,,,13.582396073847354,0.0,19.531267916897114,0.0,18.6163569369121,0.0,17.366113285302795,0.0,15.434767529671051,0.0,13.264314460011432,0.0,9.682779826604799,0.0,6.84548256752609,0.0,5.265567333261387,0.0,2.797796677441615,0.0
Neift,338.5882352941177,0.0,17.115113798579646,0.0,394.21313371830956,0.0,345.0,0.0,314.0,0.0,280.0,0.0,234.0,0.0,200.0,0.0,136.0,0.0,72.0,0.0,24.0,0.0,7.0,0.0,13.33150509060235,0.0,18.57417562100671,0.0,17.72004514666935,0.0,16.73320053068151,0.0,15.297058540778355,0.0,14.142135623730951,0.0,11.661903789690601,0.0,8.48528137423857,0.0,4.898979485566356,0.0,2.6457513110645907,0.0,,,,,,,,,,,,,,,,,,,,,8.178196113981157,0.0,,,,,,,,,,,,,,,,,,,,,13.332063260640624,0.0,16.58236228694361,0.0,15.933402743573822,0.0,15.00428767009428,0.0,13.462173783612151,0.0,12.203315656728911,0.0,9.341697363631347,0.0,6.433450809374132,0.0,3.996471032045206,0.0,1.9949946886188294,0.0
Ngkgm,537.9372549019608,0.0,21.616406971678806,0.0,515.8279965875928,0.0,620.0,0.0,551.0,0.0,490.0,0.0,419.0,0.0,350.0,0.0,255.0,0.0,174.0,0.0,118.0,0.0,83.0,0.0,16.74537845035669,0.0,24.899799195977465,0.0,23.473389188611005,0.0,22.135943621178654,0.0,20.46948949045872,0.0,18.708286933869708,0.0,15.968719422671311,0.0,13.19090595827292,0.0,10.862780491200215,0.0,9.1104335791443,0.0,,,,,,,,,,,,,,,,,,,,,4.720244635678664,0.0,,,,,,,,,,,,,,,,,,,,,16.745722058212653,0.0,22.68649734758243,0.0,21.736242460109445,0.0,20.418610284159307,0.0,18.66239867868618,0.0,16.769918809930083,0.0,13.688352493114644,0.0,11.058291849230665,0.0,8.924514330149101,0.0,7.085080413969713,0.0
Ngspr,420.2941176470589,0.0,19.06711955326339,0.0,410.26095655390094,0.0,446.0,0.0,399.0,0.0,348.0,0.0,292.0,0.0,228.0,0.0,151.0,0.0,86.0,0.0,44.0,0.0,34.0,0.0,13.779580059859345,0.0,21.118712081942874,0.0,19.974984355438178,0.0,18.65475810617763,0.0,17.08800749063506,0.0,15.0996688705415,0.0,12.288205727444508,0.0,9.273618495495704,0.0,6.6332495807108,0.0,5.830951894845301,0.0,,,,,,,,,,,,,,,,,,,,,7.03066053315454,0.0,,,,,,,,,,,,,,,,,,,,,13.779971928918922,0.0,19.116897451291653,0.0,18.22489593199348,0.0,16.78758146149298,0.0,15.209907400119908,0.0,13.075177829700833,0.0,9.979761537877245,0.0,7.297713453903042,0.0,5.246700507849237,0.0,4.505059572061955,0.0
Ngstr,377.4666666666667,0.0,18.027088848000883,0.0,401.75095231538853,0.0,404.0,0.0,361.0,0.0,309.0,0.0,263.0,0.0,212.0,0.0,139.0,0.0,75.0,0.0,28.0,0.0,18.0,0.0,13.460800806011378,0.0,20.09975124224178,0.0,19.0,0.0,17.578395831246947,0.0,16.217274740226856,0.0,14.560219778561036,0.0,11.789826122551595,0.0,8.660254037844387,0.0,5.291502622129181,0.0,4.242640687119285,0.0,,,,,,,,,,,,,,,,,,,,,11.342762159254143,0.0,,,,,,,,,,,,,,,,,,,,,13.460952518764826,0.0,17.998740632526893,0.0,17.195224512455276,0.0,15.78133271700183,0.0,14.34173522179445,0.0,12.50963911667444,0.0,9.420835572601513,0.0,6.520668110376239,0.0,3.7318699889073503,0.0,2.903287701079112,0.0
Ngthf,430.7058823529412,0.0,19.33505699670275,0.0,435.32817827668015,0.0,471.0,0.0,419.0,0.0,370.0,0.0,310.0,0.0,248.0,0.0,179.0,0.0,108.0,0.0,62.0,0.0,29.0,0.0,14.563441666136942,0.0,21.702534414210707,0.0,20.46948949045872,0.0,19.235384061671343,0.0,17.60681686165901,0.0,15.748015748023622,0.0,13.379088160259652,0.0,10.392304845413264,0.0,7.874007874011811,0.0,5.385164807134504,0.0,,,,,,,,,,,,,,,,,,,,,5.273355237104628,0.0,,,,,,,,,,,,,,,,,,,,,14.563271710817126,0.0,19.57392714785946,0.0,18.666057973575167,0.0,17.467073766943894,0.0,15.798629248701898,0.0,13.801033392874984,0.0,11.088638109914257,0.0,8.44246736637858,0.0,6.39430711434366,0.0,3.7615384289656553,0.0
Ngthl,421.92549019607844,0.0,19.20177047136304,0.0,438.55118502860296,0.0,465.0,0.0,414.0,0.0,366.0,0.0,308.0,0.0,246.0,0.0,178.0,0.0,107.0,0.0,63.0,0.0,28.0,0.0,14.642929121611285,0.0,21.563858652847824,0.0,20.346989949375804,0.0,19.131126469708992,0.0,17.549928774784245,0.0,15.684387141358123,0.0,13.341664064126334,0.0,10.344080432788601,0.0,7.937253933193772,0.0,5.291502622129181,0.0,,,,,,,,,,,,,,,,,,,,,6.486874150291386,0.0,,,,,,,,,,,,,,,,,,,,,14.642723006301292,0.0,19.46380044657517,0.0,18.565317689922853,0.0,17.36838035645474,0.0,15.758674109417521,0.0,13.755450849088854,0.0,11.073447151626896,0.0,8.446581969251937,0.0,6.589847078016449,0.0,3.6633759166377438,0.0
Ngths,423.10196078431375,0.0,19.12282443720013,0.0,407.3265444247364,0.0,463.0,0.0,407.0,0.0,350.0,0.0,290.0,0.0,221.0,0.0,150.0,0.0,80.0,0.0,42.0,0.0,20.0,0.0,13.654800411605109,0.0,21.517434791350013,0.0,20.174241001832016,0.0,18.708286933869708,0.0,17.029386365926403,0.0,14.866068747318506,0.0,12.24744871391589,0.0,8.94427190999916,0.0,6.48074069840786,0.0,4.47213595499958,0.0,,,,,,,,,,,,,,,,,,,,,6.0869452106183255,0.0,,,,,,,,,,,,,,,,,,,,,13.654589084056255,0.0,19.3457516191134,0.0,18.346829040848895,0.0,16.92958214368243,0.0,15.211167665162009,0.0,12.940352024212281,0.0,9.983964348646662,0.0,7.125210937817785,0.0,5.238792733801952,0.0,2.977387096357184,0.0
Ngthw,466.7960784313725,0.0,20.08397173866993,0.0,465.8063839552067,0.0,519.0,0.0,468.0,0.0,421.0,0.0,355.0,0.0,282.0,0.0,206.0,0.0,126.0,0.0,78.0,0.0,45.0,0.0,15.416040640525022,0.0,22.781571499789035,0.0,21.633307652783937,0.0,20.518284528683193,0.0,18.841443681416774,0.0,16.792855623746664,0.0,14.352700094407323,0.0,11.224972160321824,0.0,8.831760866327848,0.0,6.708203932499369,0.0,,,,,,,,,,,,,,,,,,,,,3.769639378209691,0.0,,,,,,,,,,,,,,,,,,,,,15.416016578376711,0.0,20.633573293679817,0.0,19.798560919051287,0.0,18.755756103764178,0.0,17.085332267811044,0.0,14.854790320458434,0.0,12.01057990021439,0.0,9.159494331442598,0.0,7.077499138983519,0.0,4.679716079740692,0.0
Nickt,358.85490196078433,0.0,17.640680328734266,0.0,408.6040271264781,0.0,379.0,0.0,340.0,0.0,312.0,0.0,263.0,0.0,220.0,0.0,145.0,0.0,77.0,0.0,30.0,0.0,2.0,0.0,13.755913573242491,0.0,19.467922333931785,0.0,18.439088914585774,0.0,17.663521732655695,0.0,16.217274740226856,0.0,14.832396974191326,0.0,12.041594578792296,0.0,8.774964387392123,0.0,5.477225575051661,0.0,1.4142135623730951,0.0,,,,,,,,,,,,,,,,,,,,,5.000955459917077,0.0,,,,,,,,,,,,,,,,,,,,,13.755579754702032,0.0,17.38671571484123,0.0,16.667646686926812,0.0,15.744930232651415,0.0,14.255963314639299,0.0,12.79892435331434,0.0,9.673484624045827,0.0,6.567115138461443,0.0,4.507173649174626,0.0,0.6618696519470317,0.0
Niger,376.7529411764706,0.0,18.085615517814382,0.0,403.98583122082675,0.0,397.0,0.0,361.0,0.0,320.0,0.0,272.0,0.0,209.0,0.0,138.0,0.0,70.0,0.0,31.0,0.0,16.0,0.0,13.548029144635661,0.0,19.924858845171276,0.0,19.0,0.0,17.88854381999832,0.0,16.492422502470642,0.0,14.45683229480096,0.0,11.74734012447073,0.0,8.366600265340756,0.0,5.5677643628300215,0.0,4.0,0.0,,,,,,,,,,,,,,,,,,,,,6.427137140827156,0.0,,,,,,,,,,,,,,,,,,,,,13.548336181011539,0.0,17.912373821976107,0.0,17.22066738049181,0.0,16.115725337592583,0.0,14.53537116537802,0.0,12.42938493525493,0.0,9.372597935041318,0.0,6.073101946912544,0.0,4.060448985469237,0.0,2.6099998410952274,0.0
Nihri,346.7058823529412,0.0,17.43908208611197,0.0,414.25513062446515,0.0,366.0,0.0,328.0,0.0,300.0,0.0,263.0,0.0,220.0,0.0,142.0,0.0,81.0,0.0,33.0,0.0,5.0,0.0,13.952237787924053,0.0,19.131126469708992,0.0,18.110770276274835,0.0,17.320508075688775,0.0,16.217274740226856,0.0,14.832396974191326,0.0,11.916375287812984,0.0,9.0,0.0,5.744562646538029,0.0,2.23606797749979,0.0,,,,,,,,,,,,,,,,,,,,,8.987465079879014,0.0,,,,,,,,,,,,,,,,,,,,,13.952210485164619,0.0,17.212343191654785,0.0,16.395907774654876,0.0,15.494113781358724,0.0,14.356881117422773,0.0,12.721281403199956,0.0,9.587179968489867,0.0,6.907924900041349,0.0,4.817357074779175,0.0,1.3936760334269074,0.0
Nkhmn,500.27450980392155,0.0,20.943784812222194,0.0,477.44392205457143,0.0,550.0,0.0,495.0,0.0,456.0,0.0,395.0,0.0,329.0,0.0,212.0,0.0,135.0,0.0,87.0,0.0,61.0,0.0,15.830597558522635,0.0,23.45207879911715,0.0,22.24859546128699,0.0,21.354156504062622,0.0,19.87460691435179,0.0,18.138357147217054,0.0,14.560219778561036,0.0,11.61895003862225,0.0,9.327379053088816,0.0,7.810249675906654,0.0,,,,,,,,,,,,,,,,,,,,,2.8200785523583742,0.0,,,,,,,,,,,,,,,,,,,,,15.831016159539395,0.0,21.560995201373018,0.0,20.649359206964515,0.0,19.717314379107968,0.0,18.12348754096739,0.0,16.11691096713888,0.0,12.409949951201765,0.0,9.89763551358821,0.0,8.230474772090007,0.0,6.5198611008923315,0.0
Nlppt,414.1725490196078,0.0,19.027121216611267,0.0,431.2944877744575,0.0,432.0,0.0,396.0,0.0,359.0,0.0,301.0,0.0,248.0,0.0,169.0,0.0,106.0,0.0,59.0,0.0,37.0,0.0,14.549574455799032,0.0,20.784609690826528,0.0,19.8997487421324,0.0,18.947295321496416,0.0,17.349351572897472,0.0,15.748015748023622,0.0,13.0,0.0,10.295630140987,0.0,7.681145747868608,0.0,6.082762530298219,0.0,,,,,,,,,,,,,,,,,,,,,4.51257689885863,0.0,,,,,,,,,,,,,,,,,,,,,14.549562921318888,0.0,18.785042496811897,0.0,18.11850467978215,0.0,17.103649530929037,0.0,15.52977910317382,0.0,13.798313394746721,0.0,10.885557644693378,0.0,8.464068160055248,0.0,6.648514603987442,0.0,5.271257419921842,0.0
Nmtdn,461.035294117647,0.0,20.0064741539787,0.0,471.5477013495748,0.0,505.0,0.0,469.0,0.0,415.0,0.0,365.0,0.0,295.0,0.0,207.0,0.0,133.0,0.0,71.0,0.0,57.0,0.0,15.62166155870527,0.0,22.47220505424423,0.0,21.656407827707714,0.0,20.37154878746336,0.0,19.1049731745428,0.0,17.175564037317667,0.0,14.38749456993816,0.0,11.532562594670797,0.0,8.426149773176359,0.0,7.54983443527075,0.0,,,,,,,,,,,,,,,,,,,,,3.575991658118365,0.0,,,,,,,,,,,,,,,,,,,,,15.621794287558227,0.0,20.389457995684424,0.0,19.70772447352713,0.0,18.753028782356576,0.0,17.35917093279991,0.0,15.18431320223828,0.0,12.124950469876138,0.0,9.641356071948682,0.0,7.296167179389945,0.0,6.508959752280443,0.0
Nndkr,432.14509803921567,0.0,19.457111225449765,0.0,409.5835051685551,0.0,458.0,0.0,424.0,0.0,389.0,0.0,321.0,0.0,241.0,0.0,148.0,0.0,77.0,0.0,38.0,0.0,11.0,0.0,13.726851038028672,0.0,21.400934559032695,0.0,20.591260281974,0.0,19.72308292331602,0.0,17.916472867168917,0.0,15.524174696260024,0.0,12.165525060596439,0.0,8.774964387392123,0.0,6.164414002968976,0.0,3.3166247903554,0.0,,,,,,,,,,,,,,,,,,,,,5.075089771751608,0.0,,,,,,,,,,,,,,,,,,,,,13.727156519648755,0.0,19.64919548363426,0.0,18.969022171684603,0.0,17.94699028677201,0.0,15.974994772302415,0.0,13.44690980382481,0.0,9.772699850030365,0.0,6.8851319417611245,0.0,5.370131417507696,0.0,2.6003694233226256,0.0
Nnknl,418.6941176470588,0.0,19.208694606384718,0.0,410.53671955357953,0.0,434.0,0.0,408.0,0.0,376.0,0.0,308.0,0.0,240.0,0.0,155.0,0.0,78.0,0.0,43.0,0.0,11.0,0.0,13.909082579140936,0.0,20.83266665599966,0.0,20.199009876724155,0.0,19.390719429665317,0.0,17.549928774784245,0.0,15.491933384829668,0.0,12.449899597988733,0.0,8.831760866327848,0.0,6.557438524302,0.0,3.3166247903554,0.0,,,,,,,,,,,,,,,,,,,,,5.877002779914515,0.0,,,,,,,,,,,,,,,,,,,,,13.909612077109937,0.0,19.145063257739604,0.0,18.723634729096542,0.0,17.680493499404417,0.0,15.624619999967843,0.0,13.423263316768672,0.0,10.04206211799781,0.0,6.928462400550873,0.0,5.641499953563841,0.0,2.3615486160808588,0.0
Noito,346.51372549019607,0.0,17.230718793099555,0.0,377.3259402342793,0.0,361.0,0.0,328.0,0.0,284.0,0.0,230.0,0.0,184.0,0.0,116.0,0.0,55.0,0.0,9.0,0.0,0.0,0.0,12.656933754554233,0.0,19.0,0.0,18.110770276274835,0.0,16.852299546352718,0.0,15.165750888103101,0.0,13.564659966250536,0.0,10.770329614269007,0.0,7.416198487095663,0.0,3.0,0.0,0.0,0.0,,,,,,,,,,,,,,,,,,,,,7.1325614130313655,0.0,,,,,,,,,,,,,,,,,,,,,12.657367584407845,0.0,16.96529253753581,0.0,16.200300589551958,0.0,15.115067585886107,0.0,13.333539353964797,0.0,11.634425606696631,0.0,8.33433917746704,0.0,5.186686758793646,0.0,2.1585805222307446,0.0,0.0,0.0
Nonne,401.48627450980393,0.0,18.655989284366374,0.0,348.3048858976334,0.0,404.0,0.0,373.0,0.0,328.0,0.0,259.0,0.0,185.0,0.0,92.0,0.0,26.0,0.0,1.0,0.0,0.0,0.0,11.771144433972385,0.0,20.09975124224178,0.0,19.313207915827967,0.0,18.110770276274835,0.0,16.09347693943108,0.0,13.601470508735444,0.0,9.591663046625438,0.0,5.0990195135927845,0.0,1.0,0.0,0.0,0.0,,,,,,,,,,,,,,,,,,,,,3.7949809573436686,0.0,,,,,,,,,,,,,,,,,,,,,11.771307390826033,0.0,18.32942837916342,0.0,17.644906487328583,0.0,16.33354397375556,0.0,14.203526267837184,0.0,11.51101168666706,0.0,7.079998731418956,0.0,2.985813059806472,0.0,0.3642427973783158,0.0,0.0,0.0
Norto,351.54117647058825,0.0,17.368708024906187,0.0,371.44996557896195,0.0,363.0,0.0,333.0,0.0,287.0,0.0,231.0,0.0,182.0,0.0,112.0,0.0,54.0,0.0,5.0,0.0,0.0,0.0,12.434143137368197,0.0,19.05255888325765,0.0,18.24828759089466,0.0,16.941074346097416,0.0,15.198684153570664,0.0,13.490737563232042,0.0,10.583005244258363,0.0,7.3484692283495345,0.0,2.23606797749979,0.0,0.0,0.0,,,,,,,,,,,,,,,,,,,,,6.9454471029107445,0.0,,,,,,,,,,,,,,,,,,,,,12.434066487254846,0.0,17.05309244297728,0.0,16.333889428017933,0.0,15.136184416344845,0.0,13.35476194973696,0.0,11.50384626144957,0.0,8.146599562264084,0.0,5.117874193875777,0.0,1.1671874579532526,0.0,0.0,0.0
Norvo,356.5098039215686,0.0,17.500761778333864,0.0,374.59213121569735,0.0,365.0,0.0,337.0,0.0,295.0,0.0,238.0,0.0,185.0,0.0,116.0,0.0,55.0,0.0,5.0,0.0,0.0,0.0,12.562872862940244,0.0,19.1049731745428,0.0,18.35755975068582,0.0,17.175564037317667,0.0,15.427248620541512,0.0,13.601470508735444,0.0,10.770329614269007,0.0,7.416198487095663,0.0,2.23606797749979,0.0,0.0,0.0,,,,,,,,,,,,,,,,,,,,,6.316202699442699,0.0,,,,,,,,,,,,,,,,,,,,,12.562627547010488,0.0,17.14750075303164,0.0,16.428239709385718,0.0,15.317034216362641,0.0,13.502197363717098,0.0,11.51706089890737,0.0,8.126718753657668,0.0,4.9351839556683625,0.0,1.13544025950269,0.0,0.0,0.0
Notar,352.69019607843137,0.0,17.392497730815343,0.0,367.9528642353264,0.0,358.0,0.0,330.0,0.0,285.0,0.0,229.0,0.0,178.0,0.0,116.0,0.0,47.0,0.0,4.0,0.0,0.0,0.0,12.374490716156696,0.0,18.920887928424502,0.0,18.16590212458495,0.0,16.881943016134134,0.0,15.132745950421556,0.0,13.341664064126334,0.0,10.770329614269007,0.0,6.855654600401044,0.0,2.0,0.0,0.0,0.0,,,,,,,,,,,,,,,,,,,,,8.016896270079569,0.0,,,,,,,,,,,,,,,,,,,,,12.374540401433949,0.0,16.852566253436176,0.0,16.257081913605965,0.0,15.047375430243687,0.0,13.20025351560292,0.0,11.36653063180829,0.0,8.297841618356548,0.0,4.607469902565462,0.0,1.120018249235607,0.0,0.0,0.0
Noten,376.8156862745098,0.0,18.02949695573173,0.0,359.49145278378484,0.0,384.0,0.0,355.0,0.0,306.0,0.0,243.0,0.0,180.0,0.0,100.0,0.0,37.0,0.0,5.0,0.0,0.0,0.0,12.089097010442664,0.0,19.595917942265423,0.0,18.841443681416774,0.0,17.4928556845359,0.0,15.588457268119896,0.0,13.416407864998739,0.0,10.0,0.0,6.082762530298219,0.0,2.23606797749979,0.0,0.0,0.0,,,,,,,,,,,,,,,,,,,,,4.613758024277912,0.0,,,,,,,,,,,,,,,,,,,,,12.089082056299432,0.0,17.60840666396282,0.0,16.97634064051243,0.0,15.797006093045871,0.0,13.708312349883334,0.0,11.405009002760758,0.0,7.676701872866956,0.0,3.997911168533968,0.0,1.2247291834213152,0.0,0.0,0.0
Novum,433.6156862745098,0.0,19.345497505643756,0.0,444.8885338797503,0.0,481.0,0.0,439.0,0.0,381.0,0.0,320.0,0.0,255.0,0.0,179.0,0.0,109.0,0.0,58.0,0.0,47.0,0.0,14.802607015670935,0.0,21.93171219946131,0.0,20.952326839756964,0.0,19.519221295943137,0.0,17.88854381999832,0.0,15.968719422671311,0.0,13.379088160259652,0.0,10.44030650891055,0.0,7.615773105863909,0.0,6.855654600401044,0.0,,,,,,,,,,,,,,,,,,,,,6.026359103365894,0.0,,,,,,,,,,,,,,,,,,,,,14.802462916517257,0.0,19.637363476012826,0.0,18.863612203144008,0.0,17.705105889444358,0.0,15.889851694658228,0.0,14.03609363907493,0.0,10.992415902252182,0.0,8.511925281175087,0.0,6.424207010458308,0.0,5.835571536286989,0.0
Npbtb,451.9058823529412,0.0,19.681619635594018,0.0,419.2994028287352,0.0,491.0,0.0,463.0,0.0,411.0,0.0,315.0,0.0,251.0,0.0,159.0,0.0,84.0,0.0,43.0,0.0,22.0,0.0,13.963332536100879,0.0,22.15851980616034,0.0,21.517434791350013,0.0,20.273134932713294,0.0,17.74823934929885,0.0,15.84297951775486,0.0,12.609520212918492,0.0,9.16515138991168,0.0,6.557438524302,0.0,4.69041575982343,0.0,,,,,,,,,,,,,,,,,,,,,4.208641417999533,0.0,,,,,,,,,,,,,,,,,,,,,13.963588584774119,0.0,20.377276601622405,0.0,19.837851662874673,0.0,18.485071387925945,0.0,15.832931100816634,0.0,13.834520578172537,0.0,10.537482453290762,0.0,7.19809409495671,0.0,5.230957367571597,0.0,3.713120058103497,0.0
Nrffr,338.6235294117647,0.0,17.17369258581016,0.0,417.40293645201456,0.0,339.0,0.0,318.0,0.0,294.0,0.0,253.0,0.0,220.0,0.0,162.0,0.0,94.0,0.0,38.0,0.0,14.0,0.0,14.099697927107988,0.0,18.411952639521967,0.0,17.832554500127006,0.0,17.146428199482248,0.0,15.905973720586866,0.0,14.832396974191326,0.0,12.727922061357855,0.0,9.695359714832659,0.0,6.164414002968976,0.0,3.7416573867739413,0.0,,,,,,,,,,,,,,,,,,,,,7.5198520756803156,0.0,,,,,,,,,,,,,,,,,,,,,14.09979785931396,0.0,16.596783226871754,0.0,16.140918298831927,0.0,15.414397582057887,0.0,14.033649207414763,0.0,12.818305656417657,0.0,10.331015674551292,0.0,7.63139582443615,0.0,5.039137866372222,0.0,2.812850525073717,0.0
Nstds,374.7882352941176,0.0,17.91896964893651,0.0,383.0055027766301,0.0,393.0,0.0,356.0,0.0,304.0,0.0,251.0,0.0,188.0,0.0,128.0,0.0,61.0,0.0,22.0,0.0,10.0,0.0,12.874310806242798,0.0,19.82422760159901,0.0,18.867962264113206,0.0,17.435595774162696,0.0,15.84297951775486,0.0,13.711309200802088,0.0,11.313708498984761,0.0,7.810249675906654,0.0,4.69041575982343,0.0,3.1622776601683795,0.0,,,,,,,,,,,,,,,,,,,,,4.498692174699292,0.0,,,,,,,,,,,,,,,,,,,,,12.874247634981758,0.0,17.63247919246119,0.0,16.89790686004398,0.0,15.643991210579491,0.0,13.981476160073106,0.0,11.72579955732899,0.0,8.926123480769705,0.0,5.921618880791166,0.0,3.8424903254394036,0.0,2.507151044228732,0.0
Nthsl,372.0156862745098,0.0,18.010099264285564,0.0,415.1597592417109,0.0,402.0,0.0,353.0,0.0,314.0,0.0,271.0,0.0,222.0,0.0,145.0,0.0,84.0,0.0,49.0,0.0,14.0,0.0,13.986566699353954,0.0,20.049937655763422,0.0,18.788294228055936,0.0,17.72004514666935,0.0,16.46207763315433,0.0,14.89966442575134,0.0,12.041594578792296,0.0,9.16515138991168,0.0,7.0,0.0,3.7416573867739413,0.0,,,,,,,,,,,,,,,,,,,,,6.875789132503899,0.0,,,,,,,,,,,,,,,,,,,,,13.986528988948752,0.0,17.917879177757033,0.0,17.00296556357956,0.0,15.934178793653723,0.0,14.612062594868307,0.0,12.874761796188588,0.0,9.932997282675013,0.0,7.376441927260332,0.0,5.945332650045179,0.0,2.596220739715868,0.0
Nudel,403.443137254902,0.0,18.77510028252826,0.0,396.2865960427956,0.0,430.0,0.0,393.0,0.0,343.0,0.0,278.0,0.0,207.0,0.0,127.0,0.0,73.0,0.0,40.0,0.0,17.0,0.0,13.33206401089566,0.0,20.73644135332772,0.0,19.82422760159901,0.0,18.520259177452136,0.0,16.673332000533065,0.0,14.38749456993816,0.0,11.269427669584644,0.0,8.54400374531753,0.0,6.324555320336759,0.0,4.123105625617661,0.0,,,,,,,,,,,,,,,,,,,,,6.603981666161227,0.0,,,,,,,,,,,,,,,,,,,,,13.332437120019557,0.0,18.768128614069592,0.0,18.019588629586853,0.0,16.750268196989637,0.0,14.810621958303123,0.0,12.431123374458144,0.0,9.12880698542893,0.0,6.856046232187845,0.0,5.444252118895436,0.0,3.2992385274430345,0.0
Nutte,359.5254901960784,0.0,17.613542463791845,0.0,369.25597022782733,0.0,378.0,0.0,341.0,0.0,296.0,0.0,231.0,0.0,179.0,0.0,102.0,0.0,47.0,0.0,8.0,0.0,0.0,0.0,12.387222243980172,0.0,19.44222209522358,0.0,18.466185312619388,0.0,17.204650534085253,0.0,15.198684153570664,0.0,13.379088160259652,0.0,10.099504938362077,0.0,6.855654600401044,0.0,2.8284271247461903,0.0,0.0,0.0,,,,,,,,,,,,,,,,,,,,,7.340666447428191,0.0,,,,,,,,,,,,,,,,,,,,,12.387333534695427,0.0,17.331461636393875,0.0,16.48644431671024,0.0,15.475865241371109,0.0,13.30858517620995,0.0,11.428470427653833,0.0,7.912546164420229,0.0,4.861405228053392,0.0,1.6211728669447507,0.0,0.0,0.0
Nutve,364.49411764705883,0.0,17.74377418959533,0.0,372.3981358645626,0.0,380.0,0.0,345.0,0.0,304.0,0.0,238.0,0.0,182.0,0.0,106.0,0.0,48.0,0.0,8.0,0.0,0.0,0.0,12.516434553481954,0.0,19.493588689617926,0.0,18.57417562100671,0.0,17.435595774162696,0.0,15.427248620541512,0.0,13.490737563232042,0.0,10.295630140987,0.0,6.928203230275509,0.0,2.8284271247461903,0.0,0.0,0.0,,,,,,,,,,,,,,,,,,,,,6.752380359838537,0.0,,,,,,,,,,,,,,,,,,,,,12.51631785600524,0.0,17.426406542118496,0.0,16.587651933899124,0.0,15.665100209129184,0.0,13.456975758464537,0.0,11.439166485014912,0.0,7.888738144485057,0.0,4.667322105255517,0.0,1.5953611107468333,0.0,0.0,0.0
Nutzu,380.18039215686275,0.0,18.179328835913058,0.0,377.8118405671511,0.0,406.0,0.0,376.0,0.0,325.0,0.0,248.0,0.0,194.0,0.0,111.0,0.0,42.0,0.0,8.0,0.0,0.0,0.0,12.6248285205038,0.0,20.149441679609886,0.0,19.390719429665317,0.0,18.027756377319946,0.0,15.748015748023622,0.0,13.92838827718412,0.0,10.535653752852738,0.0,6.48074069840786,0.0,2.8284271247461903,0.0,0.0,0.0,,,,,,,,,,,,,,,,,,,,,5.016984698670624,0.0,,,,,,,,,,,,,,,,,,,,,12.624823138355286,0.0,18.134395094832332,0.0,17.414702460853757,0.0,16.137943276025908,0.0,13.61176903143769,0.0,11.777759012159407,0.0,8.06634225974365,0.0,4.349881448813828,0.0,1.5609609846064603,0.0,0.0,0.0
Nylen,384.7294117647059,0.0,18.308193311462308,0.0,408.477209223219,0.0,400.0,0.0,373.0,0.0,332.0,0.0,276.0,0.0,227.0,0.0,147.0,0.0,79.0,0.0,35.0,0.0,17.0,0.0,13.777595003337277,0.0,20.0,0.0,19.313207915827967,0.0,18.2208671582886,0.0,16.61324772583615,0.0,15.066519173319364,0.0,12.12435565298214,0.0,8.888194417315589,0.0,5.916079783099616,0.0,4.123105625617661,0.0,,,,,,,,,,,,,,,,,,,,,4.861597927957347,0.0,,,,,,,,,,,,,,,,,,,,,13.777564414696682,0.0,18.088648518043602,0.0,17.54977209745985,0.0,16.4967138570044,0.0,14.751586810395477,0.0,13.048352821672426,0.0,9.874754639290424,0.0,6.902833121434234,0.0,4.919993247393007,0.0,3.1615469869993906,0.0
Nägel,417.46274509803925,0.0,18.991138183075236,0.0,406.2088147554215,0.0,444.0,0.0,406.0,0.0,350.0,0.0,286.0,0.0,218.0,0.0,146.0,0.0,80.0,0.0,51.0,0.0,29.0,0.0,13.679476771930716,0.0,21.071307505705477,0.0,20.149441679609886,0.0,18.708286933869708,0.0,16.911534525287763,0.0,14.7648230602334,0.0,12.083045973594572,0.0,8.94427190999916,0.0,7.14142842854285,0.0,5.385164807134504,0.0,,,,,,,,,,,,,,,,,,,,,6.764894919916543,0.0,,,,,,,,,,,,,,,,,,,,,13.679823645625998,0.0,19.134281315610686,0.0,18.46699481680741,0.0,17.009465119100785,0.0,15.11591341141131,0.0,12.856156162379406,0.0,9.948505488686736,0.0,7.032557136453785,0.0,5.78163099559733,0.0,3.8779515705530363,0.0
Näher,402.0745098039216,0.0,18.664191218296633,0.0,375.2549956400014,0.0,420.0,0.0,378.0,0.0,331.0,0.0,273.0,0.0,197.0,0.0,110.0,0.0,50.0,0.0,24.0,0.0,8.0,0.0,12.638136765391046,0.0,20.493901531919196,0.0,19.44222209522358,0.0,18.193405398660254,0.0,16.522711641858304,0.0,14.035668847618199,0.0,10.488088481701515,0.0,7.0710678118654755,0.0,4.898979485566356,0.0,2.8284271247461903,0.0,,,,,,,,,,,,,,,,,,,,,8.0133683681595,0.0,,,,,,,,,,,,,,,,,,,,,12.638462970997356,0.0,18.603909845141647,0.0,17.769927017602377,0.0,16.401418290214934,0.0,14.640601514556735,0.0,12.01453885510878,0.0,8.406976257758439,0.0,5.48148164303416,0.0,4.411378568518732,0.0,2.1612940189548366,0.0
Nähte,406.2156862745098,0.0,18.718225466880906,0.0,377.9003871354405,0.0,433.0,0.0,382.0,0.0,333.0,0.0,271.0,0.0,205.0,0.0,112.0,0.0,56.0,0.0,26.0,0.0,8.0,0.0,12.744060848235891,0.0,20.808652046684813,0.0,19.544820285692065,0.0,18.24828759089466,0.0,16.46207763315433,0.0,14.317821063276353,0.0,10.583005244258363,0.0,7.483314773547883,0.0,5.0990195135927845,0.0,2.8284271247461903,0.0,,,,,,,,,,,,,,,,,,,,,6.487258597681026,0.0,,,,,,,,,,,,,,,,,,,,,12.744232377906258,0.0,18.89108211224749,0.0,17.861350252956992,0.0,16.555732348986933,0.0,14.666620350441656,0.0,12.323244256984214,0.0,8.606907952577119,0.0,5.921742250024954,0.0,4.512967637898157,0.0,2.1612940189548366,0.0
Nässe,368.7294117647059,0.0,17.70009720267764,0.0,348.58413203640265,0.0,380.0,0.0,331.0,0.0,273.0,0.0,221.0,0.0,166.0,0.0,92.0,0.0,35.0,0.0,11.0,0.0,5.0,0.0,11.733224109174778,0.0,19.493588689617926,0.0,18.193405398660254,0.0,16.522711641858304,0.0,14.866068747318506,0.0,12.884098726725126,0.0,9.591663046625438,0.0,5.916079783099616,0.0,3.3166247903554,0.0,2.23606797749979,0.0,,,,,,,,,,,,,,,,,,,,,7.084320244195476,0.0,,,,,,,,,,,,,,,,,,,,,11.733077003162155,0.0,17.516410011940064,0.0,16.49030094019088,0.0,14.708315221249718,0.0,12.997624074920056,0.0,10.742673740984293,0.0,7.330026648200741,0.0,4.0023024881917575,0.0,2.499368087884705,0.0,1.912422272232873,0.0
Nöblö,420.0588235294118,0.0,18.960024317149017,0.0,410.5876113959284,0.0,457.0,0.0,420.0,0.0,368.0,0.0,287.0,0.0,225.0,0.0,150.0,0.0,84.0,0.0,43.0,0.0,14.0,0.0,13.707689174249138,0.0,21.37755832643195,0.0,20.493901531919196,0.0,19.183326093250876,0.0,16.941074346097416,0.0,15.0,0.0,12.24744871391589,0.0,9.16515138991168,0.0,6.557438524302,0.0,3.7416573867739413,0.0,,,,,,,,,,,,,,,,,,,,,4.49372088242704,0.0,,,,,,,,,,,,,,,,,,,,,13.706776914685303,0.0,19.550425310063382,0.0,18.747601329341048,0.0,17.40804467864629,0.0,15.133956983569183,0.0,13.098422073245986,0.0,10.109617815572234,0.0,7.346650921463597,0.0,5.93205751020659,0.0,2.7851446738287304,0.0
Nöbst,395.81176470588235,0.0,18.3327062910489,0.0,382.33168733278796,0.0,421.0,0.0,384.0,0.0,329.0,0.0,255.0,0.0,198.0,0.0,124.0,0.0,57.0,0.0,23.0,0.0,5.0,0.0,12.806486581069375,0.0,20.518284528683193,0.0,19.595917942265423,0.0,18.138357147217054,0.0,15.968719422671311,0.0,14.071247279470288,0.0,11.135528725660043,0.0,7.54983443527075,0.0,4.795831523312719,0.0,2.23606797749979,0.0,,,,,,,,,,,,,,,,,,,,,8.124939375985104,0.0,,,,,,,,,,,,,,,,,,,,,12.80621231308546,0.0,18.43888026142263,0.0,17.741484526054048,0.0,16.28276144278199,0.0,14.064917299731478,0.0,12.054240562983054,0.0,8.90056136620646,0.0,5.578692727218025,0.0,3.8334090129016403,0.0,1.4817878886653488,0.0
Nöckö,418.8705882352941,0.0,18.940051117464808,0.0,397.8524120373748,0.0,450.0,0.0,404.0,0.0,360.0,0.0,287.0,0.0,221.0,0.0,139.0,0.0,74.0,0.0,37.0,0.0,9.0,0.0,13.333508985301094,0.0,21.213203435596427,0.0,20.09975124224178,0.0,18.973665961010276,0.0,16.941074346097416,0.0,14.866068747318506,0.0,11.789826122551595,0.0,8.602325267042627,0.0,6.082762530298219,0.0,3.0,0.0,,,,,,,,,,,,,,,,,,,,,3.3455823439939447,0.0,,,,,,,,,,,,,,,,,,,,,13.332063742471693,0.0,19.245160059680575,0.0,18.29122004719199,0.0,17.09451363250302,0.0,15.028864192424729,0.0,12.928736657479778,0.0,9.539622458058144,0.0,6.794772980075471,0.0,5.510646676717545,0.0,2.199075077056283,0.0
Nösön,405.2117647058824,0.0,18.589469223543524,0.0,371.6199736510328,0.0,424.0,0.0,381.0,0.0,328.0,0.0,263.0,0.0,195.0,0.0,119.0,0.0,53.0,0.0,19.0,0.0,7.0,0.0,12.524298386048823,0.0,20.591260281974,0.0,19.519221295943137,0.0,18.110770276274835,0.0,16.217274740226856,0.0,13.96424004376894,0.0,10.908712114635714,0.0,7.280109889280518,0.0,4.358898943540674,0.0,2.6457513110645907,0.0,,,,,,,,,,,,,,,,,,,,,3.535887285145927,0.0,,,,,,,,,,,,,,,,,,,,,12.523869564718627,0.0,18.632582179169933,0.0,17.70323054282351,0.0,16.291488393545663,0.0,14.29353760348595,0.0,11.832299238020065,0.0,8.452529382186684,0.0,5.398586190244685,0.0,3.9548123681344003,0.0,2.1087896002236026,0.0
Obhut,417.81960784313725,0.0,18.8777853698216,0.0,384.1498146663313,0.0,455.0,0.0,403.0,0.0,344.0,0.0,266.0,0.0,192.0,0.0,117.0,0.0,69.0,0.0,46.0,0.0,11.0,0.0,12.937054253330821,0.0,21.330729007701542,0.0,20.074859899884732,0.0,18.547236990991408,0.0,16.30950643030009,0.0,13.856406460551018,0.0,10.816653826391969,0.0,8.306623862918075,0.0,6.782329983125268,0.0,3.3166247903554,0.0,,,,,,,,,,,,,,,,,,,,,5.835430958005185,0.0,,,,,,,,,,,,,,,,,,,,,12.937200839800171,0.0,19.158783718560933,0.0,18.14467968213437,0.0,16.553281037620213,0.0,14.17289674203834,0.0,11.81657136256217,0.0,8.986813448695647,0.0,6.735931112524703,0.0,5.520207513088501,0.0,2.3311735394367963,0.0
Ochse,367.70980392156866,0.0,17.67323548745831,0.0,357.2534487180522,0.0,385.0,0.0,322.0,0.0,279.0,0.0,225.0,0.0,155.0,0.0,88.0,0.0,55.0,0.0,38.0,0.0,3.0,0.0,12.089453476524158,0.0,19.621416870348583,0.0,17.944358444926362,0.0,16.703293088490067,0.0,15.0,0.0,12.449899597988733,0.0,9.38083151964686,0.0,7.416198487095663,0.0,6.164414002968976,0.0,1.7320508075688772,0.0,,,,,,,,,,,,,,,,,,,,,3.6090222116043016,0.0,,,,,,,,,,,,,,,,,,,,,12.089219176134419,0.0,17.49087961908367,0.0,16.10950699839579,0.0,14.852041420321562,0.0,12.952500832994131,0.0,10.319523682514168,0.0,7.575876761484246,0.0,5.9064250813317765,0.0,4.951724983855713,0.0,1.0076972804339992,0.0
Odalt,373.31764705882347,0.0,17.853561273162384,0.0,386.28477645222944,0.0,386.0,0.0,343.0,0.0,296.0,0.0,232.0,0.0,179.0,0.0,131.0,0.0,88.0,0.0,52.0,0.0,15.0,0.0,13.179322183670319,0.0,19.6468827043885,0.0,18.520259177452136,0.0,17.204650534085253,0.0,15.231546211727817,0.0,13.379088160259652,0.0,11.445523142259598,0.0,9.38083151964686,0.0,7.211102550927978,0.0,3.872983346207417,0.0,,,,,,,,,,,,,,,,,,,,,7.7888558932112515,0.0,,,,,,,,,,,,,,,,,,,,,13.179166378991084,0.0,17.57629502762965,0.0,16.73586034997457,0.0,15.442479271097678,0.0,13.450696846528752,0.0,11.55981159303285,0.0,9.569886923086012,0.0,7.703307831698782,0.0,6.1486874572671635,0.0,3.125888126360599,0.0
Oenin,364.8862745098039,0.0,17.69787802483913,0.0,352.6450408058033,0.0,360.0,0.0,327.0,0.0,287.0,0.0,228.0,0.0,168.0,0.0,92.0,0.0,47.0,0.0,23.0,0.0,0.0,0.0,12.084209085561357,0.0,18.973665961010276,0.0,18.083141320025124,0.0,16.941074346097416,0.0,15.0996688705415,0.0,12.96148139681572,0.0,9.591663046625438,0.0,6.855654600401044,0.0,4.795831523312719,0.0,0.0,0.0,,,,,,,,,,,,,,,,,,,,,4.03107405241865,0.0,,,,,,,,,,,,,,,,,,,,,12.084221490801124,0.0,17.21909216519499,0.0,16.399290444570564,0.0,15.158078918526996,0.0,13.089824302438196,0.0,10.841644871077063,0.0,7.4759467689125625,0.0,5.0193838225479235,0.0,3.550026835288406,0.0,0.0,0.0
Ohnst,382.4235294117647,0.0,18.077740618848168,0.0,363.3238506747867,0.0,390.0,0.0,345.0,0.0,297.0,0.0,236.0,0.0,171.0,0.0,102.0,0.0,62.0,0.0,39.0,0.0,12.0,0.0,12.44098146087388,0.0,19.748417658131498,0.0,18.57417562100671,0.0,17.233687939614086,0.0,15.362291495737216,0.0,13.076696830622021,0.0,10.099504938362077,0.0,7.874007874011811,0.0,6.244997998398398,0.0,3.4641016151377544,0.0,,,,,,,,,,,,,,,,,,,,,7.701705339110075,0.0,,,,,,,,,,,,,,,,,,,,,12.440916701042047,0.0,17.706021948355314,0.0,16.825644291265284,0.0,15.392275507419512,0.0,13.375987039973854,0.0,11.043277449950292,0.0,8.207198944236584,0.0,6.312177380377254,0.0,5.006176643642081,0.0,3.000484787208892,0.0
Ohren,386.7372549019608,0.0,18.267255145051482,0.0,360.0351793808531,0.0,389.0,0.0,353.0,0.0,307.0,0.0,240.0,0.0,165.0,0.0,102.0,0.0,60.0,0.0,35.0,0.0,12.0,0.0,12.274173212815814,0.0,19.72308292331602,0.0,18.788294228055936,0.0,17.52141546793523,0.0,15.491933384829668,0.0,12.84523257866513,0.0,10.099504938362077,0.0,7.745966692414834,0.0,5.916079783099616,0.0,3.4641016151377544,0.0,,,,,,,,,,,,,,,,,,,,,4.414429692543428,0.0,,,,,,,,,,,,,,,,,,,,,12.274295508563293,0.0,17.89641221528509,0.0,17.055017200742274,0.0,15.677342061704753,0.0,13.45592701252659,0.0,10.810757468314986,0.0,8.277201229838587,0.0,6.193251617330188,0.0,4.859346948204329,0.0,3.000484787208892,0.0
Olymp,444.5764705882352,0.0,19.548807204777624,0.0,491.2360092653335,0.0,493.0,0.0,435.0,0.0,387.0,0.0,340.0,0.0,288.0,0.0,226.0,0.0,175.0,0.0,115.0,0.0,77.0,0.0,16.274027728545857,0.0,22.20360331117452,0.0,20.85665361461421,0.0,19.672315572906,0.0,18.439088914585774,0.0,16.97056274847714,0.0,15.033296378372908,0.0,13.228756555322953,0.0,10.723805294763608,0.0,8.774964387392123,0.0,,,,,,,,,,,,,,,,,,,,,7.6142403758517965,0.0,,,,,,,,,,,,,,,,,,,,,16.274060626896155,0.0,20.03510608790174,0.0,19.038448945435796,0.0,17.97158540975309,0.0,16.751903008954105,0.0,15.13362630337746,0.0,13.128267862980483,0.0,11.313068534764591,0.0,9.088392776355521,0.0,7.414361128312117,0.0
Onkel,391.04705882352937,0.0,18.411682849741823,0.0,388.1650635911802,0.0,406.0,0.0,365.0,0.0,324.0,0.0,257.0,0.0,187.0,0.0,129.0,0.0,82.0,0.0,60.0,0.0,11.0,0.0,13.24019967147785,0.0,20.149441679609886,0.0,19.1049731745428,0.0,18.0,0.0,16.0312195418814,0.0,13.674794331177344,0.0,11.357816691600547,0.0,9.055385138137417,0.0,7.745966692414834,0.0,3.3166247903554,0.0,,,,,,,,,,,,,,,,,,,,,5.784508958847124,0.0,,,,,,,,,,,,,,,,,,,,,13.240551640084945,0.0,18.25589671691312,0.0,17.478045201550938,0.0,16.241735194694094,0.0,14.026167028732697,0.0,11.718300683857475,0.0,9.464448849148122,0.0,7.440125917767469,0.0,6.392291114167588,0.0,2.3615486160808588,0.0
Onreh,386.7372549019608,0.0,18.267255145051482,0.0,362.02645668483535,0.0,398.0,0.0,356.0,0.0,311.0,0.0,241.0,0.0,165.0,0.0,106.0,0.0,58.0,0.0,36.0,0.0,5.0,0.0,12.289053502250876,0.0,19.949937343260004,0.0,18.867962264113206,0.0,17.635192088548397,0.0,15.524174696260024,0.0,12.84523257866513,0.0,10.295630140987,0.0,7.615773105863909,0.0,6.0,0.0,2.23606797749979,0.0,,,,,,,,,,,,,,,,,,,,,4.362241320024177,0.0,,,,,,,,,,,,,,,,,,,,,12.289071476267091,0.0,18.061325109989305,0.0,17.156235669029822,0.0,15.778827730559517,0.0,13.444487269436134,0.0,10.745195019741557,0.0,8.360263878266874,0.0,6.12790971383671,0.0,4.888325613604138,0.0,1.4706755745363886,0.0
Opern,388.0705882352941,0.0,18.264314247535225,0.0,370.1963875457935,0.0,390.0,0.0,357.0,0.0,311.0,0.0,246.0,0.0,186.0,0.0,111.0,0.0,66.0,0.0,38.0,0.0,16.0,0.0,12.631450544723632,0.0,19.748417658131498,0.0,18.894443627691185,0.0,17.635192088548397,0.0,15.684387141358123,0.0,13.638181696985855,0.0,10.535653752852738,0.0,8.12403840463596,0.0,6.164414002968976,0.0,4.0,0.0,,,,,,,,,,,,,,,,,,,,,5.452483305094755,0.0,,,,,,,,,,,,,,,,,,,,,12.63177109062413,0.0,17.89847190013145,0.0,17.205926292550043,0.0,15.783896080633518,0.0,13.708021197662063,0.0,11.533781519432447,0.0,8.604835143612142,0.0,6.53429880615887,0.0,4.912676961742655,0.0,3.4447818264180055,0.0
Opfer,373.0078431372549,0.0,17.876465749181545,0.0,382.40218863808775,0.0,378.0,0.0,339.0,0.0,298.0,0.0,237.0,0.0,174.0,0.0,127.0,0.0,84.0,0.0,52.0,0.0,23.0,0.0,13.05364860647881,0.0,19.44222209522358,0.0,18.411952639521967,0.0,17.26267650163207,0.0,15.394804318340652,0.0,13.19090595827292,0.0,11.269427669584644,0.0,9.16515138991168,0.0,7.211102550927978,0.0,4.795831523312719,0.0,,,,,,,,,,,,,,,,,,,,,7.98690582163663,0.0,,,,,,,,,,,,,,,,,,,,,13.053939729905379,0.0,17.392260273353426,0.0,16.585183958569157,0.0,15.414537623999236,0.0,13.399921368480324,0.0,11.274948700242321,0.0,9.403088881606132,0.0,7.587426531666443,0.0,5.907765447213794,0.0,3.974847117993393,0.0
Oppig,442.65490196078434,0.0,19.48956759155537,0.0,420.54201904360843,0.0,473.0,0.0,421.0,0.0,369.0,0.0,295.0,0.0,230.0,0.0,164.0,0.0,115.0,0.0,83.0,0.0,46.0,0.0,14.25965769153397,0.0,21.748563170931547,0.0,20.518284528683193,0.0,19.209372712298546,0.0,17.175564037317667,0.0,15.165750888103101,0.0,12.806248474865697,0.0,10.723805294763608,0.0,9.1104335791443,0.0,6.782329983125268,0.0,,,,,,,,,,,,,,,,,,,,,4.604544175452612,0.0,,,,,,,,,,,,,,,,,,,,,14.259741729313118,0.0,19.769787386755954,0.0,18.845048909583785,0.0,17.37363758052383,0.0,15.27739542106063,0.0,13.24542556537047,0.0,10.90138305795132,0.0,8.88357469313593,0.0,7.359083174380817,0.0,5.448231441855644,0.0
Optik,388.74901960784314,0.0,18.2825131847521,0.0,410.9134568711141,0.0,412.0,0.0,371.0,0.0,327.0,0.0,265.0,0.0,210.0,0.0,154.0,0.0,104.0,0.0,63.0,0.0,21.0,0.0,13.946654610697461,0.0,20.29778313018444,0.0,19.261360284258224,0.0,18.083141320025124,0.0,16.278820596099706,0.0,14.491376746189438,0.0,12.409673645990857,0.0,10.198039027185569,0.0,7.937253933193772,0.0,4.58257569495584,0.0,,,,,,,,,,,,,,,,,,,,,5.502130263282243,0.0,,,,,,,,,,,,,,,,,,,,,13.94687152343767,0.0,18.27307281109278,0.0,17.46547010068202,0.0,16.244920525804403,0.0,14.376087771313436,0.0,12.565876671933395,0.0,10.496260116252403,0.0,8.341949452110608,0.0,6.571890500778271,0.0,3.7466259723859867,0.0
Orbit,341.6392156862745,0.0,17.01142298900144,0.0,390.30199669018043,0.0,352.0,0.0,326.0,0.0,284.0,0.0,223.0,0.0,173.0,0.0,128.0,0.0,79.0,0.0,42.0,0.0,2.0,0.0,13.209406117634249,0.0,18.76166303929372,0.0,18.05547008526779,0.0,16.852299546352718,0.0,14.933184523068078,0.0,13.152946437965905,0.0,11.313708498984761,0.0,8.888194417315589,0.0,6.48074069840786,0.0,1.4142135623730951,0.0,,,,,,,,,,,,,,,,,,,,,6.161523781372101,0.0,,,,,,,,,,,,,,,,,,,,,13.208750632489856,0.0,16.75832637779966,0.0,16.187731608399535,0.0,14.899016433396682,0.0,12.931132041474442,0.0,11.140695873102874,0.0,9.303073633987486,0.0,6.776472813468905,0.0,4.695416830431725,0.0,0.668680288732816,0.0
Order,359.52156862745096,0.0,17.562484920589355,0.0,375.84734040111925,0.0,367.0,0.0,332.0,0.0,287.0,0.0,238.0,0.0,162.0,0.0,109.0,0.0,72.0,0.0,42.0,0.0,9.0,0.0,12.713754647292225,0.0,19.157244060668017,0.0,18.2208671582886,0.0,16.941074346097416,0.0,15.427248620541512,0.0,12.727922061357855,0.0,10.44030650891055,0.0,8.48528137423857,0.0,6.48074069840786,0.0,3.0,0.0,,,,,,,,,,,,,,,,,,,,,4.982548484442004,0.0,,,,,,,,,,,,,,,,,,,,,12.71357820842301,0.0,17.13516743104503,0.0,16.334700883040025,0.0,15.024787890839212,0.0,13.39329040115367,0.0,10.67225270154838,0.0,8.49165707680558,0.0,6.733210012021118,0.0,5.046756301391003,0.0,2.5150661115962025,0.0
Organ,401.84313725490193,0.0,18.509287131369906,0.0,383.50465480423145,0.0,413.0,0.0,373.0,0.0,325.0,0.0,260.0,0.0,193.0,0.0,133.0,0.0,76.0,0.0,47.0,0.0,16.0,0.0,13.076717115760976,0.0,20.322401432901575,0.0,19.313207915827967,0.0,18.027756377319946,0.0,16.1245154965971,0.0,13.892443989449804,0.0,11.532562594670797,0.0,8.717797887081348,0.0,6.855654600401044,0.0,4.0,0.0,,,,,,,,,,,,,,,,,,,,,3.3481610369670634,0.0,,,,,,,,,,,,,,,,,,,,,13.076450723204806,0.0,18.41024296010012,0.0,17.624837516945068,0.0,16.233975635890562,0.0,14.101812878443607,0.0,11.769989826656225,0.0,9.372326511912158,0.0,6.595074315226178,0.0,4.929143611897645,0.0,2.6099998410952274,0.0
Orhab,407.4470588235294,0.0,18.628486658514877,0.0,386.6413497906383,0.0,433.0,0.0,384.0,0.0,336.0,0.0,264.0,0.0,196.0,0.0,130.0,0.0,78.0,0.0,51.0,0.0,7.0,0.0,13.109236104926552,0.0,20.808652046684813,0.0,19.595917942265423,0.0,18.33030277982336,0.0,16.24807680927192,0.0,14.0,0.0,11.40175425099138,0.0,8.831760866327848,0.0,7.14142842854285,0.0,2.6457513110645907,0.0,,,,,,,,,,,,,,,,,,,,,4.241653009769012,0.0,,,,,,,,,,,,,,,,,,,,,13.10927367510309,0.0,18.923292630341248,0.0,17.92832433587316,0.0,16.454466769291717,0.0,14.21610534527486,0.0,11.912741293172584,0.0,9.516915764241688,0.0,7.034114293212719,0.0,5.656781104319356,0.0,1.5736150357793595,0.0
Orion,339.61176470588236,0.0,17.02422228942587,0.0,370.7747781530343,0.0,339.0,0.0,306.0,0.0,271.0,0.0,219.0,0.0,160.0,0.0,114.0,0.0,65.0,0.0,29.0,0.0,0.0,0.0,12.620235130870705,0.0,18.411952639521967,0.0,17.4928556845359,0.0,16.46207763315433,0.0,14.798648586948742,0.0,12.649110640673518,0.0,10.677078252031311,0.0,8.06225774829855,0.0,5.385164807134504,0.0,0.0,0.0,,,,,,,,,,,,,,,,,,,,,5.078756866846629,0.0,,,,,,,,,,,,,,,,,,,,,12.620292881879122,0.0,16.49183969931547,0.0,15.624034283269587,0.0,14.583944508475838,0.0,12.75423859458486,0.0,10.501269248522181,0.0,8.474462780819435,0.0,5.965869732988291,0.0,3.9316098453554558,0.0,0.0,0.0
Orkan,390.7647058823529,0.0,18.3188391903266,0.0,380.77960573737914,0.0,397.0,0.0,358.0,0.0,318.0,0.0,258.0,0.0,197.0,0.0,132.0,0.0,74.0,0.0,44.0,0.0,3.0,0.0,13.041142341704312,0.0,19.924858845171276,0.0,18.920887928424502,0.0,17.832554500127006,0.0,16.06237840420901,0.0,14.035668847618199,0.0,11.489125293076057,0.0,8.602325267042627,0.0,6.6332495807108,0.0,1.7320508075688772,0.0,,,,,,,,,,,,,,,,,,,,,2.872352769220183,0.0,,,,,,,,,,,,,,,,,,,,,13.041301405127458,0.0,18.07397693460689,0.0,17.28975099368215,0.0,16.029143786439416,0.0,14.053968589117387,0.0,11.889258683483432,0.0,9.366359731722595,0.0,6.681832400161941,0.0,5.229950432095687,0.0,1.0076972804339992,0.0
Osten,351.38823529411764,0.0,17.25775199279081,0.0,348.6562504555722,0.0,352.0,0.0,315.0,0.0,268.0,0.0,206.0,0.0,144.0,0.0,88.0,0.0,47.0,0.0,23.0,0.0,1.0,0.0,11.84726033363131,0.0,18.76166303929372,0.0,17.74823934929885,0.0,16.3707055437449,0.0,14.352700094407323,0.0,12.0,0.0,9.38083151964686,0.0,6.855654600401044,0.0,4.795831523312719,0.0,1.0,0.0,,,,,,,,,,,,,,,,,,,,,3.86135875756421,0.0,,,,,,,,,,,,,,,,,,,,,11.847551699928776,0.0,16.61794451487759,0.0,15.813280879344932,0.0,14.587555825357928,0.0,12.292325261541874,0.0,9.914270288966962,0.0,7.4014119333302695,0.0,5.056033711746459,0.0,3.2695377440899605,0.0,0.3917743058796373,0.0
Ottis,307.09019607843135,0.0,16.072980424640374,0.0,375.5030398501125,0.0,318.0,0.0,279.0,0.0,233.0,0.0,189.0,0.0,147.0,0.0,112.0,0.0,70.0,0.0,34.0,0.0,3.0,0.0,12.771149909943254,0.0,17.832554500127006,0.0,16.703293088490067,0.0,15.264337522473747,0.0,13.74772708486752,0.0,12.12435565298214,0.0,10.583005244258363,0.0,8.366600265340756,0.0,5.830951894845301,0.0,1.7320508075688772,0.0,,,,,,,,,,,,,,,,,,,,,7.01853488997988,0.0,,,,,,,,,,,,,,,,,,,,,12.770834792196263,0.0,15.469971700196306,0.0,14.574826704328782,0.0,13.382263876392454,0.0,11.761678782204685,0.0,10.240044657829607,0.0,8.656141960024312,0.0,6.431920399807675,0.0,4.244633572370424,0.0,1.079437143282705,0.0
Owögö,462.71372549019605,0.0,19.71558945384325,0.0,442.5724510208871,0.0,512.0,0.0,460.0,0.0,399.0,0.0,321.0,0.0,238.0,0.0,181.0,0.0,128.0,0.0,92.0,0.0,49.0,0.0,14.783090993165759,0.0,22.627416997969522,0.0,21.447610589527216,0.0,19.974984355438178,0.0,17.916472867168917,0.0,15.427248620541512,0.0,13.45362404707371,0.0,11.313708498984761,0.0,9.591663046625438,0.0,7.0,0.0,,,,,,,,,,,,,,,,,,,,,2.99422845349325,0.0,,,,,,,,,,,,,,,,,,,,,14.78247037509665,0.0,20.472241384944148,0.0,19.515428731693838,0.0,18.10184236426835,0.0,15.98303283493192,0.0,13.46657714253197,0.0,11.387668887894971,0.0,9.17907094468167,0.0,7.763037431224856,0.0,5.04606704239602,0.0
Oxide,370.83137254901965,0.0,17.79553918591228,0.0,385.28326948568167,0.0,387.0,0.0,341.0,0.0,298.0,0.0,247.0,0.0,176.0,0.0,130.0,0.0,75.0,0.0,42.0,0.0,12.0,0.0,13.056901349185015,0.0,19.672315572906,0.0,18.466185312619388,0.0,17.26267650163207,0.0,15.716233645501712,0.0,13.2664991614216,0.0,11.40175425099138,0.0,8.660254037844387,0.0,6.48074069840786,0.0,3.4641016151377544,0.0,,,,,,,,,,,,,,,,,,,,,3.8486003104632007,0.0,,,,,,,,,,,,,,,,,,,,,13.056806488431041,0.0,17.627814909121877,0.0,16.569966803143412,0.0,15.393225156113388,0.0,13.697374518672534,0.0,11.10137702438774,0.0,9.230655702808143,0.0,6.849770476992947,0.0,5.1652756493702325,0.0,2.623660830492087,0.0
Ozean,374.26666666666665,0.0,17.87899951357193,0.0,351.4048807682231,0.0,378.0,0.0,339.0,0.0,284.0,0.0,223.0,0.0,166.0,0.0,101.0,0.0,48.0,0.0,25.0,0.0,1.0,0.0,11.97827408044116,0.0,19.44222209522358,0.0,18.411952639521967,0.0,16.852299546352718,0.0,14.933184523068078,0.0,12.884098726725126,0.0,10.04987562112089,0.0,6.928203230275509,0.0,5.0,0.0,1.0,0.0,,,,,,,,,,,,,,,,,,,,,2.846990977815551,0.0,,,,,,,,,,,,,,,,,,,,,11.978358837586615,0.0,17.516978263631536,0.0,16.706219093420543,0.0,14.970335096606117,0.0,12.882596236207492,0.0,10.661194848776995,0.0,7.910472770599713,0.0,5.022654235423782,0.0,3.466518916977005,0.0,0.4845410697343261,0.0
Ozäun,396.61176470588236,0.0,18.390409215015648,0.0,364.04955846581987,0.0,411.0,0.0,373.0,0.0,316.0,0.0,242.0,0.0,172.0,0.0,109.0,0.0,54.0,0.0,30.0,0.0,7.0,0.0,12.389027353596365,0.0,20.273134932713294,0.0,19.313207915827967,0.0,17.776388834631177,0.0,15.556349186104045,0.0,13.114877048604,0.0,10.44030650891055,0.0,7.3484692283495345,0.0,5.477225575051661,0.0,2.6457513110645907,0.0,,,,,,,,,,,,,,,,,,,,,2.220916318415277,0.0,,,,,,,,,,,,,,,,,,,,,12.388900596747403,0.0,18.31715326003646,0.0,17.480397122910404,0.0,15.870436286186944,0.0,13.389685448237135,0.0,10.935884128690793,0.0,8.254824116234195,0.0,5.4886379950828825,0.0,4.080971581472063,0.0,2.266675376246462,0.0
Paket,368.22352941176473,0.0,17.795197396074148,0.0,354.37650109472304,0.0,379.0,0.0,338.0,0.0,285.0,0.0,231.0,0.0,160.0,0.0,81.0,0.0,43.0,0.0,23.0,0.0,3.0,0.0,11.938463429572153,0.0,19.467922333931785,0.0,18.384776310850235,0.0,16.881943016134134,0.0,15.198684153570664,0.0,12.649110640673518,0.0,9.0,0.0,6.557438524302,0.0,4.795831523312719,0.0,1.7320508075688772,0.0,,,,,,,,,,,,,,,,,,,,,4.356062992911133,0.0,,,,,,,,,,,,,,,,,,,,,11.93867192636144,0.0,17.386526744818966,0.0,16.64133488314226,0.0,15.078255231466034,0.0,13.322326491940016,0.0,10.63597505391184,0.0,7.186088120595871,0.0,5.15340213875088,0.0,4.06756045686168,0.0,1.0076972804339992,0.0
Palme,393.79999999999995,0.0,18.443387406424357,0.0,416.2521901229161,0.0,421.0,0.0,369.0,0.0,320.0,0.0,271.0,0.0,215.0,0.0,141.0,0.0,102.0,0.0,65.0,0.0,49.0,0.0,14.034498464823054,0.0,20.518284528683193,0.0,19.209372712298546,0.0,17.88854381999832,0.0,16.46207763315433,0.0,14.66287829861518,0.0,11.874342087037917,0.0,10.099504938362077,0.0,8.06225774829855,0.0,7.0,0.0,,,,,,,,,,,,,,,,,,,,,4.908095681121109,0.0,,,,,,,,,,,,,,,,,,,,,14.034664024885506,0.0,18.56780390160852,0.0,17.511995765899783,0.0,16.266087558273473,0.0,14.80606701005169,0.0,12.863388243708261,0.0,10.243655595293799,0.0,8.789750398335256,0.0,7.208975601588954,0.0,5.920348619978407,0.0
Palza,342.6392156862745,0.0,17.183856859356702,0.0,354.5522076708962,0.0,345.0,0.0,308.0,0.0,262.0,0.0,205.0,0.0,156.0,0.0,92.0,0.0,43.0,0.0,19.0,0.0,5.0,0.0,11.99104384590507,0.0,18.57417562100671,0.0,17.549928774784245,0.0,16.186414056238647,0.0,14.317821063276353,0.0,12.489995996796797,0.0,9.591663046625438,0.0,6.557438524302,0.0,4.358898943540674,0.0,2.23606797749979,0.0,,,,,,,,,,,,,,,,,,,,,3.095354609441477,0.0,,,,,,,,,,,,,,,,,,,,,11.991439772772367,0.0,16.76720185867886,0.0,15.869009135312622,0.0,14.353530606906459,0.0,12.383579956903008,0.0,10.451143074782689,0.0,7.503568651626937,0.0,5.060033732681921,0.0,3.9487233392865337,0.0,1.728702033370433,0.0
Panik,373.26666666666665,0.0,17.97626484158342,0.0,366.5436658540594,0.0,382.0,0.0,349.0,0.0,301.0,0.0,248.0,0.0,184.0,0.0,94.0,0.0,50.0,0.0,23.0,0.0,5.0,0.0,12.448648710177537,0.0,19.544820285692065,0.0,18.681541692269406,0.0,17.349351572897472,0.0,15.748015748023622,0.0,13.564659966250536,0.0,9.695359714832659,0.0,7.0710678118654755,0.0,4.795831523312719,0.0,2.23606797749979,0.0,,,,,,,,,,,,,,,,,,,,,3.4274343774189084,0.0,,,,,,,,,,,,,,,,,,,,,12.447931898119894,0.0,17.851319136908103,0.0,17.108587332977198,0.0,15.555290797121325,0.0,13.885259171187284,0.0,11.481484046296037,0.0,7.744880560846321,0.0,5.473301864322305,0.0,4.262135996218502,0.0,1.4706755745363886,0.0
Papst,361.7607843137255,0.0,17.555792317813225,0.0,351.12250298990494,0.0,366.0,0.0,322.0,0.0,269.0,0.0,216.0,0.0,156.0,0.0,78.0,0.0,45.0,0.0,24.0,0.0,14.0,0.0,11.887401818244538,0.0,19.131126469708992,0.0,17.944358444926362,0.0,16.401219466856727,0.0,14.696938456699069,0.0,12.489995996796797,0.0,8.831760866327848,0.0,6.708203932499369,0.0,4.898979485566356,0.0,3.7416573867739413,0.0,,,,,,,,,,,,,,,,,,,,,4.798244725036542,0.0,,,,,,,,,,,,,,,,,,,,,11.887081983854761,0.0,17.03473352775283,0.0,16.149399988553867,0.0,14.564093352961091,0.0,12.834161481587337,0.0,10.37711912699145,0.0,7.02749579259275,0.0,5.30280802054604,0.0,4.0506665805676025,0.0,3.316643297496372,0.0
Paris,305.6235294117647,0.0,16.14969096491344,0.0,340.1730789686099,0.0,301.0,0.0,271.0,0.0,219.0,0.0,179.0,0.0,127.0,0.0,69.0,0.0,35.0,0.0,5.0,0.0,0.0,0.0,11.426368766472036,0.0,17.349351572897472,0.0,16.46207763315433,0.0,14.798648586948742,0.0,13.379088160259652,0.0,11.269427669584644,0.0,8.306623862918075,0.0,5.916079783099616,0.0,2.23606797749979,0.0,0.0,0.0,,,,,,,,,,,,,,,,,,,,,6.4857447472695755,0.0,,,,,,,,,,,,,,,,,,,,,11.426591959876788,0.0,15.453951534068121,0.0,14.67239632986396,0.0,12.895301548267232,0.0,11.447713375763415,0.0,9.193876205556798,0.0,6.263193979644133,0.0,4.145641653366652,0.0,1.853403735902951,0.0,0.0,0.0
Party,333.8705882352941,0.0,16.86489224816154,0.0,368.4594047725101,0.0,341.0,0.0,312.0,0.0,266.0,0.0,214.0,0.0,161.0,0.0,97.0,0.0,58.0,0.0,15.0,0.0,6.0,0.0,12.398285141155277,0.0,18.466185312619388,0.0,17.663521732655695,0.0,16.30950643030009,0.0,14.628738838327793,0.0,12.68857754044952,0.0,9.848857801796104,0.0,7.615773105863909,0.0,3.872983346207417,0.0,2.449489742783178,0.0,,,,,,,,,,,,,,,,,,,,,4.029504402920813,0.0,,,,,,,,,,,,,,,,,,,,,12.398194787395788,0.0,16.406647769255205,0.0,15.767942799111108,0.0,14.455128106271667,0.0,12.727045677948063,0.0,10.645025821038328,0.0,7.850776309396933,0.0,5.79889429031039,0.0,2.8508253999723094,0.0,1.6996297876350919,0.0
Pasta,334.07843137254895,0.0,16.786241413949156,0.0,332.6020336759229,0.0,336.0,0.0,292.0,0.0,237.0,0.0,191.0,0.0,133.0,0.0,66.0,0.0,29.0,0.0,5.0,0.0,0.0,0.0,11.172628178768008,0.0,18.33030277982336,0.0,17.08800749063506,0.0,15.394804318340652,0.0,13.820274961085254,0.0,11.532562594670797,0.0,8.12403840463596,0.0,5.385164807134504,0.0,2.23606797749979,0.0,0.0,0.0,,,,,,,,,,,,,,,,,,,,,3.676416784216201,0.0,,,,,,,,,,,,,,,,,,,,,11.172269041522066,0.0,16.311499325410214,0.0,15.302396842294236,0.0,13.586925423638348,0.0,11.890150408625521,0.0,9.39852654394172,0.0,6.003649452371921,0.0,3.6996754441332027,0.0,1.3081630845404348,0.0,0.0,0.0
Paste,329.3921568627451,0.0,16.713425066999395,0.0,328.91755229972955,0.0,335.0,0.0,289.0,0.0,232.0,0.0,185.0,0.0,125.0,0.0,54.0,0.0,26.0,0.0,5.0,0.0,0.0,0.0,10.961757079277373,0.0,18.303005217723125,0.0,17.0,0.0,15.231546211727817,0.0,13.601470508735444,0.0,11.180339887498949,0.0,7.3484692283495345,0.0,5.0990195135927845,0.0,2.23606797749979,0.0,0.0,0.0,,,,,,,,,,,,,,,,,,,,,3.879422064536972,0.0,,,,,,,,,,,,,,,,,,,,,10.961519949035102,0.0,16.249891512994964,0.0,15.148341660483359,0.0,13.407771323372677,0.0,11.6845697974997,0.0,9.036962815920376,0.0,5.393889132341766,0.0,3.571203413882243,0.0,1.3081630845404348,0.0,0.0,0.0
Patan,356.7450980392157,0.0,17.434364418246066,0.0,336.60566421804765,0.0,355.0,0.0,322.0,0.0,270.0,0.0,211.0,0.0,148.0,0.0,72.0,0.0,30.0,0.0,3.0,0.0,0.0,0.0,11.362192833394422,0.0,18.841443681416774,0.0,17.944358444926362,0.0,16.431676725154983,0.0,14.52583904633395,0.0,12.165525060596439,0.0,8.48528137423857,0.0,5.477225575051661,0.0,1.7320508075688772,0.0,0.0,0.0,,,,,,,,,,,,,,,,,,,,,3.411963310888426,0.0,,,,,,,,,,,,,,,,,,,,,11.362397421232316,0.0,16.926642252628792,0.0,16.182989370648304,0.0,14.695320540032926,0.0,12.597429251180793,0.0,9.997072600745511,0.0,6.442554039299608,0.0,3.715140406813387,0.0,1.0567933171388846,0.0,0.0,0.0
Paten,352.05882352941177,0.0,17.36426616160402,0.0,332.6350082205531,0.0,351.0,0.0,319.0,0.0,266.0,0.0,209.0,0.0,137.0,0.0,58.0,0.0,24.0,0.0,4.0,0.0,0.0,0.0,11.147271197639407,0.0,18.734993995195193,0.0,17.86057109949175,0.0,16.30950643030009,0.0,14.45683229480096,0.0,11.704699910719626,0.0,7.615773105863909,0.0,4.898979485566356,0.0,2.0,0.0,0.0,0.0,,,,,,,,,,,,,,,,,,,,,3.3324636614525085,0.0,,,,,,,,,,,,,,,,,,,,,11.147637043235115,0.0,16.779700830804806,0.0,16.027847935315084,0.0,14.582337384017322,0.0,12.531245163266115,0.0,9.590231690070793,0.0,5.712388615931037,0.0,3.320009353005471,0.0,1.168087818116663,0.0,0.0,0.0
Pater,323.2470588235294,0.0,16.62872914066272,0.0,337.1257636746002,0.0,321.0,0.0,291.0,0.0,241.0,0.0,193.0,0.0,124.0,0.0,60.0,0.0,28.0,0.0,4.0,0.0,0.0,0.0,11.243026206522744,0.0,17.916472867168917,0.0,17.05872210923198,0.0,15.524174696260024,0.0,13.892443989449804,0.0,11.135528725660043,0.0,7.745966692414834,0.0,5.291502622129181,0.0,2.0,0.0,0.0,0.0,,,,,,,,,,,,,,,,,,,,,5.2128228974464825,0.0,,,,,,,,,,,,,,,,,,,,,11.243658106002291,0.0,15.825580864756578,0.0,15.110524349180265,0.0,13.673940186362483,0.0,11.909561291576967,0.0,9.081076422202198,0.0,5.835829085110818,0.0,3.6810368751629623,0.0,1.168087818116663,0.0,0.0,0.0
Patin,332.4313725490196,0.0,16.882286898370058,0.0,350.8139954591221,0.0,331.0,0.0,304.0,0.0,258.0,0.0,208.0,0.0,152.0,0.0,76.0,0.0,38.0,0.0,8.0,0.0,0.0,0.0,11.861594126099853,0.0,18.193405398660254,0.0,17.435595774162696,0.0,16.06237840420901,0.0,14.422205101855956,0.0,12.328828005937952,0.0,8.717797887081348,0.0,6.164414002968976,0.0,2.8284271247461903,0.0,0.0,0.0,,,,,,,,,,,,,,,,,,,,,4.435405296386566,0.0,,,,,,,,,,,,,,,,,,,,,11.861892412917463,0.0,16.33183790451949,0.0,15.674463784761695,0.0,14.328514948518366,0.0,12.518345656963893,0.0,10.228145580362618,0.0,6.699402494413182,0.0,4.348897272225343,0.0,2.132849593536584,0.0,0.0,0.0
Pauke,389.59999999999997,0.0,18.334409111773773,0.0,348.01780418073804,0.0,412.0,0.0,365.0,0.0,309.0,0.0,244.0,0.0,157.0,0.0,68.0,0.0,32.0,0.0,19.0,0.0,2.0,0.0,11.633314709428573,0.0,20.29778313018444,0.0,19.1049731745428,0.0,17.578395831246947,0.0,15.620499351813308,0.0,12.529964086141668,0.0,8.246211251235321,0.0,5.656854249492381,0.0,4.358898943540674,0.0,1.4142135623730951,0.0,,,,,,,,,,,,,,,,,,,,,3.409859075026022,0.0,,,,,,,,,,,,,,,,,,,,,11.633128275593583,0.0,18.39005905636793,0.0,17.345745927681346,0.0,15.70196727766241,0.0,13.657482468546867,0.0,10.343876346386601,0.0,6.5593612838620885,0.0,4.465222836814915,0.0,3.89689503470532,0.0,0.6618696519470317,0.0
Pause,350.7686274509804,0.0,17.286413294343415,0.0,321.69849843282964,0.0,361.0,0.0,316.0,0.0,253.0,0.0,198.0,0.0,121.0,0.0,39.0,0.0,13.0,0.0,2.0,0.0,0.0,0.0,10.62281875223073,0.0,19.0,0.0,17.776388834631177,0.0,15.905973720586866,0.0,14.071247279470288,0.0,11.0,0.0,6.244997998398398,0.0,3.605551275463989,0.0,1.4142135623730951,0.0,0.0,0.0,,,,,,,,,,,,,,,,,,,,,3.007695201501187,0.0,,,,,,,,,,,,,,,,,,,,,10.622557088401754,0.0,16.98871536512449,0.0,15.892935690824123,0.0,14.0165103584767,0.0,12.012217811650562,0.0,8.610220867846017,0.0,4.306429957337835,0.0,2.1351060828086994,0.0,0.7705191819566715,0.0,0.0,0.0
Pbllm,409.71764705882356,0.0,18.867879126841416,0.0,471.59016638184914,0.0,459.0,0.0,412.0,0.0,360.0,0.0,312.0,0.0,265.0,0.0,192.0,0.0,144.0,0.0,96.0,0.0,64.0,0.0,15.606340373491348,0.0,21.42428528562855,0.0,20.29778313018444,0.0,18.973665961010276,0.0,17.663521732655695,0.0,16.278820596099706,0.0,13.856406460551018,0.0,12.0,0.0,9.797958971132712,0.0,8.0,0.0,,,,,,,,,,,,,,,,,,,,,6.2394651228069336,0.0,,,,,,,,,,,,,,,,,,,,,15.606468693071923,0.0,19.441283127357163,0.0,18.56493178543098,0.0,17.33473556039701,0.0,16.01261770784974,0.0,14.500292670814696,0.0,12.14409501410367,0.0,10.38540475094262,0.0,8.692949353674697,0.0,6.650073342276113,0.0
Pbstm,410.06666666666666,0.0,18.685333803451446,0.0,433.78400461106895,0.0,457.0,0.0,404.0,0.0,340.0,0.0,293.0,0.0,235.0,0.0,153.0,0.0,111.0,0.0,69.0,0.0,54.0,0.0,14.479008997556493,0.0,21.37755832643195,0.0,20.09975124224178,0.0,18.439088914585774,0.0,17.11724276862369,0.0,15.329709716755891,0.0,12.36931687685298,0.0,10.535653752852738,0.0,8.306623862918075,0.0,7.3484692283495345,0.0,,,,,,,,,,,,,,,,,,,,,5.9936226995679895,0.0,,,,,,,,,,,,,,,,,,,,,14.4789170362784,0.0,19.191836731619187,0.0,18.185764156163074,0.0,16.692742927821406,0.0,15.34554772846862,0.0,13.42660092204176,0.0,10.617142550311728,0.0,8.911931814831531,0.0,6.935372695993056,0.0,6.190049648699713,0.0
Pedal,371.3058823529412,0.0,17.91094849874142,0.0,374.5727814628531,0.0,387.0,0.0,344.0,0.0,293.0,0.0,244.0,0.0,172.0,0.0,102.0,0.0,67.0,0.0,38.0,0.0,17.0,0.0,12.670180917146569,0.0,19.672315572906,0.0,18.547236990991408,0.0,17.11724276862369,0.0,15.620499351813308,0.0,13.114877048604,0.0,10.099504938362077,0.0,8.18535277187245,0.0,6.164414002968976,0.0,4.123105625617661,0.0,,,,,,,,,,,,,,,,,,,,,3.9803835321903116,0.0,,,,,,,,,,,,,,,,,,,,,12.670137131943113,0.0,17.717753645601423,0.0,16.761400477394435,0.0,15.351229947513204,0.0,13.818115537473632,0.0,11.138891354794051,0.0,8.247735802077326,0.0,6.70205312893898,0.0,5.408542390459621,0.0,3.2992385274430345,0.0
Pegel,375.44313725490196,0.0,18.029785258795446,0.0,378.7795393250234,0.0,395.0,0.0,351.0,0.0,298.0,0.0,246.0,0.0,168.0,0.0,100.0,0.0,63.0,0.0,45.0,0.0,24.0,0.0,12.74217011482407,0.0,19.87460691435179,0.0,18.734993995195193,0.0,17.26267650163207,0.0,15.684387141358123,0.0,12.96148139681572,0.0,10.0,0.0,7.937253933193772,0.0,6.708203932499369,0.0,4.898979485566356,0.0,,,,,,,,,,,,,,,,,,,,,4.953969800306177,0.0,,,,,,,,,,,,,,,,,,,,,12.742453368393353,0.0,17.832463874169015,0.0,16.935116124869353,0.0,15.539365819189722,0.0,13.786049368989397,0.0,11.078741832070234,0.0,8.227378267510707,0.0,6.333770834081111,0.0,5.346093008434053,0.0,3.3738329492262906,0.0
Pelze,333.26666666666665,0.0,17.04131127256657,0.0,354.66807077505393,0.0,341.0,0.0,299.0,0.0,256.0,0.0,203.0,0.0,149.0,0.0,81.0,0.0,41.0,0.0,20.0,0.0,5.0,0.0,11.891949539498635,0.0,18.466185312619388,0.0,17.291616465790582,0.0,16.0,0.0,14.247806848775006,0.0,12.206555615733702,0.0,9.0,0.0,6.4031242374328485,0.0,4.47213595499958,0.0,2.23606797749979,0.0,,,,,,,,,,,,,,,,,,,,,3.1121936816065188,0.0,,,,,,,,,,,,,,,,,,,,,11.89201737438353,0.0,16.583845651968662,0.0,15.440242736402874,0.0,14.145224639751222,0.0,12.30026856004422,0.0,10.184296405666785,0.0,7.071314882686538,0.0,4.997719526569006,0.0,3.976724777426441,0.0,1.728702033370433,0.0
Penis,329.74901960784314,0.0,16.833784524655464,0.0,337.62053248671054,0.0,327.0,0.0,292.0,0.0,244.0,0.0,203.0,0.0,139.0,0.0,61.0,0.0,26.0,0.0,6.0,0.0,0.0,0.0,11.370015832580401,0.0,18.083141320025124,0.0,17.08800749063506,0.0,15.620499351813308,0.0,14.247806848775006,0.0,11.789826122551595,0.0,7.810249675906654,0.0,5.0990195135927845,0.0,2.449489742783178,0.0,0.0,0.0,,,,,,,,,,,,,,,,,,,,,5.277104801089823,0.0,,,,,,,,,,,,,,,,,,,,,11.36962951400008,0.0,16.194999335078354,0.0,15.276722624762916,0.0,13.808674864729147,0.0,12.316757433181365,0.0,9.727971081878945,0.0,5.699862019138358,0.0,3.4211256920429,0.0,1.9125037850699933,0.0,0.0,0.0
Perkt,348.9372549019607,0.0,17.39246810960087,0.0,369.3292360149343,0.0,361.0,0.0,320.0,0.0,280.0,0.0,233.0,0.0,168.0,0.0,97.0,0.0,55.0,0.0,23.0,0.0,2.0,0.0,12.412480252169388,0.0,19.0,0.0,17.88854381999832,0.0,16.73320053068151,0.0,15.264337522473747,0.0,12.96148139681572,0.0,9.848857801796104,0.0,7.416198487095663,0.0,4.795831523312719,0.0,1.4142135623730951,0.0,,,,,,,,,,,,,,,,,,,,,3.5960529888128616,0.0,,,,,,,,,,,,,,,,,,,,,12.412284879502064,0.0,16.96158260309004,0.0,16.077989551357312,0.0,14.831927827325867,0.0,13.327991654520654,0.0,10.935277384874368,0.0,7.91547241827464,0.0,5.732687050849886,0.0,4.059881353557039,0.0,0.6618696519470317,0.0
Pfade,380.08627450980396,0.0,18.05376736183896,0.0,373.51357079800067,0.0,394.0,0.0,349.0,0.0,298.0,0.0,247.0,0.0,171.0,0.0,106.0,0.0,67.0,0.0,33.0,0.0,18.0,0.0,12.638399347407708,0.0,19.849433241279208,0.0,18.681541692269406,0.0,17.26267650163207,0.0,15.716233645501712,0.0,13.076696830622021,0.0,10.295630140987,0.0,8.18535277187245,0.0,5.744562646538029,0.0,4.242640687119285,0.0,,,,,,,,,,,,,,,,,,,,,4.191625119217764,0.0,,,,,,,,,,,,,,,,,,,,,12.638416733263234,0.0,17.869655050704967,0.0,16.835715692070522,0.0,15.524906045226652,0.0,13.908730994693935,0.0,11.042662802918628,0.0,8.405898444998012,0.0,6.736337728767262,0.0,5.019087544428795,0.0,3.536689403160078,0.0
Pfahl,368.8588235294118,0.0,17.89706352275168,0.0,401.5976574796232,0.0,386.0,0.0,341.0,0.0,299.0,0.0,253.0,0.0,190.0,0.0,131.0,0.0,88.0,0.0,54.0,0.0,19.0,0.0,13.643710006271675,0.0,19.6468827043885,0.0,18.466185312619388,0.0,17.291616465790582,0.0,15.905973720586866,0.0,13.784048752090222,0.0,11.445523142259598,0.0,9.38083151964686,0.0,7.3484692283495345,0.0,4.358898943540674,0.0,,,,,,,,,,,,,,,,,,,,,3.9763840428722927,0.0,,,,,,,,,,,,,,,,,,,,,13.643883547386933,0.0,17.638805420052773,0.0,16.708253937047644,0.0,15.527039947543086,0.0,14.08485310663189,0.0,11.819809654736835,0.0,9.535426834102186,0.0,7.876604745844597,0.0,6.49189590379992,0.0,3.3708594726904497,0.0
Pfand,394.29803921568623,0.0,18.417650294440925,0.0,381.9019605143443,0.0,402.0,0.0,370.0,0.0,321.0,0.0,269.0,0.0,188.0,0.0,115.0,0.0,70.0,0.0,34.0,0.0,18.0,0.0,12.99898930543125,0.0,20.049937655763422,0.0,19.235384061671343,0.0,17.916472867168917,0.0,16.401219466856727,0.0,13.711309200802088,0.0,10.723805294763608,0.0,8.366600265340756,0.0,5.830951894845301,0.0,4.242640687119285,0.0,,,,,,,,,,,,,,,,,,,,,6.66329863720218,0.0,,,,,,,,,,,,,,,,,,,,,12.999114238253089,0.0,18.1650764060364,0.0,17.524752143916427,0.0,16.217343114750022,0.0,14.56296595840039,0.0,11.670265953514908,0.0,8.713827055021088,0.0,6.798731745389587,0.0,5.006951831386583,0.0,3.4357531905023886,0.0
Pfaue,358.37254901960785,0.0,17.52090463396848,0.0,356.3473817063651,0.0,369.0,0.0,330.0,0.0,276.0,0.0,218.0,0.0,150.0,0.0,82.0,0.0,45.0,0.0,17.0,0.0,9.0,0.0,12.018607366138117,0.0,19.209372712298546,0.0,18.16590212458495,0.0,16.61324772583615,0.0,14.7648230602334,0.0,12.24744871391589,0.0,9.055385138137417,0.0,6.708203932499369,0.0,4.123105625617661,0.0,3.0,0.0,,,,,,,,,,,,,,,,,,,,,2.5781003548003074,0.0,,,,,,,,,,,,,,,,,,,,,12.018448970200282,0.0,17.157131710358673,0.0,16.211246560876692,0.0,14.778925701857716,0.0,12.696458187123806,0.0,10.174980048439627,0.0,7.130381022041781,0.0,5.2830836666957035,0.0,3.4793882557851123,0.0,2.5217663651109694,0.0
Pfbhl,394.4078431372549,0.0,18.493930548372557,0.0,418.82171981004905,0.0,426.0,0.0,383.0,0.0,341.0,0.0,280.0,0.0,207.0,0.0,144.0,0.0,95.0,0.0,63.0,0.0,21.0,0.0,14.074197964680295,0.0,20.639767440550294,0.0,19.570385790780925,0.0,18.466185312619388,0.0,16.73320053068151,0.0,14.38749456993816,0.0,12.0,0.0,9.746794344808963,0.0,7.937253933193772,0.0,4.58257569495584,0.0,,,,,,,,,,,,,,,,,,,,,4.5481767191688665,0.0,,,,,,,,,,,,,,,,,,,,,14.073927243655122,0.0,18.715013635908075,0.0,17.7769477529569,0.0,16.62407618733967,0.0,14.824738898711248,0.0,12.382826178691625,0.0,10.183713400594891,0.0,8.192435162284488,0.0,6.888387079015623,0.0,3.437165624678464,0.0
Pfeil,313.5098039215686,0.0,16.50408219048862,0.0,397.9457138383369,0.0,320.0,0.0,292.0,0.0,249.0,0.0,220.0,0.0,177.0,0.0,117.0,0.0,81.0,0.0,44.0,0.0,17.0,0.0,13.49834789204155,0.0,17.88854381999832,0.0,17.08800749063506,0.0,15.7797338380595,0.0,14.832396974191326,0.0,13.30413469565007,0.0,10.816653826391969,0.0,9.0,0.0,6.6332495807108,0.0,4.123105625617661,0.0,,,,,,,,,,,,,,,,,,,,,6.23336607842843,0.0,,,,,,,,,,,,,,,,,,,,,13.497403440204987,0.0,15.958678427266308,0.0,15.326252331527478,0.0,14.04629861589355,0.0,13.044035899572703,0.0,11.365617299346088,0.0,9.00557973059301,0.0,7.340802729980683,0.0,5.633864042811853,0.0,3.3053717224403836,0.0
Pffpn,388.4980392156863,0.0,18.33482724331733,0.0,401.711424005097,0.0,395.0,0.0,357.0,0.0,322.0,0.0,269.0,0.0,208.0,0.0,132.0,0.0,91.0,0.0,50.0,0.0,32.0,0.0,13.704025306611227,0.0,19.87460691435179,0.0,18.894443627691185,0.0,17.944358444926362,0.0,16.401219466856727,0.0,14.422205101855956,0.0,11.489125293076057,0.0,9.539392014169456,0.0,7.0710678118654755,0.0,5.656854249492381,0.0,,,,,,,,,,,,,,,,,,,,,5.2818854003248985,0.0,,,,,,,,,,,,,,,,,,,,,13.703976564364911,0.0,18.046384094799482,0.0,17.182017049530103,0.0,16.29937750637829,0.0,14.57222546282017,0.0,12.407414615632975,0.0,9.629840966145288,0.0,7.988440009755506,0.0,6.12909158066318,0.0,4.709253403943395,0.0
Pfgdm,471.98039215686276,0.0,20.174692274763245,0.0,486.31062435713557,0.0,533.0,0.0,474.0,0.0,416.0,0.0,367.0,0.0,283.0,0.0,211.0,0.0,159.0,0.0,109.0,0.0,80.0,0.0,16.004105163103677,0.0,23.08679276123039,0.0,21.77154105707724,0.0,20.396078054371138,0.0,19.157244060668017,0.0,16.822603841260722,0.0,14.52583904633395,0.0,12.609520212918492,0.0,10.44030650891055,0.0,8.94427190999916,0.0,,,,,,,,,,,,,,,,,,,,,9.982647514896097,0.0,,,,,,,,,,,,,,,,,,,,,16.003918016270003,0.0,20.84517688338022,0.0,19.858048173680878,0.0,18.760607020759295,0.0,17.37079035816006,0.0,14.936404284949674,0.0,12.56957096222187,0.0,10.801937550938279,0.0,8.797037556593247,0.0,7.295908241152293,0.0
Pfihl,344.54509803921576,0.0,17.359707111241292,0.0,416.1212854300464,0.0,365.0,0.0,320.0,0.0,286.0,0.0,251.0,0.0,193.0,0.0,141.0,0.0,95.0,0.0,58.0,0.0,19.0,0.0,14.061297309710834,0.0,19.1049731745428,0.0,17.88854381999832,0.0,16.911534525287763,0.0,15.84297951775486,0.0,13.892443989449804,0.0,11.874342087037917,0.0,9.746794344808963,0.0,7.615773105863909,0.0,4.358898943540674,0.0,,,,,,,,,,,,,,,,,,,,,4.374688341731427,0.0,,,,,,,,,,,,,,,,,,,,,14.061269397892408,0.0,17.115233049102613,0.0,16.10300625971434,0.0,15.15825495159063,0.0,13.974023858798574,0.0,11.935364407564025,0.0,9.957366764768295,0.0,8.164720617141864,0.0,6.74736506274919,0.0,3.3708594726904497,0.0
Pfiii,283.8862745098039,0.0,15.660610869154459,0.0,401.04645166341334,0.0,287.0,0.0,261.0,0.0,228.0,0.0,205.0,0.0,169.0,0.0,121.0,0.0,81.0,0.0,35.0,0.0,11.0,0.0,13.596041136973717,0.0,16.941074346097416,0.0,16.15549442140351,0.0,15.0996688705415,0.0,14.317821063276353,0.0,13.0,0.0,11.0,0.0,9.0,0.0,5.916079783099616,0.0,3.3166247903554,0.0,,,,,,,,,,,,,,,,,,,,,8.76959270425017,0.0,,,,,,,,,,,,,,,,,,,,,13.59567094234468,0.0,14.974090179135715,0.0,14.280244870553513,0.0,13.346354172396529,0.0,12.483072074960777,0.0,11.02266256833787,0.0,8.97673437201963,0.0,7.039239580275352,0.0,4.872204694129601,0.0,2.6992286582485914,0.0
Pfint,326.8941176470588,0.0,16.78768795110155,0.0,382.55412607008884,0.0,330.0,0.0,300.0,0.0,264.0,0.0,226.0,0.0,169.0,0.0,109.0,0.0,65.0,0.0,24.0,0.0,9.0,0.0,13.002160863913748,0.0,18.16590212458495,0.0,17.320508075688775,0.0,16.24807680927192,0.0,15.033296378372908,0.0,13.0,0.0,10.44030650891055,0.0,8.06225774829855,0.0,4.898979485566356,0.0,3.0,0.0,,,,,,,,,,,,,,,,,,,,,4.059941398277733,0.0,,,,,,,,,,,,,,,,,,,,,13.002158404226968,0.0,16.117347776975308,0.0,15.493146499764297,0.0,14.47955117793194,0.0,13.120751851254916,0.0,10.944463293831664,0.0,8.393174076482714,0.0,6.258273031146241,0.0,4.061705891553997,0.0,2.5217663651109694,0.0
Pflug,385.5098039215687,0.0,18.27832031298424,0.0,415.4185438955972,0.0,422.0,0.0,378.0,0.0,322.0,0.0,266.0,0.0,202.0,0.0,140.0,0.0,92.0,0.0,55.0,0.0,30.0,0.0,13.927068315567231,0.0,20.54263858417414,0.0,19.44222209522358,0.0,17.944358444926362,0.0,16.30950643030009,0.0,14.212670403551895,0.0,11.832159566199232,0.0,9.591663046625438,0.0,7.416198487095663,0.0,5.477225575051661,0.0,,,,,,,,,,,,,,,,,,,,,7.967607749385764,0.0,,,,,,,,,,,,,,,,,,,,,13.926843831243827,0.0,18.45540474259577,0.0,17.58459468472411,0.0,16.143069072936907,0.0,14.295742935157476,0.0,12.268947652623448,0.0,9.906702760279842,0.0,7.918613731489415,0.0,6.233430954218986,0.0,4.020864725973143,0.0
Pfote,335.8470588235294,0.0,16.931439195118443,0.0,366.639370378469,0.0,347.0,0.0,308.0,0.0,260.0,0.0,216.0,0.0,157.0,0.0,87.0,0.0,58.0,0.0,20.0,0.0,9.0,0.0,12.349559556167636,0.0,18.627936010197157,0.0,17.549928774784245,0.0,16.1245154965971,0.0,14.696938456699069,0.0,12.529964086141668,0.0,9.327379053088816,0.0,7.615773105863909,0.0,4.47213595499958,0.0,3.0,0.0,,,,,,,,,,,,,,,,,,,,,3.499647255111342,0.0,,,,,,,,,,,,,,,,,,,,,12.349118997212663,0.0,16.55656404586928,0.0,15.561533751556032,0.0,14.38637792410102,0.0,12.843519274654973,0.0,10.537568728244148,0.0,7.495995120095388,0.0,6.0381496888658965,0.0,3.640025444138522,0.0,2.5217663651109694,0.0
Pfptb,394.91372549019604,0.0,18.387181483483932,0.0,406.6514034334647,0.0,420.0,0.0,381.0,0.0,335.0,0.0,272.0,0.0,212.0,0.0,129.0,0.0,87.0,0.0,49.0,0.0,27.0,0.0,13.69719872043007,0.0,20.493901531919196,0.0,19.519221295943137,0.0,18.303005217723125,0.0,16.492422502470642,0.0,14.560219778561036,0.0,11.357816691600547,0.0,9.327379053088816,0.0,7.0,0.0,5.196152422706632,0.0,,,,,,,,,,,,,,,,,,,,,4.396968431430734,0.0,,,,,,,,,,,,,,,,,,,,,13.696562513848653,0.0,18.628888410699627,0.0,17.763980251033278,0.0,16.627250402176788,0.0,14.653475594238774,0.0,12.567438426060134,0.0,9.652255774396124,0.0,7.690172880896223,0.0,5.805241622729767,0.0,4.33771730275523,0.0
Pfudu,397.2352941176471,0.0,18.521298773737534,0.0,389.30684857172866,0.0,432.0,0.0,394.0,0.0,332.0,0.0,278.0,0.0,183.0,0.0,105.0,0.0,63.0,0.0,33.0,0.0,18.0,0.0,13.0351334032634,0.0,20.784609690826528,0.0,19.849433241279208,0.0,18.2208671582886,0.0,16.673332000533065,0.0,13.527749258468683,0.0,10.246950765959598,0.0,7.937253933193772,0.0,5.744562646538029,0.0,4.242640687119285,0.0,,,,,,,,,,,,,,,,,,,,,4.926942369561578,0.0,,,,,,,,,,,,,,,,,,,,,13.035063878398692,0.0,18.74165879014229,0.0,17.871273945676972,0.0,16.385612237038252,0.0,14.571910715841799,0.0,11.217946154544272,0.0,8.371494423601625,0.0,6.5775522041028,0.0,5.019087544428795,0.0,3.536689403160078,0.0
Pgrpr,388.24313725490197,0.0,18.340096057929237,0.0,394.75404237972174,0.0,406.0,0.0,363.0,0.0,316.0,0.0,265.0,0.0,191.0,0.0,120.0,0.0,81.0,0.0,41.0,0.0,34.0,0.0,13.261464082856229,0.0,20.149441679609886,0.0,19.05255888325765,0.0,17.776388834631177,0.0,16.278820596099706,0.0,13.820274961085254,0.0,10.954451150103322,0.0,9.0,0.0,6.4031242374328485,0.0,5.830951894845301,0.0,,,,,,,,,,,,,,,,,,,,,5.300173470541624,0.0,,,,,,,,,,,,,,,,,,,,,13.262019015448693,0.0,18.205925532674264,0.0,17.23847003406925,0.0,15.873442840612892,0.0,14.404269374325187,0.0,11.821753657579055,0.0,9.03614923332157,0.0,7.273739865102505,0.0,5.17797550361266,0.0,4.505059572061955,0.0
Phase,370.8862745098039,0.0,17.833259062678835,0.0,339.5100563425146,0.0,377.0,0.0,329.0,0.0,275.0,0.0,217.0,0.0,144.0,0.0,67.0,0.0,36.0,0.0,19.0,0.0,12.0,0.0,11.430006305119054,0.0,19.4164878389476,0.0,18.138357147217054,0.0,16.583123951777,0.0,14.730919862656235,0.0,12.0,0.0,8.18535277187245,0.0,6.0,0.0,4.358898943540674,0.0,3.4641016151377544,0.0,,,,,,,,,,,,,,,,,,,,,4.951399613877327,0.0,,,,,,,,,,,,,,,,,,,,,11.429841741258484,0.0,17.48751838708032,0.0,16.34522659610636,0.0,14.79441889239122,0.0,12.81801127289366,0.0,9.942634368085686,0.0,6.44451041874785,0.0,4.767241306779391,0.0,3.8785798119313335,0.0,3.000484787208892,0.0
Photo,371.2705882352941,0.0,17.832737326866337,0.0,362.73693660859556,0.0,388.0,0.0,350.0,0.0,298.0,0.0,239.0,0.0,163.0,0.0,83.0,0.0,54.0,0.0,21.0,0.0,12.0,0.0,12.15884554843193,0.0,19.697715603592208,0.0,18.708286933869708,0.0,17.26267650163207,0.0,15.459624833740307,0.0,12.767145334803704,0.0,9.1104335791443,0.0,7.3484692283495345,0.0,4.58257569495584,0.0,3.4641016151377544,0.0,,,,,,,,,,,,,,,,,,,,,4.863884804395677,0.0,,,,,,,,,,,,,,,,,,,,,12.158783885387985,0.0,17.69467322896084,0.0,16.765999270725455,0.0,15.442845974644522,0.0,13.525037420784464,0.0,10.797323442390155,0.0,7.232607562819095,0.0,5.8146298431954975,0.0,3.9599760090841185,0.0,3.000484787208892,0.0
Phsth,386.7764705882353,0.0,18.29887040798916,0.0,376.7770383328872,0.0,414.0,0.0,361.0,0.0,309.0,0.0,257.0,0.0,182.0,0.0,101.0,0.0,60.0,0.0,38.0,0.0,17.0,0.0,12.717727686692596,0.0,20.346989949375804,0.0,19.0,0.0,17.578395831246947,0.0,16.0312195418814,0.0,13.490737563232042,0.0,10.04987562112089,0.0,7.745966692414834,0.0,6.164414002968976,0.0,4.123105625617661,0.0,,,,,,,,,,,,,,,,,,,,,4.216272582250658,0.0,,,,,,,,,,,,,,,,,,,,,12.717492817678822,0.0,18.360502525465062,0.0,17.26438879929191,0.0,15.815263393084203,0.0,14.14392774478776,0.0,11.422301733002826,0.0,8.278904935927383,0.0,6.522411862582096,0.0,5.509149292910317,0.0,3.344000457867733,0.0
Piano,346.4274509803921,0.0,17.214407474055395,0.0,351.9160869083963,0.0,349.0,0.0,313.0,0.0,271.0,0.0,220.0,0.0,151.0,0.0,80.0,0.0,42.0,0.0,8.0,0.0,0.0,0.0,11.925082133401947,0.0,18.681541692269406,0.0,17.69180601295413,0.0,16.46207763315433,0.0,14.832396974191326,0.0,12.288205727444508,0.0,8.94427190999916,0.0,6.48074069840786,0.0,2.8284271247461903,0.0,0.0,0.0,,,,,,,,,,,,,,,,,,,,,4.169914728889798,0.0,,,,,,,,,,,,,,,,,,,,,11.925238806310475,0.0,16.73389726471601,0.0,15.889784826530104,0.0,14.6549177725922,0.0,12.927172619020281,0.0,10.18221994178418,0.0,6.735817103354354,0.0,4.490177600642862,0.0,2.030859595150018,0.0,0.0,0.0
Pigil,336.1882352941177,0.0,17.08978933907552,0.0,418.0312394543384,0.0,360.0,0.0,320.0,0.0,281.0,0.0,247.0,0.0,195.0,0.0,136.0,0.0,93.0,0.0,55.0,0.0,24.0,0.0,14.074945904083929,0.0,18.973665961010276,0.0,17.88854381999832,0.0,16.76305461424021,0.0,15.716233645501712,0.0,13.96424004376894,0.0,11.661903789690601,0.0,9.643650760992955,0.0,7.416198487095663,0.0,4.898979485566356,0.0,,,,,,,,,,,,,,,,,,,,,5.681473725296332,0.0,,,,,,,,,,,,,,,,,,,,,14.074329305321502,0.0,16.959301748685135,0.0,16.131723963990957,0.0,15.065846090705186,0.0,13.936194757179882,0.0,12.072606549393996,0.0,9.691617079691886,0.0,7.6025768379486385,0.0,5.958720022761731,0.0,3.3738329492262906,0.0
Pille,304.7294117647059,0.0,16.347730396589288,0.0,391.59677144160685,0.0,319.0,0.0,275.0,0.0,242.0,0.0,210.0,0.0,168.0,0.0,112.0,0.0,76.0,0.0,39.0,0.0,10.0,0.0,13.25452952645536,0.0,17.86057109949175,0.0,16.583123951777,0.0,15.556349186104045,0.0,14.491376746189438,0.0,12.96148139681572,0.0,10.583005244258363,0.0,8.717797887081348,0.0,6.244997998398398,0.0,3.1622776601683795,0.0,,,,,,,,,,,,,,,,,,,,,4.138771601220057,0.0,,,,,,,,,,,,,,,,,,,,,13.254270382648977,0.0,15.95021965349543,0.0,14.864473308693876,0.0,13.888569245097212,0.0,12.802301286958338,0.0,11.107704174239853,0.0,8.849488155685927,0.0,7.170912003682311,0.0,5.77340762260937,0.0,2.4288058989325174,0.0
Pilot,307.43921568627457,0.0,16.279774721261028,0.0,383.5353540507481,0.0,320.0,0.0,280.0,0.0,244.0,0.0,209.0,0.0,158.0,0.0,108.0,0.0,69.0,0.0,26.0,0.0,5.0,0.0,12.944456169998391,0.0,17.88854381999832,0.0,16.73320053068151,0.0,15.620499351813308,0.0,14.45683229480096,0.0,12.569805089976535,0.0,10.392304845413264,0.0,8.306623862918075,0.0,5.0990195135927845,0.0,2.23606797749979,0.0,,,,,,,,,,,,,,,,,,,,,3.670194850866499,0.0,,,,,,,,,,,,,,,,,,,,,12.944707492067892,0.0,15.687847754479943,0.0,14.776554007955445,0.0,13.790133035297874,0.0,12.597690977620928,0.0,10.560122950090387,0.0,8.387565279256092,0.0,6.460775674977013,0.0,4.447676514348121,0.0,1.728702033370433,0.0
Pilze,313.6392156862745,0.0,16.54992934958803,0.0,375.7407836658,0.0,326.0,0.0,283.0,0.0,247.0,0.0,205.0,0.0,161.0,0.0,99.0,0.0,57.0,0.0,26.0,0.0,5.0,0.0,12.677693274375654,0.0,18.05547008526779,0.0,16.822603841260722,0.0,15.716233645501712,0.0,14.317821063276353,0.0,12.68857754044952,0.0,9.9498743710662,0.0,7.54983443527075,0.0,5.0990195135927845,0.0,2.23606797749979,0.0,,,,,,,,,,,,,,,,,,,,,3.71405125321514,0.0,,,,,,,,,,,,,,,,,,,,,12.67782608851638,0.0,16.13679603404226,0.0,15.004315568028826,0.0,13.908430580401468,0.0,12.452215425135627,0.0,10.67288898863474,0.0,7.978706091295435,0.0,5.89839638320217,0.0,4.430054283017769,0.0,1.728702033370433,0.0
Pinne,352.41568627450977,0.0,17.480144830159517,0.0,346.3214987054988,0.0,353.0,0.0,315.0,0.0,278.0,0.0,231.0,0.0,155.0,0.0,69.0,0.0,30.0,0.0,7.0,0.0,0.0,0.0,11.759315724646209,0.0,18.788294228055936,0.0,17.74823934929885,0.0,16.673332000533065,0.0,15.198684153570664,0.0,12.449899597988733,0.0,8.306623862918075,0.0,5.477225575051661,0.0,2.6457513110645907,0.0,0.0,0.0,,,,,,,,,,,,,,,,,,,,,3.585210901164813,0.0,,,,,,,,,,,,,,,,,,,,,11.759831773736687,0.0,16.980864559591375,0.0,16.06461147250537,0.0,14.90131740101471,0.0,13.289641968026647,0.0,10.273886032657884,0.0,6.192848544352881,0.0,3.7335364596953777,0.0,2.0071385088597786,0.0,0.0,0.0
Pinni,332.7882352941176,0.0,17.001450963703167,0.0,367.2319926676435,0.0,332.0,0.0,304.0,0.0,270.0,0.0,231.0,0.0,165.0,0.0,88.0,0.0,46.0,0.0,16.0,0.0,2.0,0.0,12.541413588506936,0.0,18.2208671582886,0.0,17.435595774162696,0.0,16.431676725154983,0.0,15.198684153570664,0.0,12.84523257866513,0.0,9.38083151964686,0.0,6.782329983125268,0.0,4.0,0.0,1.4142135623730951,0.0,,,,,,,,,,,,,,,,,,,,,4.106522706747246,0.0,,,,,,,,,,,,,,,,,,,,,12.541743808194763,0.0,16.367931005478937,0.0,15.728346833911477,0.0,14.60323192461924,0.0,13.26263654933998,0.0,10.667492189973963,0.0,7.150341616586798,0.0,4.83467392018655,0.0,2.995994693788641,0.0,0.9625466294888946,0.0
Pirat,303.61960784313726,0.0,16.12477920535275,0.0,364.184801019402,0.0,306.0,0.0,270.0,0.0,230.0,0.0,197.0,0.0,150.0,0.0,95.0,0.0,54.0,0.0,10.0,0.0,0.0,0.0,12.325825311246422,0.0,17.4928556845359,0.0,16.431676725154983,0.0,15.165750888103101,0.0,14.035668847618199,0.0,12.24744871391589,0.0,9.746794344808963,0.0,7.3484692283495345,0.0,3.1622776601683795,0.0,0.0,0.0,,,,,,,,,,,,,,,,,,,,,3.804395279427398,0.0,,,,,,,,,,,,,,,,,,,,,12.326526158549074,0.0,15.35749066511292,0.0,14.536571289433809,0.0,13.234739900164849,0.0,12.115959772060325,0.0,10.118758618816612,0.0,7.613730988208254,0.0,5.29480341095305,0.0,2.2649180310075123,0.0,0.0,0.0
Piste,305.07843137254906,0.0,16.136701203185137,0.0,353.7906096708266,0.0,317.0,0.0,267.0,0.0,222.0,0.0,191.0,0.0,138.0,0.0,73.0,0.0,43.0,0.0,12.0,0.0,0.0,0.0,11.906569391127437,0.0,17.804493814764857,0.0,16.34013463836819,0.0,14.89966442575134,0.0,13.820274961085254,0.0,11.74734012447073,0.0,8.54400374531753,0.0,6.557438524302,0.0,3.4641016151377544,0.0,0.0,0.0,,,,,,,,,,,,,,,,,,,,,3.5287585222022844,0.0,,,,,,,,,,,,,,,,,,,,,11.906250106100673,0.0,15.639506510930067,0.0,14.391171211874616,0.0,13.12309756563564,0.0,11.961070034364027,0.0,9.649481373355266,0.0,6.602780747874203,0.0,4.796993748389766,0.0,2.397382716119062,0.0,0.0,0.0
Pizza,327.2352941176471,0.0,16.82234695785101,0.0,364.2287600597167,0.0,337.0,0.0,295.0,0.0,257.0,0.0,209.0,0.0,160.0,0.0,94.0,0.0,43.0,0.0,13.0,0.0,0.0,0.0,12.285413449614692,0.0,18.35755975068582,0.0,17.175564037317667,0.0,16.0312195418814,0.0,14.45683229480096,0.0,12.649110640673518,0.0,9.695359714832659,0.0,6.557438524302,0.0,3.605551275463989,0.0,0.0,0.0,,,,,,,,,,,,,,,,,,,,,3.683342142646305,0.0,,,,,,,,,,,,,,,,,,,,,12.285324091243767,0.0,16.48815523778589,0.0,15.345327215565403,0.0,14.116584032280192,0.0,12.394879406181298,0.0,10.462824288039123,0.0,7.271995800629016,0.0,4.476010534240892,0.0,2.4370814846771016,0.0,0.0,0.0
Plana,357.5725490196079,0.0,17.543849386265435,0.0,359.64356839527704,0.0,356.0,0.0,323.0,0.0,280.0,0.0,229.0,0.0,161.0,0.0,96.0,0.0,49.0,0.0,17.0,0.0,7.0,0.0,12.281439818177718,0.0,18.867962264113206,0.0,17.97220075561143,0.0,16.73320053068151,0.0,15.132745950421556,0.0,12.68857754044952,0.0,9.797958971132712,0.0,7.0,0.0,4.123105625617661,0.0,2.6457513110645907,0.0,,,,,,,,,,,,,,,,,,,,,3.516147626493199,0.0,,,,,,,,,,,,,,,,,,,,,12.281869950312723,0.0,17.014487590390974,0.0,16.284133532837334,0.0,14.993354619074577,0.0,13.270553148111196,0.0,10.66356904361201,0.0,7.743863693236659,0.0,5.380098897667212,0.0,3.688763073373746,0.0,2.2271431221184588,0.0
Platz,327.49411764705883,0.0,16.826579091929155,0.0,379.65336826731175,0.0,340.0,0.0,308.0,0.0,261.0,0.0,215.0,0.0,167.0,0.0,104.0,0.0,63.0,0.0,24.0,0.0,8.0,0.0,12.828809037973429,0.0,18.439088914585774,0.0,17.549928774784245,0.0,16.15549442140351,0.0,14.66287829861518,0.0,12.922847983320086,0.0,10.198039027185569,0.0,7.937253933193772,0.0,4.898979485566356,0.0,2.8284271247461903,0.0,,,,,,,,,,,,,,,,,,,,,3.243998816016102,0.0,,,,,,,,,,,,,,,,,,,,,12.82834080983385,0.0,16.390783142908745,0.0,15.637473396847911,0.0,14.378184979995561,0.0,12.798946434540147,0.0,10.931680471309699,0.0,8.23033735161671,0.0,6.246268850976441,0.0,4.050347854821324,0.0,2.280357197261983,0.0
Plbgt,395.2196078431372,0.0,18.426101457371267,0.0,413.8066647228897,0.0,433.0,0.0,392.0,0.0,341.0,0.0,273.0,0.0,204.0,0.0,136.0,0.0,89.0,0.0,51.0,0.0,25.0,0.0,13.813685424072986,0.0,20.808652046684813,0.0,19.79898987322333,0.0,18.466185312619388,0.0,16.522711641858304,0.0,14.2828568570857,0.0,11.661903789690601,0.0,9.433981132056603,0.0,7.14142842854285,0.0,5.0,0.0,,,,,,,,,,,,,,,,,,,,,5.305311916204616,0.0,,,,,,,,,,,,,,,,,,,,,13.813228288489391,0.0,18.700417722394953,0.0,17.93414963850556,0.0,16.611392927105783,0.0,14.595347840966998,0.0,12.331687343042473,0.0,9.830230696146817,0.0,7.550232107534241,0.0,5.675235433890337,0.0,3.4939616488321112,0.0
Plctt,302.10980392156864,0.0,16.103136447916214,0.0,382.48657984465945,0.0,312.0,0.0,279.0,0.0,241.0,0.0,205.0,0.0,161.0,0.0,98.0,0.0,67.0,0.0,23.0,0.0,7.0,0.0,12.896422647633807,0.0,17.663521732655695,0.0,16.703293088490067,0.0,15.524174696260024,0.0,14.317821063276353,0.0,12.68857754044952,0.0,9.899494936611665,0.0,8.18535277187245,0.0,4.795831523312719,0.0,2.6457513110645907,0.0,,,,,,,,,,,,,,,,,,,,,4.988415424046771,0.0,,,,,,,,,,,,,,,,,,,,,12.89584342735513,0.0,15.401277956405439,0.0,14.6719442899232,0.0,13.689613974120102,0.0,12.429655037950402,0.0,10.724442681489624,0.0,8.070049807787852,0.0,6.479408012574223,0.0,3.982168751165937,0.0,2.2271431221184588,0.0
Plint,318.1137254901961,0.0,16.634002131559498,0.0,384.55117045028067,0.0,324.0,0.0,295.0,0.0,259.0,0.0,223.0,0.0,166.0,0.0,108.0,0.0,64.0,0.0,24.0,0.0,7.0,0.0,13.04487292369244,0.0,18.0,0.0,17.175564037317667,0.0,16.09347693943108,0.0,14.933184523068078,0.0,12.884098726725126,0.0,10.392304845413264,0.0,8.0,0.0,4.898979485566356,0.0,2.6457513110645907,0.0,,,,,,,,,,,,,,,,,,,,,4.16148084713249,0.0,,,,,,,,,,,,,,,,,,,,,13.044901491420998,0.0,15.946480525094234,0.0,15.347718407874753,0.0,14.310479351546805,0.0,13.050104123784319,0.0,10.877927597266273,0.0,8.394323309907922,0.0,6.234975979913095,0.0,4.245664206855967,0.0,2.2271431221184588,0.0
Pllhn,369.60392156862747,0.0,18.055482435601505,0.0,404.78758817860006,0.0,390.0,0.0,347.0,0.0,311.0,0.0,266.0,0.0,200.0,0.0,131.0,0.0,81.0,0.0,49.0,0.0,14.0,0.0,13.700534361449316,0.0,19.748417658131498,0.0,18.627936010197157,0.0,17.635192088548397,0.0,16.30950643030009,0.0,14.142135623730951,0.0,11.445523142259598,0.0,9.0,0.0,7.0,0.0,3.7416573867739413,0.0,,,,,,,,,,,,,,,,,,,,,5.707272492629513,0.0,,,,,,,,,,,,,,,,,,,,,13.70064556601309,0.0,17.886194009779928,0.0,16.960198573095298,0.0,15.957419036160072,0.0,14.498682145893836,0.0,12.149035465023188,0.0,9.598178135542579,0.0,7.623455158552729,0.0,6.501179588467144,0.0,2.897362778313312,0.0
Plllf,313.87450980392157,0.0,16.64711194245434,0.0,432.2522154999953,0.0,330.0,0.0,296.0,0.0,263.0,0.0,234.0,0.0,201.0,0.0,156.0,0.0,117.0,0.0,69.0,0.0,26.0,0.0,14.58350790230133,0.0,18.16590212458495,0.0,17.204650534085253,0.0,16.217274740226856,0.0,15.297058540778355,0.0,14.177446878757825,0.0,12.489995996796797,0.0,10.816653826391969,0.0,8.306623862918075,0.0,5.0990195135927845,0.0,,,,,,,,,,,,,,,,,,,,,4.792658933519705,0.0,,,,,,,,,,,,,,,,,,,,,14.58321219206997,0.0,16.253972707004,0.0,15.529636258006585,0.0,14.572268541168622,0.0,13.627165836914354,0.0,12.380124699849997,0.0,10.730060281442187,0.0,9.161505598668114,0.0,7.50348013782137,0.0,4.019099454894698,0.0
Plots,318.6117647058823,0.0,16.511491693340556,0.0,369.35787431866504,0.0,332.0,0.0,296.0,0.0,243.0,0.0,206.0,0.0,150.0,0.0,89.0,0.0,58.0,0.0,20.0,0.0,7.0,0.0,12.437907898756974,0.0,18.2208671582886,0.0,17.204650534085253,0.0,15.588457268119896,0.0,14.352700094407323,0.0,12.24744871391589,0.0,9.433981132056603,0.0,7.615773105863909,0.0,4.47213595499958,0.0,2.6457513110645907,0.0,,,,,,,,,,,,,,,,,,,,,4.196802825427593,0.0,,,,,,,,,,,,,,,,,,,,,12.436899583362772,0.0,16.04394272570718,0.0,15.17403215196203,0.0,13.808619604372765,0.0,12.487406700910219,0.0,10.31927519600935,0.0,7.577360019614578,0.0,6.041780796150562,0.0,3.8420704044733887,0.0,2.2271431221184588,0.0
Pltmn,392.8666666666667,0.0,18.473729802356033,0.0,448.22403236387436,0.0,425.0,0.0,381.0,0.0,341.0,0.0,302.0,0.0,246.0,0.0,166.0,0.0,122.0,0.0,69.0,0.0,51.0,0.0,15.002857124525741,0.0,20.615528128088304,0.0,19.519221295943137,0.0,18.466185312619388,0.0,17.378147196982766,0.0,15.684387141358123,0.0,12.884098726725126,0.0,11.045361017187261,0.0,8.306623862918075,0.0,7.14142842854285,0.0,,,,,,,,,,,,,,,,,,,,,7.275114933079653,0.0,,,,,,,,,,,,,,,,,,,,,15.00254302568046,0.0,18.56636754179634,0.0,17.691133648171878,0.0,16.91989848137493,0.0,15.695212258367768,0.0,13.799639462479115,0.0,11.08395366201517,0.0,9.413437163491402,0.0,7.21849257958433,0.0,6.083154216166065,0.0
Plugu,397.278431372549,0.0,18.563740790209966,0.0,398.30742468541814,0.0,441.0,0.0,399.0,0.0,336.0,0.0,275.0,0.0,189.0,0.0,108.0,0.0,67.0,0.0,39.0,0.0,23.0,0.0,13.290525035187965,0.0,21.0,0.0,19.974984355438178,0.0,18.33030277982336,0.0,16.583123951777,0.0,13.74772708486752,0.0,10.392304845413264,0.0,8.18535277187245,0.0,6.244997998398398,0.0,4.795831523312719,0.0,,,,,,,,,,,,,,,,,,,,,6.150310392881263,0.0,,,,,,,,,,,,,,,,,,,,,13.29049853148287,0.0,18.909680856781677,0.0,18.028855573372507,0.0,16.469160932458824,0.0,14.434171084458933,0.0,11.540073469846487,0.0,8.595823714129297,0.0,6.597330225624223,0.0,5.073670084435356,0.0,3.4290407951979125,0.0
Plztz,322.08627450980396,0.0,16.776890423662596,0.0,389.3004584072368,0.0,342.0,0.0,309.0,0.0,265.0,0.0,220.0,0.0,172.0,0.0,109.0,0.0,65.0,0.0,27.0,0.0,8.0,0.0,13.079626271736002,0.0,18.49324200890693,0.0,17.578395831246947,0.0,16.278820596099706,0.0,14.832396974191326,0.0,13.114877048604,0.0,10.44030650891055,0.0,8.06225774829855,0.0,5.196152422706632,0.0,2.8284271247461903,0.0,,,,,,,,,,,,,,,,,,,,,3.4909172573635674,0.0,,,,,,,,,,,,,,,,,,,,,13.07943197653685,0.0,16.468375371139103,0.0,15.62211141016345,0.0,14.433042431327094,0.0,12.859767679222076,0.0,11.047514459078032,0.0,8.35239200024667,0.0,6.287744653829532,0.0,4.174827964294605,0.0,2.280357197261983,0.0
Pläne,364.3137254901961,0.0,17.723605660708586,0.0,364.04766544370705,0.0,370.0,0.0,334.0,0.0,288.0,0.0,236.0,0.0,161.0,0.0,92.0,0.0,52.0,0.0,23.0,0.0,13.0,0.0,12.38129581487769,0.0,19.235384061671343,0.0,18.275666882497067,0.0,16.97056274847714,0.0,15.362291495737216,0.0,12.68857754044952,0.0,9.591663046625438,0.0,7.211102550927978,0.0,4.795831523312719,0.0,3.605551275463989,0.0,,,,,,,,,,,,,,,,,,,,,3.0764628023001324,0.0,,,,,,,,,,,,,,,,,,,,,12.381587144311839,0.0,17.3656777528554,0.0,16.53575021293729,0.0,15.227958824824709,0.0,13.55691082250512,0.0,10.694246184134254,0.0,7.7679771303754235,0.0,5.717508938797459,0.0,4.30137413282503,0.0,3.140332777857216,0.0
Pmtmr,428.8117647058824,0.0,19.241631543803983,0.0,505.4483122892548,0.0,481.0,0.0,433.0,0.0,383.0,0.0,355.0,0.0,295.0,0.0,215.0,0.0,171.0,0.0,103.0,0.0,92.0,0.0,16.52205953047687,0.0,21.93171219946131,0.0,20.808652046684813,0.0,19.570385790780925,0.0,18.841443681416774,0.0,17.175564037317667,0.0,14.66287829861518,0.0,13.076696830622021,0.0,10.14889156509222,0.0,9.591663046625438,0.0,,,,,,,,,,,,,,,,,,,,,4.777990755959398,0.0,,,,,,,,,,,,,,,,,,,,,16.521529192636404,0.0,19.662968438367823,0.0,18.756232358112236,0.0,17.98940880609456,0.0,17.16647141416914,0.0,15.368708289703871,0.0,12.817807951064498,0.0,11.335688726444104,0.0,8.79449353453019,0.0,8.264152579629512,0.0
Pnrns,348.98823529411766,0.0,17.36150846450314,0.0,336.98313315137375,0.0,344.0,0.0,317.0,0.0,273.0,0.0,217.0,0.0,138.0,0.0,69.0,0.0,27.0,0.0,2.0,0.0,0.0,0.0,11.322632791097014,0.0,18.547236990991408,0.0,17.804493814764857,0.0,16.522711641858304,0.0,14.730919862656235,0.0,11.74734012447073,0.0,8.306623862918075,0.0,5.196152422706632,0.0,1.4142135623730951,0.0,0.0,0.0,,,,,,,,,,,,,,,,,,,,,3.4975906681529385,0.0,,,,,,,,,,,,,,,,,,,,,11.323222934143367,0.0,16.77300360893852,0.0,16.116997217513713,0.0,14.709219469824939,0.0,12.704855638034868,0.0,9.563255177120785,0.0,6.038939187806976,0.0,3.4167214492586555,0.0,0.7187909436737252,0.0,0.0,0.0
Pobei,357.7647058823529,0.0,17.458095046725894,0.0,354.32244737630646,0.0,372.0,0.0,341.0,0.0,285.0,0.0,218.0,0.0,142.0,0.0,77.0,0.0,38.0,0.0,19.0,0.0,4.0,0.0,11.816858186701488,0.0,19.28730152198591,0.0,18.466185312619388,0.0,16.881943016134134,0.0,14.7648230602334,0.0,11.916375287812984,0.0,8.774964387392123,0.0,6.164414002968976,0.0,4.358898943540674,0.0,2.0,0.0,,,,,,,,,,,,,,,,,,,,,5.53254734172788,0.0,,,,,,,,,,,,,,,,,,,,,11.817311080744071,0.0,17.288078711186163,0.0,16.52987751072578,0.0,14.982257482848153,0.0,12.796822578910676,0.0,9.92530804829176,0.0,6.946440065462546,0.0,4.507268980506209,0.0,3.253838098629449,0.0,1.172294235159871,0.0
Pokef,376.6823529411764,0.0,18.022433796628686,0.0,372.5940512347023,0.0,392.0,0.0,348.0,0.0,298.0,0.0,245.0,0.0,173.0,0.0,102.0,0.0,62.0,0.0,40.0,0.0,12.0,0.0,12.587383400280867,0.0,19.79898987322333,0.0,18.65475810617763,0.0,17.26267650163207,0.0,15.652475842498529,0.0,13.152946437965905,0.0,10.099504938362077,0.0,7.874007874011811,0.0,6.324555320336759,0.0,3.4641016151377544,0.0,,,,,,,,,,,,,,,,,,,,,3.70498429151376,0.0,,,,,,,,,,,,,,,,,,,,,12.5878124167581,0.0,17.750849838205596,0.0,16.87077290663404,0.0,15.488702583913412,0.0,13.771907604301036,0.0,11.225498977472272,0.0,8.281348102232043,0.0,6.414262543684669,0.0,5.3750828729905615,0.0,2.510489000399039,0.0
Polen,351.7372549019608,0.0,17.450512000764103,0.0,349.3268775663917,0.0,356.0,0.0,321.0,0.0,272.0,0.0,218.0,0.0,149.0,0.0,77.0,0.0,37.0,0.0,17.0,0.0,5.0,0.0,11.755035860293429,0.0,18.867962264113206,0.0,17.916472867168917,0.0,16.492422502470642,0.0,14.7648230602334,0.0,12.206555615733702,0.0,8.774964387392123,0.0,6.082762530298219,0.0,4.123105625617661,0.0,2.23606797749979,0.0,,,,,,,,,,,,,,,,,,,,,3.5137587850455057,0.0,,,,,,,,,,,,,,,,,,,,,11.755445473077772,0.0,16.985002661999502,0.0,16.123559584478635,0.0,14.784064298140725,0.0,12.901100661294919,0.0,10.201966201196909,0.0,6.898645648723607,0.0,4.754543248369392,0.0,3.8622879961482615,0.0,1.728702033370433,0.0
Polyp,380.5176470588235,0.0,18.11149543302412,0.0,400.9452980861901,0.0,403.0,0.0,361.0,0.0,311.0,0.0,256.0,0.0,200.0,0.0,128.0,0.0,85.0,0.0,48.0,0.0,31.0,0.0,13.517272848659838,0.0,20.074859899884732,0.0,19.0,0.0,17.635192088548397,0.0,16.0,0.0,14.142135623730951,0.0,11.313708498984761,0.0,9.219544457292887,0.0,6.928203230275509,0.0,5.5677643628300215,0.0,,,,,,,,,,,,,,,,,,,,,5.552402997246839,0.0,,,,,,,,,,,,,,,,,,,,,13.517242182873858,0.0,18.080317419454072,0.0,17.18343845979226,0.0,15.88784787294272,0.0,14.223895142050004,0.0,12.229220484559754,0.0,9.452261583003063,0.0,7.6254801212239816,0.0,6.1125881443703625,0.0,4.57818624043251,0.0
Poppo,415.4313725490196,0.0,18.880630304416258,0.0,368.5793546662776,0.0,429.0,0.0,381.0,0.0,332.0,0.0,262.0,0.0,180.0,0.0,96.0,0.0,63.0,0.0,39.0,0.0,30.0,0.0,12.452671480337942,0.0,20.71231517720798,0.0,19.519221295943137,0.0,18.2208671582886,0.0,16.186414056238647,0.0,13.416407864998739,0.0,9.797958971132712,0.0,7.937253933193772,0.0,6.244997998398398,0.0,5.477225575051661,0.0,,,,,,,,,,,,,,,,,,,,,4.309076703360203,0.0,,,,,,,,,,,,,,,,,,,,,12.452793859498215,0.0,18.74834648948128,0.0,17.63983388478604,0.0,16.39343254565487,0.0,14.357205555497444,0.0,11.483272868012307,0.0,8.029499741626587,0.0,6.5669999242344055,0.0,5.433590424730289,0.0,4.779374832884498,0.0
Porno,350.3058823529412,0.0,17.328681835281195,0.0,339.25359504121013,0.0,352.0,0.0,320.0,0.0,273.0,0.0,216.0,0.0,139.0,0.0,70.0,0.0,32.0,0.0,1.0,0.0,0.0,0.0,11.323044751593805,0.0,18.76166303929372,0.0,17.88854381999832,0.0,16.522711641858304,0.0,14.696938456699069,0.0,11.789826122551595,0.0,8.366600265340756,0.0,5.656854249492381,0.0,1.0,0.0,0.0,0.0,,,,,,,,,,,,,,,,,,,,,3.001328586166687,0.0,,,,,,,,,,,,,,,,,,,,,11.323043214875824,0.0,16.852810842472397,0.0,16.013518319648806,0.0,14.619737973286256,0.0,12.756834077987492,0.0,9.666793751200009,0.0,6.104586976854703,0.0,3.7365597566177065,0.0,0.30530506159266757,0.0,0.0,0.0
Porto,325.63529411764705,0.0,16.652328319089534,0.0,348.15643322453525,0.0,334.0,0.0,298.0,0.0,249.0,0.0,200.0,0.0,139.0,0.0,73.0,0.0,42.0,0.0,4.0,0.0,0.0,0.0,11.591123170556735,0.0,18.275666882497067,0.0,17.26267650163207,0.0,15.7797338380595,0.0,14.142135623730951,0.0,11.789826122551595,0.0,8.54400374531753,0.0,6.48074069840786,0.0,2.0,0.0,0.0,0.0,,,,,,,,,,,,,,,,,,,,,4.200056000360447,0.0,,,,,,,,,,,,,,,,,,,,,11.591225047243206,0.0,16.227537506835258,0.0,15.25298852104572,0.0,13.918841681614287,0.0,12.239660982214765,0.0,9.749726267464737,0.0,6.423437334467061,0.0,4.61278914164388,0.0,1.1064911182838226,0.0,0.0,0.0
Posse,330.2470588235294,0.0,16.71273862803634,0.0,320.91742433445864,0.0,338.0,0.0,283.0,0.0,224.0,0.0,180.0,0.0,115.0,0.0,48.0,0.0,18.0,0.0,4.0,0.0,0.0,0.0,10.594024785443722,0.0,18.384776310850235,0.0,16.822603841260722,0.0,14.966629547095765,0.0,13.416407864998739,0.0,10.723805294763608,0.0,6.928203230275509,0.0,4.242640687119285,0.0,2.0,0.0,0.0,0.0,,,,,,,,,,,,,,,,,,,,,3.653750318419001,0.0,,,,,,,,,,,,,,,,,,,,,10.593585764496671,0.0,16.242179863775224,0.0,14.885702892946568,0.0,13.06898154377592,0.0,11.450900609422643,0.0,8.472636273130849,0.0,4.762590727604944,0.0,2.538483936403382,0.0,1.0817114171542088,0.0,0.0,0.0
Potzt,325.51764705882357,0.0,16.68763663480271,0.0,355.3701368472481,0.0,337.0,0.0,301.0,0.0,252.0,0.0,198.0,0.0,146.0,0.0,81.0,0.0,40.0,0.0,9.0,0.0,0.0,0.0,11.869847101775692,0.0,18.35755975068582,0.0,17.349351572897472,0.0,15.874507866387544,0.0,14.071247279470288,0.0,12.083045973594572,0.0,9.0,0.0,6.324555320336759,0.0,3.0,0.0,0.0,0.0,,,,,,,,,,,,,,,,,,,,,4.585326576731751,0.0,,,,,,,,,,,,,,,,,,,,,11.870040212123847,0.0,16.114236896089995,0.0,15.263325025973648,0.0,13.974966223301598,0.0,12.107634272651305,0.0,10.04638856532978,0.0,6.808767666924437,0.0,4.471921442316954,0.0,1.7773948473696923,0.0,0.0,0.0
Ppktc,384.9450980392157,0.0,18.226217855085515,0.0,389.58852767046534,0.0,406.0,0.0,363.0,0.0,319.0,0.0,267.0,0.0,197.0,0.0,113.0,0.0,72.0,0.0,42.0,0.0,19.0,0.0,13.13158274788313,0.0,20.149441679609886,0.0,19.05255888325765,0.0,17.86057109949175,0.0,16.34013463836819,0.0,14.035668847618199,0.0,10.63014581273465,0.0,8.48528137423857,0.0,6.48074069840786,0.0,4.358898943540674,0.0,,,,,,,,,,,,,,,,,,,,,7.242913512706784,0.0,,,,,,,,,,,,,,,,,,,,,13.131672202623772,0.0,18.1554840333801,0.0,17.297206824699412,0.0,16.07855729939875,0.0,14.479343359317937,0.0,12.046023640869002,0.0,8.784370579465465,0.0,7.025240600923785,0.0,5.593337209409741,0.0,3.589001266332846,0.0
Pplbt,386.1333333333333,0.0,18.246972435879332,0.0,399.11949121656073,0.0,410.0,0.0,374.0,0.0,328.0,0.0,260.0,0.0,198.0,0.0,127.0,0.0,81.0,0.0,48.0,0.0,23.0,0.0,13.422053784362584,0.0,20.248456731316587,0.0,19.339079605813716,0.0,18.110770276274835,0.0,16.1245154965971,0.0,14.071247279470288,0.0,11.269427669584644,0.0,9.0,0.0,6.928203230275509,0.0,4.795831523312719,0.0,,,,,,,,,,,,,,,,,,,,,4.369910908280566,0.0,,,,,,,,,,,,,,,,,,,,,13.422428337066751,0.0,18.223086176654633,0.0,17.541838951888426,0.0,16.316427953153386,0.0,14.297493018456686,0.0,12.21103212482719,0.0,9.526980491798586,0.0,7.414994054835802,0.0,5.988876878965026,0.0,3.9111048515407236,0.0
Pqrpm,446.2352941176471,0.0,19.656767199415732,0.0,450.1022148250731,0.0,486.0,0.0,434.0,0.0,382.0,0.0,325.0,0.0,247.0,0.0,171.0,0.0,133.0,0.0,88.0,0.0,73.0,0.0,15.025133662145503,0.0,22.045407685048602,0.0,20.83266665599966,0.0,19.544820285692065,0.0,18.027756377319946,0.0,15.716233645501712,0.0,13.076696830622021,0.0,11.532562594670797,0.0,9.38083151964686,0.0,8.54400374531753,0.0,,,,,,,,,,,,,,,,,,,,,7.846348479344943,0.0,,,,,,,,,,,,,,,,,,,,,15.025614128137128,0.0,19.968075167487196,0.0,18.948205295509954,0.0,17.814547709069597,0.0,16.306679304849006,0.0,13.931821202897126,0.0,11.325175981768162,0.0,9.966852158414053,0.0,8.141432488439072,0.0,7.234719618154715,0.0
Prall,314.4431372549019,0.0,16.566893516417426,0.0,394.5811553590174,0.0,318.0,0.0,290.0,0.0,252.0,0.0,217.0,0.0,173.0,0.0,119.0,0.0,82.0,0.0,45.0,0.0,13.0,0.0,13.396597371289712,0.0,17.832554500127006,0.0,17.029386365926403,0.0,15.874507866387544,0.0,14.730919862656235,0.0,13.152946437965905,0.0,10.908712114635714,0.0,9.055385138137417,0.0,6.708203932499369,0.0,3.605551275463989,0.0,,,,,,,,,,,,,,,,,,,,,4.359945164764018,0.0,,,,,,,,,,,,,,,,,,,,,13.396205163998655,0.0,15.96143156584326,0.0,15.319015189402354,0.0,14.126081309257776,0.0,12.987791114853806,0.0,11.231859175999224,0.0,8.999256962108223,0.0,7.369410628135616,0.0,5.816844007483479,0.0,2.73516147471706,0.0
Prcms,364.7294117647059,0.0,17.665216801945743,0.0,416.441189969034,0.0,385.0,0.0,340.0,0.0,297.0,0.0,262.0,0.0,206.0,0.0,136.0,0.0,98.0,0.0,57.0,0.0,44.0,0.0,13.99904874055072,0.0,19.621416870348583,0.0,18.439088914585774,0.0,17.233687939614086,0.0,16.186414056238647,0.0,14.352700094407323,0.0,11.661903789690601,0.0,9.899494936611665,0.0,7.54983443527075,0.0,6.6332495807108,0.0,,,,,,,,,,,,,,,,,,,,,5.6073364904716465,0.0,,,,,,,,,,,,,,,,,,,,,13.998371028765481,0.0,17.50599935526092,0.0,16.549033640040246,0.0,15.476359826744336,0.0,14.377796325131182,0.0,12.46082565103548,0.0,9.83427877203319,0.0,8.341711889178901,0.0,6.368190016172714,0.0,5.6613953851328915,0.0
Prdfr,346.20000000000005,0.0,17.321536665349818,0.0,394.2989584598805,0.0,355.0,0.0,324.0,0.0,288.0,0.0,251.0,0.0,185.0,0.0,115.0,0.0,80.0,0.0,39.0,0.0,16.0,0.0,13.282918830288311,0.0,18.841443681416774,0.0,18.0,0.0,16.97056274847714,0.0,15.84297951775486,0.0,13.601470508735444,0.0,10.723805294763608,0.0,8.94427190999916,0.0,6.244997998398398,0.0,4.0,0.0,,,,,,,,,,,,,,,,,,,,,4.710603133838759,0.0,,,,,,,,,,,,,,,,,,,,,13.282064996905445,0.0,16.969581484894665,0.0,16.190810677283267,0.0,15.1834303264176,0.0,14.000905379677565,0.0,11.538034372621608,0.0,8.720795983466681,0.0,7.247730718885802,0.0,5.246381394965457,0.0,3.2109313092407685,0.0
Prebe,359.2549019607843,0.0,17.548420627306598,0.0,353.8503219379447,0.0,370.0,0.0,337.0,0.0,285.0,0.0,225.0,0.0,154.0,0.0,75.0,0.0,36.0,0.0,18.0,0.0,2.0,0.0,11.789922725199038,0.0,19.235384061671343,0.0,18.35755975068582,0.0,16.881943016134134,0.0,15.0,0.0,12.409673645990857,0.0,8.660254037844387,0.0,6.0,0.0,4.242640687119285,0.0,1.4142135623730951,0.0,,,,,,,,,,,,,,,,,,,,,4.11646148687159,0.0,,,,,,,,,,,,,,,,,,,,,11.789417109920652,0.0,17.35594725763471,0.0,16.526578759978996,0.0,14.983317476594452,0.0,13.026530479837405,0.0,10.375365536873144,0.0,6.8966773657558536,0.0,4.300513771653474,0.0,2.946777146596179,0.0,0.6618696519470317,0.0
Prgll,351.2117647058824,0.0,17.534512132498048,0.0,424.9892711648881,0.0,374.0,0.0,338.0,0.0,298.0,0.0,260.0,0.0,204.0,0.0,145.0,0.0,102.0,0.0,67.0,0.0,29.0,0.0,14.262613629827857,0.0,19.339079605813716,0.0,18.384776310850235,0.0,17.26267650163207,0.0,16.1245154965971,0.0,14.2828568570857,0.0,12.041594578792296,0.0,10.099504938362077,0.0,8.18535277187245,0.0,5.385164807134504,0.0,,,,,,,,,,,,,,,,,,,,,5.248227870562426,0.0,,,,,,,,,,,,,,,,,,,,,14.261986804215487,0.0,17.406303224941,0.0,16.686531374763224,0.0,15.555740253008711,0.0,14.36666514839202,0.0,12.410593705055428,0.0,10.128859351323467,0.0,8.238189367799306,0.0,6.779521716987651,0.0,3.7834773609179435,0.0
Prinz,322.88235294117646,0.0,16.77265537932691,0.0,369.2236862637106,0.0,323.0,0.0,300.0,0.0,264.0,0.0,221.0,0.0,158.0,0.0,97.0,0.0,45.0,0.0,16.0,0.0,1.0,0.0,12.467224726385622,0.0,17.97220075561143,0.0,17.320508075688775,0.0,16.24807680927192,0.0,14.866068747318506,0.0,12.569805089976535,0.0,9.848857801796104,0.0,6.708203932499369,0.0,4.0,0.0,1.0,0.0,,,,,,,,,,,,,,,,,,,,,4.0029659969077285,0.0,,,,,,,,,,,,,,,,,,,,,12.467317261171246,0.0,16.11465231765009,0.0,15.526088731999549,0.0,14.380520209149655,0.0,12.854489826657584,0.0,10.42922118240846,0.0,7.583869809352442,0.0,4.715147787027011,0.0,2.8567398820982275,0.0,0.4897494419998338,0.0
Prlxy,331.74901960784314,0.0,16.9439594664021,0.0,408.1530505138852,0.0,343.0,0.0,317.0,0.0,286.0,0.0,243.0,0.0,197.0,0.0,137.0,0.0,79.0,0.0,39.0,0.0,12.0,0.0,13.736996277065412,0.0,18.520259177452136,0.0,17.804493814764857,0.0,16.911534525287763,0.0,15.588457268119896,0.0,14.035668847618199,0.0,11.704699910719626,0.0,8.888194417315589,0.0,6.244997998398398,0.0,3.4641016151377544,0.0,,,,,,,,,,,,,,,,,,,,,4.627947349426761,0.0,,,,,,,,,,,,,,,,,,,,,13.736805456692215,0.0,16.488513651524535,0.0,15.921517131074525,0.0,15.047888467566555,0.0,13.605063084398688,0.0,11.872394837420632,0.0,9.528986268560963,0.0,6.9573060278801355,0.0,5.064353239449774,0.0,2.4538068887698596,0.0
Profo,335.24313725490197,0.0,16.91939912932333,0.0,370.9459497911783,0.0,340.0,0.0,309.0,0.0,267.0,0.0,222.0,0.0,163.0,0.0,96.0,0.0,64.0,0.0,24.0,0.0,7.0,0.0,12.494739010411763,0.0,18.439088914585774,0.0,17.578395831246947,0.0,16.34013463836819,0.0,14.89966442575134,0.0,12.767145334803704,0.0,9.797958971132712,0.0,8.0,0.0,4.898979485566356,0.0,2.6457513110645907,0.0,,,,,,,,,,,,,,,,,,,,,3.2509023021901613,0.0,,,,,,,,,,,,,,,,,,,,,12.494214238053706,0.0,16.484484729788036,0.0,15.653010657888327,0.0,14.503208121919682,0.0,13.018259963376412,0.0,10.724380342548042,0.0,7.70936823280782,0.0,6.180049582621529,0.0,3.8170548430888407,0.0,1.9949946886188294,0.0
Prost,313.64313725490194,0.0,16.333396417268663,0.0,355.09135829465936,0.0,316.0,0.0,283.0,0.0,234.0,0.0,199.0,0.0,142.0,0.0,77.0,0.0,44.0,0.0,13.0,0.0,0.0,0.0,11.913296291128978,0.0,17.776388834631177,0.0,16.822603841260722,0.0,15.297058540778355,0.0,14.106735979665885,0.0,11.916375287812984,0.0,8.774964387392123,0.0,6.6332495807108,0.0,3.605551275463989,0.0,0.0,0.0,,,,,,,,,,,,,,,,,,,,,3.9594247265875406,0.0,,,,,,,,,,,,,,,,,,,,,11.912680274011638,0.0,15.550613965241185,0.0,14.81641443232154,0.0,13.383138663920597,0.0,12.12593885345182,0.0,9.7418124729622,0.0,6.616496457326469,0.0,4.723591624763483,0.0,2.2136248767651665,0.0,0.0,0.0
Prrnz,327.9098039215686,0.0,16.91438195150004,0.0,363.3477116083933,0.0,325.0,0.0,305.0,0.0,267.0,0.0,222.0,0.0,156.0,0.0,93.0,0.0,44.0,0.0,12.0,0.0,1.0,0.0,12.240981818121751,0.0,18.027756377319946,0.0,17.46424919657298,0.0,16.34013463836819,0.0,14.89966442575134,0.0,12.489995996796797,0.0,9.643650760992955,0.0,6.6332495807108,0.0,3.4641016151377544,0.0,1.0,0.0,,,,,,,,,,,,,,,,,,,,,3.6789608801045874,0.0,,,,,,,,,,,,,,,,,,,,,12.241095592522537,0.0,16.204518584202788,0.0,15.662505702106456,0.0,14.382081468400226,0.0,12.873282488637003,0.0,10.280919019046616,0.0,7.368187367675844,0.0,4.628060037359815,0.0,2.208980361464301,0.0,0.4897494419998338,0.0
Prrrl,290.18823529411765,0.0,15.951217444036786,0.0,387.9124866027914,0.0,286.0,0.0,266.0,0.0,235.0,0.0,208.0,0.0,163.0,0.0,110.0,0.0,73.0,0.0,29.0,0.0,8.0,0.0,13.084671172581022,0.0,16.911534525287763,0.0,16.30950643030009,0.0,15.329709716755891,0.0,14.422205101855956,0.0,12.767145334803704,0.0,10.488088481701515,0.0,8.54400374531753,0.0,5.385164807134504,0.0,2.8284271247461903,0.0,,,,,,,,,,,,,,,,,,,,,5.633630831848996,0.0,,,,,,,,,,,,,,,,,,,,,13.084092975014297,0.0,15.099537345290656,0.0,14.49540623378414,0.0,13.400884403700134,0.0,12.545477669461047,0.0,10.701323055909494,0.0,8.452315257002867,0.0,6.678026178308281,0.0,4.384434001208783,0.0,2.1360381094173597,0.0
Pruxy,352.29803921568634,0.0,17.399703471380327,0.0,388.51447681371803,0.0,370.0,0.0,344.0,0.0,302.0,0.0,252.0,0.0,184.0,0.0,107.0,0.0,55.0,0.0,23.0,0.0,7.0,0.0,13.027829028666806,0.0,19.235384061671343,0.0,18.547236990991408,0.0,17.378147196982766,0.0,15.874507866387544,0.0,13.564659966250536,0.0,10.344080432788601,0.0,7.416198487095663,0.0,4.795831523312719,0.0,2.6457513110645907,0.0,,,,,,,,,,,,,,,,,,,,,3.743614071728372,0.0,,,,,,,,,,,,,,,,,,,,,13.027617673562673,0.0,17.15210440711562,0.0,16.545291833455323,0.0,15.418431866822909,0.0,13.716815713004992,0.0,11.157565125304874,0.0,8.135525091213895,0.0,5.444394388850883,0.0,3.3132755204444355,0.0,1.741406836884825,0.0
Psalm,385.34509803921566,0.0,18.20029405189784,0.0,432.83972241794874,0.0,416.0,0.0,369.0,0.0,318.0,0.0,273.0,0.0,224.0,0.0,156.0,0.0,116.0,0.0,72.0,0.0,52.0,0.0,14.572465407814105,0.0,20.396078054371138,0.0,19.209372712298546,0.0,17.832554500127006,0.0,16.522711641858304,0.0,14.966629547095765,0.0,12.489995996796797,0.0,10.770329614269007,0.0,8.48528137423857,0.0,7.211102550927978,0.0,,,,,,,,,,,,,,,,,,,,,8.487240405778605,0.0,,,,,,,,,,,,,,,,,,,,,14.571957889944375,0.0,18.260793236129693,0.0,17.41267998588682,0.0,16.214790861894926,0.0,14.857713541142587,0.0,13.163559281843176,0.0,10.63138778513983,0.0,9.19890114713453,0.0,7.416999384507613,0.0,6.079677673079213,0.0
Psölm,395.6235294117647,0.0,18.42466711568276,0.0,444.657167809984,0.0,436.0,0.0,388.0,0.0,334.0,0.0,289.0,0.0,233.0,0.0,163.0,0.0,125.0,0.0,80.0,0.0,56.0,0.0,14.861745611103991,0.0,20.8806130178211,0.0,19.697715603592208,0.0,18.275666882497067,0.0,17.0,0.0,15.264337522473747,0.0,12.767145334803704,0.0,11.180339887498949,0.0,8.94427190999916,0.0,7.483314773547883,0.0,,,,,,,,,,,,,,,,,,,,,8.201904983983118,0.0,,,,,,,,,,,,,,,,,,,,,14.861101599258031,0.0,18.704230834749456,0.0,17.803768454458588,0.0,16.611339080711428,0.0,15.279531096950533,0.0,13.46199028606739,0.0,10.928245968019334,0.0,9.632877030455932,0.0,7.903142921767453,0.0,6.315617539330749,0.0
Ptfff,330.6078431372549,0.0,16.839525737576842,0.0,414.1038141209939,0.0,342.0,0.0,304.0,0.0,272.0,0.0,232.0,0.0,196.0,0.0,145.0,0.0,105.0,0.0,58.0,0.0,26.0,0.0,14.065245403838093,0.0,18.49324200890693,0.0,17.435595774162696,0.0,16.492422502470642,0.0,15.231546211727817,0.0,14.0,0.0,12.041594578792296,0.0,10.246950765959598,0.0,7.615773105863909,0.0,5.0990195135927845,0.0,,,,,,,,,,,,,,,,,,,,,3.760511369608256,0.0,,,,,,,,,,,,,,,,,,,,,14.064778397557541,0.0,16.42469817569119,0.0,15.563966468625912,0.0,14.778767613740618,0.0,13.433997807185019,0.0,12.0955564471565,0.0,10.17030703891767,0.0,8.524736729860775,0.0,6.313542417212465,0.0,3.7910269963759933,0.0
Ptsls,306.61960784313726,0.0,16.189785607479415,0.0,368.2750132959686,0.0,322.0,0.0,275.0,0.0,225.0,0.0,195.0,0.0,146.0,0.0,91.0,0.0,55.0,0.0,27.0,0.0,8.0,0.0,12.42878839751593,0.0,17.944358444926362,0.0,16.583123951777,0.0,15.0,0.0,13.96424004376894,0.0,12.083045973594572,0.0,9.539392014169456,0.0,7.416198487095663,0.0,5.196152422706632,0.0,2.8284271247461903,0.0,,,,,,,,,,,,,,,,,,,,,4.4160280183026295,0.0,,,,,,,,,,,,,,,,,,,,,12.428117361609921,0.0,15.744475744674327,0.0,14.661924763828335,0.0,13.145588218233602,0.0,12.111385380244243,0.0,10.097074918470133,0.0,7.673337778481926,0.0,5.872416333094178,0.0,4.441815066656047,0.0,2.0200613636205995,0.0
Pulli,315.64705882352945,0.0,16.64385613202311,0.0,393.8254907360158,0.0,331.0,0.0,297.0,0.0,259.0,0.0,213.0,0.0,169.0,0.0,113.0,0.0,76.0,0.0,42.0,0.0,12.0,0.0,13.310788725164002,0.0,18.193405398660254,0.0,17.233687939614086,0.0,16.09347693943108,0.0,14.594519519326424,0.0,13.0,0.0,10.63014581273465,0.0,8.717797887081348,0.0,6.48074069840786,0.0,3.4641016151377544,0.0,,,,,,,,,,,,,,,,,,,,,7.849890273476105,0.0,,,,,,,,,,,,,,,,,,,,,13.311291425869332,0.0,16.27214255300164,0.0,15.456223689175179,0.0,14.316813150672344,0.0,12.79277575459108,0.0,11.125635055036966,0.0,8.805400250938064,0.0,7.176336031391893,0.0,5.86730441876076,0.0,2.6122920020165767,0.0
Pumor,398.6,0.0,18.52705369371452,0.0,411.3047465936666,0.0,429.0,0.0,379.0,0.0,336.0,0.0,280.0,0.0,205.0,0.0,135.0,0.0,93.0,0.0,50.0,0.0,44.0,0.0,13.772167093748031,0.0,20.71231517720798,0.0,19.467922333931785,0.0,18.33030277982336,0.0,16.73320053068151,0.0,14.317821063276353,0.0,11.61895003862225,0.0,9.643650760992955,0.0,7.0710678118654755,0.0,6.6332495807108,0.0,,,,,,,,,,,,,,,,,,,,,5.872410182428096,0.0,,,,,,,,,,,,,,,,,,,,,13.772793596719813,0.0,18.587855148974654,0.0,17.487102455090206,0.0,16.498773161612416,0.0,14.847978243158,0.0,12.393679289728833,0.0,9.724118442256698,0.0,8.127541523917486,0.0,6.1322128399636,0.0,5.662553709140418,0.0
Pumpe,442.0313725490196,0.0,19.550918152740245,0.0,415.33487512587317,0.0,477.0,0.0,416.0,0.0,368.0,0.0,301.0,0.0,223.0,0.0,138.0,0.0,102.0,0.0,69.0,0.0,60.0,0.0,13.98403370122783,0.0,21.840329667841555,0.0,20.396078054371138,0.0,19.183326093250876,0.0,17.349351572897472,0.0,14.933184523068078,0.0,11.74734012447073,0.0,10.099504938362077,0.0,8.306623862918075,0.0,7.745966692414834,0.0,,,,,,,,,,,,,,,,,,,,,5.085083616921427,0.0,,,,,,,,,,,,,,,,,,,,,13.98418632800743,0.0,19.787248831456836,0.0,18.522116536944324,0.0,17.447565231969207,0.0,15.572547737658354,0.0,13.109822840928304,0.0,10.144105626153783,0.0,8.827317540939097,0.0,7.235444198661325,0.0,6.629501576958397,0.0
Punks,390.6705882352941,0.0,18.3868084535008,0.0,352.0202873549248,0.0,409.0,0.0,361.0,0.0,313.0,0.0,249.0,0.0,168.0,0.0,77.0,0.0,35.0,0.0,20.0,0.0,2.0,0.0,11.871092959863105,0.0,20.223748416156685,0.0,19.0,0.0,17.69180601295413,0.0,15.7797338380595,0.0,12.96148139681572,0.0,8.774964387392123,0.0,5.916079783099616,0.0,4.47213595499958,0.0,1.4142135623730951,0.0,,,,,,,,,,,,,,,,,,,,,3.161306037813426,0.0,,,,,,,,,,,,,,,,,,,,,11.870956095196924,0.0,18.30443013798542,0.0,17.261362875805528,0.0,15.83640961280475,0.0,13.808230715941605,0.0,10.940474301697924,0.0,6.8257956497769,0.0,4.577629519716833,0.0,3.926160239668837,0.0,0.6618696519470317,0.0
Punkt,388.66666666666663,0.0,18.364931561672048,0.0,365.36728327569426,0.0,408.0,0.0,364.0,0.0,322.0,0.0,258.0,0.0,182.0,0.0,88.0,0.0,45.0,0.0,23.0,0.0,2.0,0.0,12.340122661712423,0.0,20.199009876724155,0.0,19.078784028338912,0.0,17.944358444926362,0.0,16.06237840420901,0.0,13.490737563232042,0.0,9.38083151964686,0.0,6.708203932499369,0.0,4.795831523312719,0.0,1.4142135623730951,0.0,,,,,,,,,,,,,,,,,,,,,3.292186346778252,0.0,,,,,,,,,,,,,,,,,,,,,12.339967110742085,0.0,18.210753536472243,0.0,17.315783673165733,0.0,16.065830880402434,0.0,14.10407388772091,0.0,11.452234872399044,0.0,7.403648717177948,0.0,5.20398499276193,0.0,4.060132697332429,0.0,0.6618696519470317,0.0
Puppe,419.27450980392155,0.0,19.053165867266042,0.0,363.3183746250808,0.0,434.0,0.0,382.0,0.0,336.0,0.0,260.0,0.0,176.0,0.0,86.0,0.0,55.0,0.0,39.0,0.0,30.0,0.0,12.296896459696438,0.0,20.83266665599966,0.0,19.544820285692065,0.0,18.33030277982336,0.0,16.1245154965971,0.0,13.2664991614216,0.0,9.273618495495704,0.0,7.416198487095663,0.0,6.244997998398398,0.0,5.477225575051661,0.0,,,,,,,,,,,,,,,,,,,,,4.108837516649087,0.0,,,,,,,,,,,,,,,,,,,,,12.297363147132726,0.0,18.91918656056348,0.0,17.71272044704201,0.0,16.50467495198801,0.0,14.24262966675086,0.0,11.306176090913214,0.0,7.703052291542997,0.0,6.286783180541019,0.0,5.445750847030944,0.0,4.779374832884498,0.0
Purty,340.1019607843137,0.0,17.08083502141611,0.0,374.65068747587134,0.0,356.0,0.0,323.0,0.0,281.0,0.0,223.0,0.0,165.0,0.0,98.0,0.0,59.0,0.0,16.0,0.0,6.0,0.0,12.56235431255775,0.0,18.867962264113206,0.0,17.97220075561143,0.0,16.76305461424021,0.0,14.933184523068078,0.0,12.84523257866513,0.0,9.899494936611665,0.0,7.681145747868608,0.0,4.0,0.0,2.449489742783178,0.0,,,,,,,,,,,,,,,,,,,,,4.109313032462072,0.0,,,,,,,,,,,,,,,,,,,,,12.562371316924278,0.0,16.747280307423054,0.0,15.95518386978914,0.0,14.878489869694432,0.0,12.969415160305571,0.0,10.815036632953529,0.0,7.876111989924132,0.0,5.840046711775986,0.0,2.8907145359081468,0.0,1.6996297876350919,0.0
Puxil,327.0156862745098,0.0,16.857731584850058,0.0,382.9270908418437,0.0,341.0,0.0,307.0,0.0,270.0,0.0,222.0,0.0,167.0,0.0,103.0,0.0,59.0,0.0,30.0,0.0,9.0,0.0,12.945809831514117,0.0,18.466185312619388,0.0,17.52141546793523,0.0,16.431676725154983,0.0,14.89966442575134,0.0,12.922847983320086,0.0,10.14889156509222,0.0,7.681145747868608,0.0,5.477225575051661,0.0,3.0,0.0,,,,,,,,,,,,,,,,,,,,,6.763985107135082,0.0,,,,,,,,,,,,,,,,,,,,,12.945780491924294,0.0,16.519343700517265,0.0,15.698066492421512,0.0,14.554605613916545,0.0,12.935359331897104,0.0,10.774954426675913,0.0,8.089946190667394,0.0,5.890283765477226,0.0,4.516570130829991,0.0,2.1700641943904446,0.0
Pxdvl,362.8666666666667,0.0,17.735232009776464,0.0,409.97934278764427,0.0,383.0,0.0,349.0,0.0,309.0,0.0,271.0,0.0,201.0,0.0,127.0,0.0,86.0,0.0,45.0,0.0,20.0,0.0,13.806446169064602,0.0,19.570385790780925,0.0,18.681541692269406,0.0,17.578395831246947,0.0,16.46207763315433,0.0,14.177446878757825,0.0,11.269427669584644,0.0,9.273618495495704,0.0,6.708203932499369,0.0,4.47213595499958,0.0,,,,,,,,,,,,,,,,,,,,,4.3023252177488125,0.0,,,,,,,,,,,,,,,,,,,,,13.80591842022216,0.0,17.570930204748432,0.0,16.78996833343176,0.0,15.793559555721854,0.0,14.534146386968754,0.0,11.95391132191443,0.0,9.022445509209014,0.0,7.371020702870267,0.0,5.603844371533583,0.0,3.409211311790397,0.0
Pzsst,315.52941176470586,0.0,16.393932730523616,0.0,350.0989616995075,0.0,327.0,0.0,278.0,0.0,223.0,0.0,192.0,0.0,140.0,0.0,76.0,0.0,39.0,0.0,14.0,0.0,1.0,0.0,11.742680537399453,0.0,18.083141320025124,0.0,16.673332000533065,0.0,14.933184523068078,0.0,13.856406460551018,0.0,11.832159566199232,0.0,8.717797887081348,0.0,6.244997998398398,0.0,3.7416573867739413,0.0,1.0,0.0,,,,,,,,,,,,,,,,,,,,,4.97837355586541,0.0,,,,,,,,,,,,,,,,,,,,,11.742247628991539,0.0,15.803814982523525,0.0,14.781949426738915,0.0,12.950748106934286,0.0,11.848935809059533,0.0,9.525119127702352,0.0,6.490194941860591,0.0,4.305745599575924,0.0,2.251974815771512,0.0,0.4845410697343261,0.0
Pömpt,435.61960784313726,0.0,19.323919674534224,0.0,434.46420805965187,0.0,472.0,0.0,415.0,0.0,364.0,0.0,307.0,0.0,237.0,0.0,162.0,0.0,121.0,0.0,79.0,0.0,63.0,0.0,14.574337462126016,0.0,21.72556098240043,0.0,20.37154878746336,0.0,19.078784028338912,0.0,17.52141546793523,0.0,15.394804318340652,0.0,12.727922061357855,0.0,11.0,0.0,8.888194417315589,0.0,7.937253933193772,0.0,,,,,,,,,,,,,,,,,,,,,5.479915027633948,0.0,,,,,,,,,,,,,,,,,,,,,14.574771943504206,0.0,19.516293079863775,0.0,18.437949915756924,0.0,17.3257032070785,0.0,15.811884087688817,0.0,13.61191831863234,0.0,10.995501489531101,0.0,9.578348997990735,0.0,7.795774266285731,0.0,6.760506554623455,0.0
Qdqdt,462.7254901960784,0.0,19.89606712695598,0.0,427.1668799421177,0.0,503.0,0.0,450.0,0.0,391.0,0.0,322.0,0.0,227.0,0.0,167.0,0.0,122.0,0.0,82.0,0.0,43.0,0.0,14.331163393496588,0.0,22.427661492005804,0.0,21.213203435596427,0.0,19.77371993328519,0.0,17.944358444926362,0.0,15.066519173319364,0.0,12.922847983320086,0.0,11.045361017187261,0.0,9.055385138137417,0.0,6.557438524302,0.0,,,,,,,,,,,,,,,,,,,,,5.645531888105389,0.0,,,,,,,,,,,,,,,,,,,,,14.33138582469275,0.0,20.290642221921306,0.0,19.29046697110896,0.0,17.973869173398548,0.0,16.185759426111606,0.0,13.161345248304874,0.0,11.070123956844158,0.0,9.47445124045035,0.0,7.701457315381791,0.0,5.347663752734346,0.0
Qffqn,420.4313725490196,0.0,18.970842679552177,0.0,433.1215651178547,0.0,440.0,0.0,399.0,0.0,354.0,0.0,296.0,0.0,234.0,0.0,177.0,0.0,128.0,0.0,78.0,0.0,40.0,0.0,14.679228353410599,0.0,20.97617696340303,0.0,19.974984355438178,0.0,18.81488772222678,0.0,17.204650534085253,0.0,15.297058540778355,0.0,13.30413469565007,0.0,11.313708498984761,0.0,8.831760866327848,0.0,6.324555320336759,0.0,,,,,,,,,,,,,,,,,,,,,3.9747975651982026,0.0,,,,,,,,,,,,,,,,,,,,,14.679441108175533,0.0,19.032473828672003,0.0,18.191555435458767,0.0,17.125939977403952,0.0,15.326326295356953,0.0,13.306461223585007,0.0,11.302367261616443,0.0,9.603200155794301,0.0,7.406611744356417,0.0,5.08818664243256,0.0
Qkhll,420.3490196078431,0.0,19.185788265202195,0.0,457.1951127525212,0.0,459.0,0.0,404.0,0.0,366.0,0.0,311.0,0.0,256.0,0.0,191.0,0.0,144.0,0.0,106.0,0.0,43.0,0.0,15.353239856347612,0.0,21.42428528562855,0.0,20.09975124224178,0.0,19.131126469708992,0.0,17.635192088548397,0.0,16.0,0.0,13.820274961085254,0.0,12.0,0.0,10.295630140987,0.0,6.557438524302,0.0,,,,,,,,,,,,,,,,,,,,,10.08466756977948,0.0,,,,,,,,,,,,,,,,,,,,,15.353212418385716,0.0,19.484981712990002,0.0,18.49139916083554,0.0,17.355843354057104,0.0,15.885638482053391,0.0,14.195878509209372,0.0,12.067223976280683,0.0,10.43052163661781,0.0,9.018932150448935,0.0,5.197364498734793,0.0
Qmrtl,398.63529411764705,0.0,18.52615180369617,0.0,487.1116934340852,0.0,437.0,0.0,397.0,0.0,346.0,0.0,309.0,0.0,266.0,0.0,216.0,0.0,174.0,0.0,107.0,0.0,69.0,0.0,16.14986089372948,0.0,20.904544960366874,0.0,19.924858845171276,0.0,18.601075237738275,0.0,17.578395831246947,0.0,16.30950643030009,0.0,14.696938456699069,0.0,13.19090595827292,0.0,10.344080432788601,0.0,8.306623862918075,0.0,,,,,,,,,,,,,,,,,,,,,12.317922555590192,0.0,,,,,,,,,,,,,,,,,,,,,16.14986527918129,0.0,18.726516061550726,0.0,17.941060417155466,0.0,16.90242676432151,0.0,15.879977866165667,0.0,14.542239853689317,0.0,12.861826314015604,0.0,11.355413534078899,0.0,8.747964431396284,0.0,7.061419695678445,0.0
Qnggl,465.69019607843137,0.0,20.018083712219294,0.0,445.4457864599779,0.0,509.0,0.0,457.0,0.0,406.0,0.0,323.0,0.0,246.0,0.0,187.0,0.0,132.0,0.0,99.0,0.0,53.0,0.0,14.90523260708798,0.0,22.561028345356956,0.0,21.37755832643195,0.0,20.149441679609886,0.0,17.97220075561143,0.0,15.684387141358123,0.0,13.674794331177344,0.0,11.489125293076057,0.0,9.9498743710662,0.0,7.280109889280518,0.0,,,,,,,,,,,,,,,,,,,,,4.811473229027871,0.0,,,,,,,,,,,,,,,,,,,,,14.905542190735966,0.0,20.54950763885806,0.0,19.70035825731157,0.0,18.411184945720247,0.0,16.007060426367108,0.0,13.81443321005889,0.0,11.682937845247366,0.0,9.536739127070044,0.0,7.825983681283593,0.0,5.21766741057665,0.0
Qskrr,370.92156862745094,0.0,17.846929568986624,0.0,404.5261664682389,0.0,381.0,0.0,343.0,0.0,309.0,0.0,256.0,0.0,203.0,0.0,144.0,0.0,93.0,0.0,53.0,0.0,17.0,0.0,13.678471783062898,0.0,19.519221295943137,0.0,18.520259177452136,0.0,17.578395831246947,0.0,16.0,0.0,14.247806848775006,0.0,12.0,0.0,9.643650760992955,0.0,7.280109889280518,0.0,4.123105625617661,0.0,,,,,,,,,,,,,,,,,,,,,9.477834690238698,0.0,,,,,,,,,,,,,,,,,,,,,13.678151292117258,0.0,17.54025536938144,0.0,16.783928905243037,0.0,15.708227333960972,0.0,14.018913792816692,0.0,12.238555732295408,0.0,9.973885521081186,0.0,7.929573785697505,0.0,6.007277971598648,0.0,3.2000480411252696,0.0
Qtmfn,436.2274509803922,0.0,19.322470002096782,0.0,473.13452578608167,0.0,472.0,0.0,419.0,0.0,381.0,0.0,325.0,0.0,279.0,0.0,215.0,0.0,161.0,0.0,105.0,0.0,67.0,0.0,15.821804644114598,0.0,21.72556098240043,0.0,20.46948949045872,0.0,19.519221295943137,0.0,18.027756377319946,0.0,16.703293088490067,0.0,14.66287829861518,0.0,12.68857754044952,0.0,10.246950765959598,0.0,8.18535277187245,0.0,,,,,,,,,,,,,,,,,,,,,3.779424036202669,0.0,,,,,,,,,,,,,,,,,,,,,15.82171822989566,0.0,19.64546264414456,0.0,18.693519636449555,0.0,17.8805326243162,0.0,16.284145199897278,0.0,14.841920760287115,0.0,12.79990187995661,0.0,10.978541142912126,0.0,8.582675766830866,0.0,6.8022951632416575,0.0
Qttxr,344.4196078431372,0.0,17.105235488663848,0.0,409.0349596261461,0.0,360.0,0.0,325.0,0.0,290.0,0.0,240.0,0.0,194.0,0.0,145.0,0.0,89.0,0.0,47.0,0.0,17.0,0.0,13.810960316544453,0.0,18.973665961010276,0.0,18.027756377319946,0.0,17.029386365926403,0.0,15.491933384829668,0.0,13.92838827718412,0.0,12.041594578792296,0.0,9.433981132056603,0.0,6.855654600401044,0.0,4.123105625617661,0.0,,,,,,,,,,,,,,,,,,,,,8.549010608619433,0.0,,,,,,,,,,,,,,,,,,,,,13.810742601305028,0.0,16.68503970354705,0.0,15.923325855130374,0.0,15.070053808341816,0.0,13.388872939243358,0.0,11.8587378529968,0.0,10.011476664578163,0.0,7.569591876051796,0.0,5.189563073785568,0.0,3.221627092399984,0.0
Quaft,382.49411764705883,0.0,18.00591470168959,0.0,387.7094019378364,0.0,395.0,0.0,352.0,0.0,305.0,0.0,233.0,0.0,186.0,0.0,132.0,0.0,92.0,0.0,51.0,0.0,20.0,0.0,13.245460409938326,0.0,19.87460691435179,0.0,18.76166303929372,0.0,17.46424919657298,0.0,15.264337522473747,0.0,13.638181696985855,0.0,11.489125293076057,0.0,9.591663046625438,0.0,7.14142842854285,0.0,4.47213595499958,0.0,,,,,,,,,,,,,,,,,,,,,8.421836107021749,0.0,,,,,,,,,,,,,,,,,,,,,13.245256391869901,0.0,17.77602940509606,0.0,16.916975016662963,0.0,15.632686688740828,0.0,13.377536695539506,0.0,11.77851783872057,0.0,9.611170958285278,0.0,7.984423564366259,0.0,5.751851489867918,0.0,3.6124749181367233,0.0
Quark,409.5803921568628,0.0,18.744639013167163,0.0,395.1225073094082,0.0,430.0,0.0,387.0,0.0,339.0,0.0,263.0,0.0,205.0,0.0,139.0,0.0,91.0,0.0,51.0,0.0,18.0,0.0,13.408410339592136,0.0,20.73644135332772,0.0,19.672315572906,0.0,18.411952639521967,0.0,16.217274740226856,0.0,14.317821063276353,0.0,11.789826122551595,0.0,9.539392014169456,0.0,7.14142842854285,0.0,4.242640687119285,0.0,,,,,,,,,,,,,,,,,,,,,5.349231731476437,0.0,,,,,,,,,,,,,,,,,,,,,13.408161664256841,0.0,18.836849782366446,0.0,17.90361964003604,0.0,16.510914638350393,0.0,14.255160563943953,0.0,12.36422672396889,0.0,9.91063761171554,0.0,7.916748977999675,0.0,5.95834799440344,0.0,3.3513866297371386,0.0
Quarz,378.4823529411765,0.0,17.991900010133037,0.0,376.4690129666071,0.0,390.0,0.0,353.0,0.0,305.0,0.0,229.0,0.0,177.0,0.0,119.0,0.0,72.0,0.0,37.0,0.0,14.0,0.0,12.766554587571855,0.0,19.748417658131498,0.0,18.788294228055936,0.0,17.46424919657298,0.0,15.132745950421556,0.0,13.30413469565007,0.0,10.908712114635714,0.0,8.48528137423857,0.0,6.082762530298219,0.0,3.7416573867739413,0.0,,,,,,,,,,,,,,,,,,,,,8.306941783503204,0.0,,,,,,,,,,,,,,,,,,,,,12.76635064197767,0.0,17.78622484081774,0.0,16.916881990977988,0.0,15.501592388100022,0.0,13.101184154616785,0.0,11.328697545668678,0.0,8.913752782561069,0.0,6.864752900347352,0.0,4.732816316081514,0.0,3.05120017810321,0.0
Queen,403.3294117647059,0.0,18.587701241604236,0.0,356.4214271637334,0.0,413.0,0.0,373.0,0.0,316.0,0.0,242.0,0.0,168.0,0.0,92.0,0.0,52.0,0.0,35.0,0.0,13.0,0.0,12.096175215618423,0.0,20.322401432901575,0.0,19.313207915827967,0.0,17.776388834631177,0.0,15.556349186104045,0.0,12.96148139681572,0.0,9.591663046625438,0.0,7.211102550927978,0.0,5.916079783099616,0.0,3.605551275463989,0.0,,,,,,,,,,,,,,,,,,,,,4.9986456455464054,0.0,,,,,,,,,,,,,,,,,,,,,12.096431232100526,0.0,18.327258148913735,0.0,17.485009982482406,0.0,15.939342474694788,0.0,13.525516386402833,0.0,10.959561921808543,0.0,7.919378424180582,0.0,5.96855148914426,0.0,4.611340880430864,0.0,3.0116574425037284,0.0
Quill,350.2274509803922,0.0,17.434467622618175,0.0,423.4636200673299,0.0,372.0,0.0,330.0,0.0,293.0,0.0,238.0,0.0,198.0,0.0,158.0,0.0,115.0,0.0,74.0,0.0,26.0,0.0,14.337485908200067,0.0,19.28730152198591,0.0,18.16590212458495,0.0,17.11724276862369,0.0,15.427248620541512,0.0,14.071247279470288,0.0,12.569805089976535,0.0,10.723805294763608,0.0,8.602325267042627,0.0,5.0990195135927845,0.0,,,,,,,,,,,,,,,,,,,,,10.51479609226135,0.0,,,,,,,,,,,,,,,,,,,,,14.337954781182551,0.0,17.33757782996194,0.0,16.41361202908108,0.0,15.335186258928179,0.0,13.601996677064477,0.0,12.324792780427261,0.0,10.76632286685336,0.0,9.08346860231554,0.0,7.394089553343027,0.0,4.068214489097035,0.0
Quirl,345.25882352941176,0.0,17.265895339324633,0.0,408.1472980159981,0.0,359.0,0.0,322.0,0.0,286.0,0.0,230.0,0.0,187.0,0.0,143.0,0.0,100.0,0.0,58.0,0.0,21.0,0.0,13.831995443309411,0.0,18.947295321496416,0.0,17.944358444926362,0.0,16.911534525287763,0.0,15.165750888103101,0.0,13.674794331177344,0.0,11.958260743101398,0.0,10.0,0.0,7.615773105863909,0.0,4.58257569495584,0.0,,,,,,,,,,,,,,,,,,,,,11.143493911433636,0.0,,,,,,,,,,,,,,,,,,,,,13.83218709904048,0.0,16.99831165927665,0.0,16.112166225227057,0.0,15.035584053760369,0.0,13.24173916870606,0.0,11.823453885237194,0.0,10.081798742661919,0.0,8.31385021706209,0.0,6.329373075696616,0.0,3.692133021734009,0.0
Quote,382.1960784313725,0.0,18.00366146706509,0.0,366.9447797458509,0.0,402.0,0.0,355.0,0.0,301.0,0.0,228.0,0.0,164.0,0.0,101.0,0.0,68.0,0.0,36.0,0.0,13.0,0.0,12.392596624398827,0.0,20.049937655763422,0.0,18.841443681416774,0.0,17.349351572897472,0.0,15.0996688705415,0.0,12.806248474865697,0.0,10.04987562112089,0.0,8.246211251235321,0.0,6.0,0.0,3.605551275463989,0.0,,,,,,,,,,,,,,,,,,,,,7.784013231398126,0.0,,,,,,,,,,,,,,,,,,,,,12.392715352912386,0.0,17.9175142499688,0.0,16.829769430392595,0.0,15.477882882694345,0.0,13.114377170304676,0.0,10.911228433488398,0.0,8.322755704650852,0.0,6.792826815234523,0.0,4.679767412220236,0.0,3.0116574425037284,0.0
Qvjlt,342.4235294117647,0.0,17.13441983100161,0.0,437.6439301536389,0.0,363.0,0.0,326.0,0.0,293.0,0.0,247.0,0.0,214.0,0.0,170.0,0.0,123.0,0.0,72.0,0.0,27.0,0.0,14.719492823559913,0.0,19.05255888325765,0.0,18.05547008526779,0.0,17.11724276862369,0.0,15.716233645501712,0.0,14.628738838327793,0.0,13.038404810405298,0.0,11.090536506409418,0.0,8.48528137423857,0.0,5.196152422706632,0.0,,,,,,,,,,,,,,,,,,,,,9.414504584000099,0.0,,,,,,,,,,,,,,,,,,,,,14.719749759577406,0.0,16.882836051437234,0.0,16.17971916522657,0.0,15.27625481500672,0.0,13.856644511425593,0.0,12.75583527028392,0.0,11.057160887825605,0.0,9.118041845472545,0.0,6.970767208118538,0.0,4.061498165307993,0.0
Qztnt,370.7725490196078,0.0,17.80670920562146,0.0,392.5352568619344,0.0,385.0,0.0,348.0,0.0,302.0,0.0,245.0,0.0,186.0,0.0,135.0,0.0,85.0,0.0,45.0,0.0,14.0,0.0,13.340961046487763,0.0,19.621416870348583,0.0,18.65475810617763,0.0,17.378147196982766,0.0,15.652475842498529,0.0,13.638181696985855,0.0,11.61895003862225,0.0,9.219544457292887,0.0,6.708203932499369,0.0,3.7416573867739413,0.0,,,,,,,,,,,,,,,,,,,,,6.854956431812638,0.0,,,,,,,,,,,,,,,,,,,,,13.340800208651112,0.0,17.420116928686717,0.0,16.75833687279064,0.0,15.498536061378594,0.0,13.714765100868119,0.0,11.657359573884317,0.0,9.602546062412385,0.0,7.406972649004235,0.0,5.053884409791955,0.0,3.0502040064093614,0.0
Raben,417.035294117647,0.0,18.893157986030847,0.0,337.7317332275046,0.0,425.0,0.0,399.0,0.0,344.0,0.0,244.0,0.0,150.0,0.0,70.0,0.0,31.0,0.0,10.0,0.0,2.0,0.0,11.305154811952958,0.0,20.615528128088304,0.0,19.974984355438178,0.0,18.547236990991408,0.0,15.620499351813308,0.0,12.24744871391589,0.0,8.366600265340756,0.0,5.5677643628300215,0.0,3.1622776601683795,0.0,1.4142135623730951,0.0,,,,,,,,,,,,,,,,,,,,,2.7601534860266232,0.0,,,,,,,,,,,,,,,,,,,,,11.305052920519739,0.0,18.883150862206517,0.0,18.297069042533305,0.0,16.697738856978575,0.0,13.454213999372984,0.0,10.291610070612366,0.0,6.621825250157502,0.0,3.8166573847067315,0.0,2.3786133828492035,0.0,0.668680288732816,0.0
Rache,392.66274509803924,0.0,18.37370159818292,0.0,337.98669350157707,0.0,403.0,0.0,356.0,0.0,311.0,0.0,227.0,0.0,139.0,0.0,70.0,0.0,37.0,0.0,16.0,0.0,2.0,0.0,11.322430083460103,0.0,20.074859899884732,0.0,18.867962264113206,0.0,17.635192088548397,0.0,15.066519173319364,0.0,11.789826122551595,0.0,8.366600265340756,0.0,6.082762530298219,0.0,4.0,0.0,1.4142135623730951,0.0,,,,,,,,,,,,,,,,,,,,,3.8047196047202774,0.0,,,,,,,,,,,,,,,,,,,,,11.322026240229007,0.0,18.15591217243931,0.0,17.115147664120173,0.0,15.646022483058786,0.0,12.935829461323765,0.0,9.887740047655841,0.0,6.5901432275349,0.0,4.76053517325215,0.0,3.7554376775090077,0.0,0.6618696519470317,0.0
Radau,420.8235294117647,0.0,18.9856588058512,0.0,349.0018938320185,0.0,441.0,0.0,405.0,0.0,340.0,0.0,253.0,0.0,159.0,0.0,82.0,0.0,46.0,0.0,16.0,0.0,9.0,0.0,11.733882941809979,0.0,21.0,0.0,20.12461179749811,0.0,18.439088914585774,0.0,15.905973720586866,0.0,12.609520212918492,0.0,9.055385138137417,0.0,6.782329983125268,0.0,4.0,0.0,3.0,0.0,,,,,,,,,,,,,,,,,,,,,2.5354103500080276,0.0,,,,,,,,,,,,,,,,,,,,,11.733607171656399,0.0,19.0869371407006,0.0,18.34537117850863,0.0,16.546061747274198,0.0,13.728190058166216,0.0,10.554027236755338,0.0,7.148377094658853,0.0,5.227652681346078,0.0,3.6124730218929257,0.0,2.5150661115962025,0.0
Radio,389.1294117647059,0.0,18.25794334513491,0.0,360.5113192571523,0.0,404.0,0.0,370.0,0.0,318.0,0.0,243.0,0.0,160.0,0.0,87.0,0.0,61.0,0.0,22.0,0.0,9.0,0.0,12.140585114090046,0.0,20.09975124224178,0.0,19.235384061671343,0.0,17.832554500127006,0.0,15.588457268119896,0.0,12.649110640673518,0.0,9.327379053088816,0.0,7.810249675906654,0.0,4.69041575982343,0.0,3.0,0.0,,,,,,,,,,,,,,,,,,,,,5.602522116348378,0.0,,,,,,,,,,,,,,,,,,,,,12.140422504818103,0.0,18.24368659535055,0.0,17.475714599058787,0.0,15.969112318068921,0.0,13.593217508592783,0.0,10.787221781724533,0.0,7.411081878748664,0.0,6.006887658669855,0.0,4.0708558673504625,0.0,2.5150661115962025,0.0
Raese,364.1333333333333,0.0,17.624197828454527,0.0,316.46806159610935,0.0,365.0,0.0,325.0,0.0,265.0,0.0,193.0,0.0,118.0,0.0,46.0,0.0,20.0,0.0,3.0,0.0,0.0,0.0,10.489897062221235,0.0,19.1049731745428,0.0,18.027756377319946,0.0,16.278820596099706,0.0,13.892443989449804,0.0,10.862780491200215,0.0,6.782329983125268,0.0,4.47213595499958,0.0,1.7320508075688772,0.0,0.0,0.0,,,,,,,,,,,,,,,,,,,,,6.130102844326882,0.0,,,,,,,,,,,,,,,,,,,,,10.489524641241156,0.0,17.14042528409538,0.0,16.3021846683683,0.0,14.379225779914345,0.0,11.742575266973537,0.0,8.84810513822975,0.0,4.958581311277971,0.0,2.8005179767461943,0.0,0.9210410074541164,0.0,0.0,0.0
Ragar,404.12941176470594,0.0,18.592046850053563,0.0,359.377198154491,0.0,415.0,0.0,380.0,0.0,327.0,0.0,246.0,0.0,162.0,0.0,99.0,0.0,54.0,0.0,22.0,0.0,16.0,0.0,12.11649207031926,0.0,20.37154878746336,0.0,19.493588689617926,0.0,18.083141320025124,0.0,15.684387141358123,0.0,12.727922061357855,0.0,9.9498743710662,0.0,7.3484692283495345,0.0,4.69041575982343,0.0,4.0,0.0,,,,,,,,,,,,,,,,,,,,,6.299467196250439,0.0,,,,,,,,,,,,,,,,,,,,,12.116647271961265,0.0,18.436169963082936,0.0,17.79162514378529,0.0,16.209471482210557,0.0,13.541317028804695,0.0,10.818970812738096,0.0,7.899697929344671,0.0,5.305613495721158,0.0,3.4819226510513337,0.0,2.6099998410952274,0.0
Rahms,450.29411764705884,0.0,19.689326769083845,0.0,410.3316052622325,0.0,489.0,0.0,428.0,0.0,374.0,0.0,303.0,0.0,219.0,0.0,136.0,0.0,102.0,0.0,65.0,0.0,47.0,0.0,13.866852215986972,0.0,22.11334438749598,0.0,20.688160865577203,0.0,19.339079605813716,0.0,17.406895185529212,0.0,14.798648586948742,0.0,11.661903789690601,0.0,10.099504938362077,0.0,8.06225774829855,0.0,6.855654600401044,0.0,,,,,,,,,,,,,,,,,,,,,3.2681835957051093,0.0,,,,,,,,,,,,,,,,,,,,,13.86671202600523,0.0,20.064031611067854,0.0,19.000354022097987,0.0,17.58654131805049,0.0,15.499135806255582,0.0,13.061265341515158,0.0,10.060353930231459,0.0,8.730735963910234,0.0,7.173518265146864,0.0,5.750330985007922,0.0
Rampe,460.0823529411765,0.0,19.911554144917332,0.0,408.7308930842053,0.0,487.0,0.0,434.0,0.0,384.0,0.0,301.0,0.0,217.0,0.0,142.0,0.0,108.0,0.0,68.0,0.0,60.0,0.0,13.84703933290837,0.0,22.06807649071391,0.0,20.83266665599966,0.0,19.595917942265423,0.0,17.349351572897472,0.0,14.730919862656235,0.0,11.916375287812984,0.0,10.392304845413264,0.0,8.246211251235321,0.0,7.745966692414834,0.0,,,,,,,,,,,,,,,,,,,,,3.7713683122248076,0.0,,,,,,,,,,,,,,,,,,,,,13.846764258851215,0.0,20.100761808338923,0.0,19.069345998776516,0.0,17.799525833495252,0.0,15.474776445101245,0.0,13.045096995052159,0.0,10.337251554885757,0.0,8.98249289873118,0.0,7.218902139860152,0.0,6.629501576958397,0.0
Randa,424.11764705882354,0.0,19.077654700753957,0.0,344.2717515313972,0.0,430.0,0.0,393.0,0.0,342.0,0.0,261.0,0.0,163.0,0.0,88.0,0.0,43.0,0.0,16.0,0.0,9.0,0.0,11.674789159004272,0.0,20.73644135332772,0.0,19.82422760159901,0.0,18.49324200890693,0.0,16.15549442140351,0.0,12.767145334803704,0.0,9.38083151964686,0.0,6.557438524302,0.0,4.0,0.0,3.0,0.0,,,,,,,,,,,,,,,,,,,,,2.2863491474722255,0.0,,,,,,,,,,,,,,,,,,,,,11.67474445819273,0.0,18.96502080441993,0.0,18.194439956538638,0.0,16.643192252209815,0.0,14.10873648450605,0.0,10.810277311258522,0.0,7.307164061725508,0.0,5.032924230927842,0.0,3.619940692728586,0.0,2.4773383361263903,0.0
Ranke,417.17647058823525,0.0,19.005634648820855,0.0,344.69484575325265,0.0,428.0,0.0,386.0,0.0,341.0,0.0,256.0,0.0,166.0,0.0,78.0,0.0,40.0,0.0,19.0,0.0,2.0,0.0,11.663307360663667,0.0,20.688160865577203,0.0,19.6468827043885,0.0,18.466185312619388,0.0,16.0,0.0,12.884098726725126,0.0,8.831760866327848,0.0,6.324555320336759,0.0,4.358898943540674,0.0,1.4142135623730951,0.0,,,,,,,,,,,,,,,,,,,,,2.6377640499462838,0.0,,,,,,,,,,,,,,,,,,,,,11.663382635639774,0.0,18.937993413738756,0.0,18.067752484495767,0.0,16.570661505664262,0.0,13.928075887420302,0.0,10.970232880650357,0.0,7.026793034993331,0.0,4.830238546319401,0.0,3.89689503470532,0.0,0.6618696519470317,0.0
Rasat,358.3607843137255,0.0,17.416653615001483,0.0,331.1124261297509,0.0,360.0,0.0,322.0,0.0,265.0,0.0,196.0,0.0,129.0,0.0,73.0,0.0,37.0,0.0,5.0,0.0,0.0,0.0,11.15163136788713,0.0,18.973665961010276,0.0,17.944358444926362,0.0,16.278820596099706,0.0,14.0,0.0,11.357816691600547,0.0,8.54400374531753,0.0,6.082762530298219,0.0,2.23606797749979,0.0,0.0,0.0,,,,,,,,,,,,,,,,,,,,,6.7325281529591186,0.0,,,,,,,,,,,,,,,,,,,,,11.151723718968904,0.0,16.882377481206834,0.0,16.196689492977427,0.0,14.238556593290905,0.0,11.82932166021979,0.0,9.366254247937785,0.0,6.446814283489527,0.0,4.1184942865628305,0.0,1.2989966394396135,0.0,0.0,0.0
Rasen,378.3450980392157,0.0,17.99676847407388,0.0,321.368706011937,0.0,377.0,0.0,342.0,0.0,286.0,0.0,212.0,0.0,128.0,0.0,55.0,0.0,23.0,0.0,3.0,0.0,0.0,0.0,10.752214669468042,0.0,19.4164878389476,0.0,18.49324200890693,0.0,16.911534525287763,0.0,14.560219778561036,0.0,11.313708498984761,0.0,7.416198487095663,0.0,4.795831523312719,0.0,1.7320508075688772,0.0,0.0,0.0,,,,,,,,,,,,,,,,,,,,,4.141101965909034,0.0,,,,,,,,,,,,,,,,,,,,,10.751887301614113,0.0,17.534246009832735,0.0,16.81036503196156,0.0,15.061090654116747,0.0,12.395489887578552,0.0,9.246590427683417,0.0,5.389225238918564,0.0,2.9537789805041013,0.0,0.9190078189597055,0.0,0.0,0.0
Rassa,360.36470588235295,0.0,17.439720094823045,0.0,320.62629416354036,0.0,360.0,0.0,314.0,0.0,258.0,0.0,192.0,0.0,121.0,0.0,62.0,0.0,27.0,0.0,4.0,0.0,0.0,0.0,10.749539632224359,0.0,18.973665961010276,0.0,17.72004514666935,0.0,16.06237840420901,0.0,13.856406460551018,0.0,11.0,0.0,7.874007874011811,0.0,5.196152422706632,0.0,2.0,0.0,0.0,0.0,,,,,,,,,,,,,,,,,,,,,5.769308036147732,0.0,,,,,,,,,,,,,,,,,,,,,10.749136310715281,0.0,16.989584691012485,0.0,16.04602831876276,0.0,14.121477065213655,0.0,11.64798271053244,0.0,8.91525623713248,0.0,5.719971864789063,0.0,3.2350497796834845,0.0,1.0817114171542088,0.0,0.0,0.0
Rasse,355.678431372549,0.0,17.369643451970934,0.0,316.9418127873471,0.0,359.0,0.0,311.0,0.0,253.0,0.0,186.0,0.0,113.0,0.0,50.0,0.0,24.0,0.0,4.0,0.0,0.0,0.0,10.530199435378654,0.0,18.947295321496416,0.0,17.635192088548397,0.0,15.905973720586866,0.0,13.638181696985855,0.0,10.63014581273465,0.0,7.0710678118654755,0.0,4.898979485566356,0.0,2.0,0.0,0.0,0.0,,,,,,,,,,,,,,,,,,,,,6.31167537405739,0.0,,,,,,,,,,,,,,,,,,,,,10.529880974508675,0.0,16.930825065185847,0.0,15.901046983502841,0.0,13.939444186185444,0.0,11.436043399062298,0.0,8.528194370256392,0.0,5.075622252187701,0.0,3.0848408673833823,0.0,1.0817114171542088,0.0,0.0,0.0
Raten,376.34117647058827,0.0,17.974416865884386,0.0,332.2223088822466,0.0,376.0,0.0,348.0,0.0,297.0,0.0,218.0,0.0,135.0,0.0,63.0,0.0,31.0,0.0,4.0,0.0,0.0,0.0,11.15993845487525,0.0,19.390719429665317,0.0,18.65475810617763,0.0,17.233687939614086,0.0,14.7648230602334,0.0,11.61895003862225,0.0,7.937253933193772,0.0,5.5677643628300215,0.0,2.0,0.0,0.0,0.0,,,,,,,,,,,,,,,,,,,,,4.322885149815901,0.0,,,,,,,,,,,,,,,,,,,,,11.159869848042351,0.0,17.46051606225562,0.0,16.86836253578507,0.0,15.45755668663646,0.0,12.646215573445804,0.0,9.681623291505018,0.0,6.084227025695704,0.0,3.7755088801445953,0.0,1.168087818116663,0.0,0.0,0.0
Ratte,351.6705882352942,0.0,17.323293161721182,0.0,339.3584558317327,0.0,359.0,0.0,324.0,0.0,274.0,0.0,200.0,0.0,130.0,0.0,67.0,0.0,41.0,0.0,6.0,0.0,0.0,0.0,11.374392091283362,0.0,18.947295321496416,0.0,18.0,0.0,16.55294535724685,0.0,14.142135623730951,0.0,11.40175425099138,0.0,8.18535277187245,0.0,6.4031242374328485,0.0,2.449489742783178,0.0,0.0,0.0,,,,,,,,,,,,,,,,,,,,,6.774940777146991,0.0,,,,,,,,,,,,,,,,,,,,,11.374451117830572,0.0,16.862043936368188,0.0,16.08052620391407,0.0,14.737675282789814,0.0,12.046282223698265,0.0,9.564292551686112,0.0,6.447033702225089,0.0,4.640731915190126,0.0,1.5021125842832457,0.0,0.0,0.0
Rauha,419.2274509803922,0.0,18.99220544705579,0.0,343.3199971383277,0.0,438.0,0.0,393.0,0.0,338.0,0.0,253.0,0.0,150.0,0.0,77.0,0.0,35.0,0.0,16.0,0.0,2.0,0.0,11.544133665973701,0.0,20.92844953645635,0.0,19.82422760159901,0.0,18.384776310850235,0.0,15.905973720586866,0.0,12.24744871391589,0.0,8.774964387392123,0.0,5.916079783099616,0.0,4.0,0.0,1.4142135623730951,0.0,,,,,,,,,,,,,,,,,,,,,2.4164377400261996,0.0,,,,,,,,,,,,,,,,,,,,,11.543893948830144,0.0,19.03223298296194,0.0,18.1098359149894,0.0,16.459940255258033,0.0,13.736416830093523,0.0,10.199520695106944,0.0,6.876619639959619,0.0,4.594490794025574,0.0,3.7554376775090077,0.0,0.6618696519470317,0.0
Raupe,415.87450980392157,0.0,18.92503920218677,0.0,341.3588435071114,0.0,429.0,0.0,390.0,0.0,333.0,0.0,244.0,0.0,145.0,0.0,65.0,0.0,40.0,0.0,19.0,0.0,16.0,0.0,11.461592689138135,0.0,20.71231517720798,0.0,19.748417658131498,0.0,18.24828759089466,0.0,15.620499351813308,0.0,12.041594578792296,0.0,8.06225774829855,0.0,6.324555320336759,0.0,4.358898943540674,0.0,4.0,0.0,,,,,,,,,,,,,,,,,,,,,2.893162585506522,0.0,,,,,,,,,,,,,,,,,,,,,11.461861757966751,0.0,18.83013203036827,0.0,17.942325369811066,0.0,16.323306866834013,0.0,13.482555489193325,0.0,10.042677504720801,0.0,6.486409488313279,0.0,5.025425159192864,0.0,3.8364944926156412,0.0,3.4457276862812973,0.0
Raupi,396.2470588235294,0.0,18.483803190689866,0.0,362.26933746925613,0.0,408.0,0.0,379.0,0.0,325.0,0.0,244.0,0.0,155.0,0.0,84.0,0.0,56.0,0.0,28.0,0.0,18.0,0.0,12.262693646086882,0.0,20.199009876724155,0.0,19.467922333931785,0.0,18.027756377319946,0.0,15.620499351813308,0.0,12.449899597988733,0.0,9.16515138991168,0.0,7.483314773547883,0.0,5.291502622129181,0.0,4.242640687119285,0.0,,,,,,,,,,,,,,,,,,,,,5.259323782955873,0.0,,,,,,,,,,,,,,,,,,,,,12.26324679655447,0.0,18.285791386471868,0.0,17.632063707828365,0.0,16.049630326203516,0.0,13.480543518110215,0.0,10.471086838319792,0.0,7.421069284902095,0.0,5.902105912357383,0.0,4.435428939730699,0.0,3.577934026287652,0.0
Rausu,385.9686274509804,0.0,18.170076079761724,0.0,331.87405544621686,0.0,405.0,0.0,371.0,0.0,303.0,0.0,222.0,0.0,130.0,0.0,51.0,0.0,21.0,0.0,2.0,0.0,0.0,0.0,11.015209681857757,0.0,20.12461179749811,0.0,19.261360284258224,0.0,17.406895185529212,0.0,14.89966442575134,0.0,11.40175425099138,0.0,7.14142842854285,0.0,4.58257569495584,0.0,1.4142135623730951,0.0,0.0,0.0,,,,,,,,,,,,,,,,,,,,,4.37436752582494,0.0,,,,,,,,,,,,,,,,,,,,,11.014944839204862,0.0,18.114168046424854,0.0,17.390347956745373,0.0,15.44891357996145,0.0,12.468236527148042,0.0,9.067949687884589,0.0,5.192779613427876,0.0,2.8675419525526817,0.0,0.7705191819566715,0.0,0.0,0.0
Raute,373.0470588235294,0.0,17.876744476542274,0.0,332.84883926859914,0.0,387.0,0.0,352.0,0.0,294.0,0.0,215.0,0.0,129.0,0.0,53.0,0.0,29.0,0.0,3.0,0.0,0.0,0.0,11.07630076716717,0.0,19.672315572906,0.0,18.76166303929372,0.0,17.146428199482248,0.0,14.66287829861518,0.0,11.357816691600547,0.0,7.280109889280518,0.0,5.385164807134504,0.0,1.7320508075688772,0.0,0.0,0.0,,,,,,,,,,,,,,,,,,,,,5.993817236261705,0.0,,,,,,,,,,,,,,,,,,,,,11.076317335966918,0.0,17.68878266077892,0.0,16.895468006554047,0.0,15.274487434358885,0.0,12.449264757983766,0.0,9.286021446218408,0.0,5.534798599563501,0.0,3.7881327990023923,0.0,1.0634663993176967,0.0,0.0,0.0
Rchch,408.05098039215693,0.0,18.794315974691795,0.0,376.4019964202113,0.0,435.0,0.0,383.0,0.0,348.0,0.0,276.0,0.0,181.0,0.0,97.0,0.0,59.0,0.0,35.0,0.0,8.0,0.0,12.652456862031334,0.0,20.85665361461421,0.0,19.570385790780925,0.0,18.65475810617763,0.0,16.61324772583615,0.0,13.45362404707371,0.0,9.848857801796104,0.0,7.681145747868608,0.0,5.916079783099616,0.0,2.8284271247461903,0.0,,,,,,,,,,,,,,,,,,,,,3.5719530651041094,0.0,,,,,,,,,,,,,,,,,,,,,12.652109316559082,0.0,18.92753234225469,0.0,17.889771397325053,0.0,16.783039000303194,0.0,14.479457355405854,0.0,11.43709482715915,0.0,8.061560228503424,0.0,6.301891119147697,0.0,5.397393045572304,0.0,1.7821110144772054,0.0
Rchcr,362.41568627450977,0.0,17.678230421461716,0.0,364.34523653327426,0.0,372.0,0.0,334.0,0.0,305.0,0.0,243.0,0.0,155.0,0.0,82.0,0.0,50.0,0.0,19.0,0.0,3.0,0.0,12.204454173498275,0.0,19.28730152198591,0.0,18.275666882497067,0.0,17.46424919657298,0.0,15.588457268119896,0.0,12.449899597988733,0.0,9.055385138137417,0.0,7.0710678118654755,0.0,4.358898943540674,0.0,1.7320508075688772,0.0,,,,,,,,,,,,,,,,,,,,,7.681616832645307,0.0,,,,,,,,,,,,,,,,,,,,,12.204321824125135,0.0,17.36108807083509,0.0,16.512284328049283,0.0,15.5094777600596,0.0,13.321395663879546,0.0,10.428879668133547,0.0,7.097212956411032,0.0,5.375934201551858,0.0,3.8704604719180398,0.0,1.0076972804339992,0.0
Recht,377.5176470588235,0.0,18.040003819100384,0.0,355.85549346270176,0.0,390.0,0.0,346.0,0.0,307.0,0.0,233.0,0.0,150.0,0.0,85.0,0.0,49.0,0.0,20.0,0.0,2.0,0.0,11.955393968128051,0.0,19.748417658131498,0.0,18.601075237738275,0.0,17.52141546793523,0.0,15.264337522473747,0.0,12.24744871391589,0.0,9.219544457292887,0.0,7.0,0.0,4.47213595499958,0.0,1.4142135623730951,0.0,,,,,,,,,,,,,,,,,,,,,4.831670458542824,0.0,,,,,,,,,,,,,,,,,,,,,11.955121828989006,0.0,17.641059631851775,0.0,16.768965761604573,0.0,15.532772195817861,0.0,13.07690010218963,0.0,10.425517754880223,0.0,7.321546776397304,0.0,5.425634555022718,0.0,3.924761258721462,0.0,0.6618696519470317,0.0
Redon,418.2823529411765,0.0,18.991856851873262,0.0,353.66398452538044,0.0,433.0,0.0,394.0,0.0,347.0,0.0,266.0,0.0,164.0,0.0,83.0,0.0,51.0,0.0,17.0,0.0,9.0,0.0,11.872359336906474,0.0,20.808652046684813,0.0,19.849433241279208,0.0,18.627936010197157,0.0,16.30950643030009,0.0,12.806248474865697,0.0,9.1104335791443,0.0,7.14142842854285,0.0,4.123105625617661,0.0,3.0,0.0,,,,,,,,,,,,,,,,,,,,,2.4563049462405413,0.0,,,,,,,,,,,,,,,,,,,,,11.872435498522815,0.0,18.94236405074575,0.0,18.035938781302704,0.0,16.80265938806313,0.0,14.230497540489417,0.0,10.790278337099325,0.0,7.109436926531931,0.0,5.403378992355388,0.0,3.643218465527108,0.0,2.5150661115962025,0.0
Regel,399.72549019607845,0.0,18.618138435832947,0.0,378.36683998671685,0.0,420.0,0.0,380.0,0.0,329.0,0.0,255.0,0.0,166.0,0.0,105.0,0.0,70.0,0.0,45.0,0.0,24.0,0.0,12.753253326034026,0.0,20.493901531919196,0.0,19.493588689617926,0.0,18.138357147217054,0.0,15.968719422671311,0.0,12.884098726725126,0.0,10.246950765959598,0.0,8.366600265340756,0.0,6.708203932499369,0.0,4.898979485566356,0.0,,,,,,,,,,,,,,,,,,,,,5.980397721248109,0.0,,,,,,,,,,,,,,,,,,,,,12.753607282748591,0.0,18.48234929816388,0.0,17.73987918133593,0.0,16.37099414027091,0.0,13.858340685418884,0.0,11.142498754743162,0.0,8.485930631460317,0.0,6.580745859817171,0.0,5.346093008434053,0.0,3.3738329492262906,0.0
Regen,423.5686274509804,0.0,19.12560236692512,0.0,354.7161311833004,0.0,438.0,0.0,399.0,0.0,347.0,0.0,264.0,0.0,165.0,0.0,84.0,0.0,45.0,0.0,24.0,0.0,16.0,0.0,11.921764115483588,0.0,20.92844953645635,0.0,19.974984355438178,0.0,18.627936010197157,0.0,16.24807680927192,0.0,12.84523257866513,0.0,9.16515138991168,0.0,6.708203932499369,0.0,4.898979485566356,0.0,4.0,0.0,,,,,,,,,,,,,,,,,,,,,3.0426599297254535,0.0,,,,,,,,,,,,,,,,,,,,,11.921547771200471,0.0,19.032455357187004,0.0,18.255241986717685,0.0,16.87600386564065,0.0,14.084427272588773,0.0,10.901219590389585,0.0,7.2623468460404474,0.0,4.8175331254209635,0.0,3.5483300549653127,0.0,2.6099998410952274,0.0
Regie,389.7294117647059,0.0,18.330608584350504,0.0,364.599727061415,0.0,407.0,0.0,365.0,0.0,317.0,0.0,243.0,0.0,160.0,0.0,92.0,0.0,56.0,0.0,28.0,0.0,16.0,0.0,12.24916414594917,0.0,20.174241001832016,0.0,19.1049731745428,0.0,17.804493814764857,0.0,15.588457268119896,0.0,12.649110640673518,0.0,9.591663046625438,0.0,7.483314773547883,0.0,5.291502622129181,0.0,4.0,0.0,,,,,,,,,,,,,,,,,,,,,6.004998228579227,0.0,,,,,,,,,,,,,,,,,,,,,12.249173065901108,0.0,18.242377651070594,0.0,17.316718893630046,0.0,15.996091674552694,0.0,13.507871273245566,0.0,10.847779682319825,0.0,7.733599482167635,0.0,5.514231623640458,0.0,3.975344707243959,0.0,2.6099998410952274,0.0
Regil,380.0980392156863,0.0,18.16945102097724,0.0,396.54582722528573,0.0,400.0,0.0,365.0,0.0,321.0,0.0,254.0,0.0,181.0,0.0,123.0,0.0,84.0,0.0,49.0,0.0,24.0,0.0,13.382123540627001,0.0,20.0,0.0,19.1049731745428,0.0,17.916472867168917,0.0,15.937377450509228,0.0,13.45362404707371,0.0,11.090536506409418,0.0,9.16515138991168,0.0,7.0,0.0,4.898979485566356,0.0,,,,,,,,,,,,,,,,,,,,,7.84761740252664,0.0,,,,,,,,,,,,,,,,,,,,,13.382539380312728,0.0,18.058537700431234,0.0,17.362541135488918,0.0,16.141724086860076,0.0,13.903250847689533,0.0,11.720508196126131,0.0,9.208761408236368,0.0,7.175761992987985,0.0,5.636215550475455,0.0,3.3738329492262906,0.0
Rehst,380.0235294117647,0.0,18.09518937475555,0.0,352.56382767343376,0.0,398.0,0.0,345.0,0.0,299.0,0.0,234.0,0.0,153.0,0.0,76.0,0.0,48.0,0.0,22.0,0.0,3.0,0.0,11.86608914998774,0.0,19.949937343260004,0.0,18.57417562100671,0.0,17.291616465790582,0.0,15.297058540778355,0.0,12.36931687685298,0.0,8.717797887081348,0.0,6.928203230275509,0.0,4.69041575982343,0.0,1.7320508075688772,0.0,,,,,,,,,,,,,,,,,,,,,7.122604730874686,0.0,,,,,,,,,,,,,,,,,,,,,11.866017778920334,0.0,17.788587526162267,0.0,16.788447861157962,0.0,15.412721259727784,0.0,13.16178238750472,0.0,10.443020158062394,0.0,6.955484652632834,0.0,5.355733029166058,0.0,4.004411380210741,0.0,1.0076972804339992,0.0
Reibe,378.5098039215686,0.0,18.020395126713396,0.0,350.6193748599535,0.0,393.0,0.0,355.0,0.0,311.0,0.0,225.0,0.0,145.0,0.0,80.0,0.0,42.0,0.0,14.0,0.0,2.0,0.0,11.702761950007345,0.0,19.82422760159901,0.0,18.841443681416774,0.0,17.635192088548397,0.0,15.0,0.0,12.041594578792296,0.0,8.94427190999916,0.0,6.48074069840786,0.0,3.7416573867739413,0.0,1.4142135623730951,0.0,,,,,,,,,,,,,,,,,,,,,4.49156628972385,0.0,,,,,,,,,,,,,,,,,,,,,11.702058457673903,0.0,17.971559870153577,0.0,17.047311821095597,0.0,15.76172947517107,0.0,12.820066393868201,0.0,10.292278179225383,0.0,7.203801796584629,0.0,4.56630621088972,0.0,2.9630865225129486,0.0,0.6618696519470317,0.0
Reihe,379.3098039215687,0.0,18.153496490559515,0.0,352.7544667708743,0.0,394.0,0.0,344.0,0.0,304.0,0.0,233.0,0.0,145.0,0.0,84.0,0.0,45.0,0.0,21.0,0.0,2.0,0.0,11.852933935681188,0.0,19.849433241279208,0.0,18.547236990991408,0.0,17.435595774162696,0.0,15.264337522473747,0.0,12.041594578792296,0.0,9.16515138991168,0.0,6.708203932499369,0.0,4.58257569495584,0.0,1.4142135623730951,0.0,,,,,,,,,,,,,,,,,,,,,4.49667022262645,0.0,,,,,,,,,,,,,,,,,,,,,11.852206303059537,0.0,17.916917068264237,0.0,16.78056377310942,0.0,15.57645302797548,0.0,13.138860239395283,0.0,10.229453485566097,0.0,7.342110321288964,0.0,5.240654708447103,0.0,4.205294485951015,0.0,0.6618696519470317,0.0
Reime,403.4,0.0,18.672366488494735,0.0,409.31986809318215,0.0,430.0,0.0,379.0,0.0,338.0,0.0,275.0,0.0,203.0,0.0,135.0,0.0,98.0,0.0,54.0,0.0,44.0,0.0,13.789905864353683,0.0,20.73644135332772,0.0,19.467922333931785,0.0,18.384776310850235,0.0,16.583123951777,0.0,14.247806848775006,0.0,11.61895003862225,0.0,9.899494936611665,0.0,7.3484692283495345,0.0,6.6332495807108,0.0,,,,,,,,,,,,,,,,,,,,,4.192077910561494,0.0,,,,,,,,,,,,,,,,,,,,,13.78999028601677,0.0,18.744274146931843,0.0,17.660226745192045,0.0,16.673715312308367,0.0,14.654870822249872,0.0,12.562258660000937,0.0,9.90389530524689,0.0,8.310976438603058,0.0,6.393023301520998,0.0,5.6613953851328915,0.0
Reise,339.8196078431373,0.0,17.07825803023172,0.0,334.4047501032629,0.0,343.0,0.0,299.0,0.0,255.0,0.0,193.0,0.0,122.0,0.0,63.0,0.0,33.0,0.0,7.0,0.0,0.0,0.0,11.181206211643524,0.0,18.520259177452136,0.0,17.291616465790582,0.0,15.968719422671311,0.0,13.892443989449804,0.0,11.045361017187261,0.0,7.937253933193772,0.0,5.744562646538029,0.0,2.6457513110645907,0.0,0.0,0.0,,,,,,,,,,,,,,,,,,,,,6.77923797959724,0.0,,,,,,,,,,,,,,,,,,,,,11.181050901918162,0.0,16.525064512365446,0.0,15.451773711250448,0.0,14.116941955403508,0.0,11.694378772737423,0.0,9.11441402067268,0.0,6.03518544428549,0.0,3.8794976556551206,0.0,2.030047764100258,0.0,0.0,0.0
Reize,347.5529411764706,0.0,17.359272579313085,0.0,343.93540426496895,0.0,353.0,0.0,315.0,0.0,275.0,0.0,203.0,0.0,136.0,0.0,74.0,0.0,36.0,0.0,8.0,0.0,0.0,0.0,11.502694768927842,0.0,18.788294228055936,0.0,17.74823934929885,0.0,16.583123951777,0.0,14.247806848775006,0.0,11.661903789690601,0.0,8.602325267042627,0.0,6.0,0.0,2.8284271247461903,0.0,0.0,0.0,,,,,,,,,,,,,,,,,,,,,5.87034623059662,0.0,,,,,,,,,,,,,,,,,,,,,11.502524418002869,0.0,16.933882354042584,0.0,15.91250765274403,0.0,14.659001384192631,0.0,12.01913638065885,0.0,9.747193447874853,0.0,6.524167906114281,0.0,4.053253249600914,0.0,2.111306433351048,0.0,0.0,0.0
Relpe,390.6392156862745,0.0,18.440874897201617,0.0,364.79776168762965,0.0,399.0,0.0,357.0,0.0,316.0,0.0,239.0,0.0,159.0,0.0,96.0,0.0,65.0,0.0,36.0,0.0,21.0,0.0,12.355147833155113,0.0,19.974984355438178,0.0,18.894443627691185,0.0,17.776388834631177,0.0,15.459624833740307,0.0,12.609520212918492,0.0,9.797958971132712,0.0,8.06225774829855,0.0,6.0,0.0,4.58257569495584,0.0,,,,,,,,,,,,,,,,,,,,,4.047559868009759,0.0,,,,,,,,,,,,,,,,,,,,,12.354482425590811,0.0,18.111702814753485,0.0,17.15337818866283,0.0,15.959954156327807,0.0,13.425328259087964,0.0,10.904800046790351,0.0,8.207563315836708,0.0,6.6540625916997325,0.0,5.440179659987857,0.0,3.8560793162980267,0.0
Remis,394.9450980392157,0.0,18.43229326027439,0.0,407.4901418146767,0.0,419.0,0.0,373.0,0.0,325.0,0.0,266.0,0.0,198.0,0.0,138.0,0.0,100.0,0.0,55.0,0.0,44.0,0.0,13.766483436723995,0.0,20.46948949045872,0.0,19.313207915827967,0.0,18.027756377319946,0.0,16.30950643030009,0.0,14.071247279470288,0.0,11.74734012447073,0.0,10.0,0.0,7.416198487095663,0.0,6.6332495807108,0.0,,,,,,,,,,,,,,,,,,,,,7.068302531579059,0.0,,,,,,,,,,,,,,,,,,,,,13.766713111694465,0.0,18.40952254165041,0.0,17.49327280772206,0.0,16.2678947950859,0.0,14.357185553533855,0.0,12.406911550932797,0.0,9.977785762871783,0.0,8.371487086600078,0.0,6.40515029668494,0.0,5.662553709140418,0.0
Rente,371.6549019607843,0.0,17.906432875684956,0.0,333.73892465977127,0.0,375.0,0.0,338.0,0.0,294.0,0.0,222.0,0.0,141.0,0.0,59.0,0.0,31.0,0.0,4.0,0.0,0.0,0.0,11.198277924486742,0.0,19.364916731037084,0.0,18.384776310850235,0.0,17.146428199482248,0.0,14.89966442575134,0.0,11.874342087037917,0.0,7.681145747868608,0.0,5.5677643628300215,0.0,2.0,0.0,0.0,0.0,,,,,,,,,,,,,,,,,,,,,5.792757268160134,0.0,,,,,,,,,,,,,,,,,,,,,11.198474162731124,0.0,17.468919895331332,0.0,16.57521467440196,0.0,15.339702536387215,0.0,12.77126850890766,0.0,9.944922256536154,0.0,5.780226875032429,0.0,3.8725642124757718,0.0,1.1638743434936105,0.0,0.0,0.0
Reste,348.98823529411766,0.0,17.27602895548014,0.0,332.305197441774,0.0,357.0,0.0,312.0,0.0,262.0,0.0,198.0,0.0,124.0,0.0,60.0,0.0,34.0,0.0,6.0,0.0,0.0,0.0,11.078967592670677,0.0,18.894443627691185,0.0,17.663521732655695,0.0,16.186414056238647,0.0,14.071247279470288,0.0,11.135528725660043,0.0,7.745966692414834,0.0,5.830951894845301,0.0,2.449489742783178,0.0,0.0,0.0,,,,,,,,,,,,,,,,,,,,,6.524097503213437,0.0,,,,,,,,,,,,,,,,,,,,,11.079149135650189,0.0,16.81906876894799,0.0,15.762790836821926,0.0,14.307084760382837,0.0,11.895370718928758,0.0,9.190984488276309,0.0,5.850476489804841,0.0,4.047208836140621,0.0,1.3909101303457403,0.0,0.0,0.0
Retan,376.34117647058827,0.0,17.974416865884383,0.0,339.99330936009204,0.0,377.0,0.0,345.0,0.0,300.0,0.0,224.0,0.0,147.0,0.0,78.0,0.0,38.0,0.0,4.0,0.0,0.0,0.0,11.475313966842,0.0,19.4164878389476,0.0,18.57417562100671,0.0,17.320508075688775,0.0,14.966629547095765,0.0,12.12435565298214,0.0,8.831760866327848,0.0,6.164414002968976,0.0,2.0,0.0,0.0,0.0,,,,,,,,,,,,,,,,,,,,,4.3332205961171075,0.0,,,,,,,,,,,,,,,,,,,,,11.474853676860564,0.0,17.483949952287485,0.0,16.782859790062187,0.0,15.533031134690921,0.0,12.79932747774073,0.0,10.166340778904154,0.0,6.82706067949657,0.0,4.163195140558438,0.0,1.1588332045666345,0.0,0.0,0.0
Retel,347.81176470588235,0.0,17.36337384408685,0.0,359.67336216601404,0.0,355.0,0.0,323.0,0.0,278.0,0.0,213.0,0.0,137.0,0.0,85.0,0.0,57.0,0.0,26.0,0.0,8.0,0.0,12.139278009043467,0.0,18.841443681416774,0.0,17.97220075561143,0.0,16.673332000533065,0.0,14.594519519326424,0.0,11.704699910719626,0.0,9.219544457292887,0.0,7.54983443527075,0.0,5.0990195135927845,0.0,2.8284271247461903,0.0,,,,,,,,,,,,,,,,,,,,,7.458227355711022,0.0,,,,,,,,,,,,,,,,,,,,,12.139285533108477,0.0,16.753629387985345,0.0,16.094881450023273,0.0,14.865716848796309,0.0,12.460033394043938,0.0,10.017389900002195,0.0,7.548208719490083,0.0,5.901971526833686,0.0,4.196644863063185,0.0,2.1360381094173597,0.0
Reten,371.6549019607843,0.0,17.906432875684956,0.0,336.02265336259757,0.0,373.0,0.0,342.0,0.0,296.0,0.0,222.0,0.0,136.0,0.0,64.0,0.0,32.0,0.0,5.0,0.0,0.0,0.0,11.262551212228987,0.0,19.313207915827967,0.0,18.49324200890693,0.0,17.204650534085253,0.0,14.89966442575134,0.0,11.661903789690601,0.0,8.0,0.0,5.656854249492381,0.0,2.23606797749979,0.0,0.0,0.0,,,,,,,,,,,,,,,,,,,,,4.460579665150165,0.0,,,,,,,,,,,,,,,,,,,,,11.262410826168788,0.0,17.34229374374391,0.0,16.651901886430327,0.0,15.440972655694994,0.0,12.72054837477814,0.0,9.749047244317856,0.0,6.146903748185225,0.0,3.816270417701107,0.0,1.2608596793186617,0.0,0.0,0.0
Reusu,381.28235294117644,0.0,18.102826889940452,0.0,335.67439992656773,0.0,402.0,0.0,365.0,0.0,302.0,0.0,226.0,0.0,131.0,0.0,52.0,0.0,22.0,0.0,3.0,0.0,0.0,0.0,11.119158143797133,0.0,20.049937655763422,0.0,19.1049731745428,0.0,17.378147196982766,0.0,15.033296378372908,0.0,11.445523142259598,0.0,7.211102550927978,0.0,4.69041575982343,0.0,1.7320508075688772,0.0,0.0,0.0,,,,,,,,,,,,,,,,,,,,,4.3349624495713455,0.0,,,,,,,,,,,,,,,,,,,,,11.119123920325455,0.0,17.992273587512834,0.0,17.147466613367786,0.0,15.423311875988718,0.0,12.554834598097578,0.0,9.136551655569399,0.0,5.257071955640766,0.0,2.9215471382157365,0.0,0.9046079998481863,0.0,0.0,0.0
Reuzo,381.6352941176471,0.0,18.144764952849513,0.0,342.50614827233323,0.0,399.0,0.0,364.0,0.0,312.0,0.0,229.0,0.0,142.0,0.0,64.0,0.0,32.0,0.0,5.0,0.0,0.0,0.0,11.359581912107197,0.0,19.974984355438178,0.0,19.078784028338912,0.0,17.663521732655695,0.0,15.132745950421556,0.0,11.916375287812984,0.0,8.0,0.0,5.656854249492381,0.0,2.23606797749979,0.0,0.0,0.0,,,,,,,,,,,,,,,,,,,,,4.357309913963639,0.0,,,,,,,,,,,,,,,,,,,,,11.359766539722598,0.0,18.043090788664472,0.0,17.14447512075726,0.0,15.658605730053933,0.0,12.784786027435903,0.0,9.77817514659904,0.0,5.8331868503904865,0.0,3.666886652282586,0.0,1.12265489724345,0.0,0.0,0.0
Revue,373.3294117647059,0.0,17.937204746279665,0.0,339.0307967052988,0.0,387.0,0.0,349.0,0.0,299.0,0.0,222.0,0.0,130.0,0.0,64.0,0.0,32.0,0.0,4.0,0.0,1.0,0.0,11.285701137224754,0.0,19.672315572906,0.0,18.681541692269406,0.0,17.291616465790582,0.0,14.89966442575134,0.0,11.40175425099138,0.0,8.0,0.0,5.656854249492381,0.0,2.0,0.0,1.0,0.0,,,,,,,,,,,,,,,,,,,,,4.223766737779603,0.0,,,,,,,,,,,,,,,,,,,,,11.284900058024073,0.0,17.585705538680322,0.0,16.662531012931293,0.0,15.328387270090758,0.0,12.481500916763252,0.0,9.386496117342261,0.0,5.844583297308841,0.0,3.6360657513814223,0.0,1.1393740602157727,0.0,0.3821804622177742,0.0
Rfhmt,442.7529411764706,0.0,19.58776226636453,0.0,458.4869648203478,0.0,488.0,0.0,430.0,0.0,391.0,0.0,332.0,0.0,259.0,0.0,179.0,0.0,142.0,0.0,85.0,0.0,56.0,0.0,15.310702310640135,0.0,22.090722034374522,0.0,20.73644135332772,0.0,19.77371993328519,0.0,18.2208671582886,0.0,16.09347693943108,0.0,13.379088160259652,0.0,11.916375287812984,0.0,9.219544457292887,0.0,7.483314773547883,0.0,,,,,,,,,,,,,,,,,,,,,3.9454977739825594,0.0,,,,,,,,,,,,,,,,,,,,,15.310263362061958,0.0,19.925667411181653,0.0,18.958739093348825,0.0,18.02197022083463,0.0,16.296513344777956,0.0,14.296796205092102,0.0,11.623263725394747,0.0,10.207301906231216,0.0,8.038208948342424,0.0,6.277915688750693,0.0
Rgmls,446.39607843137253,0.0,19.64204115802423,0.0,451.5196710158651,0.0,497.0,0.0,436.0,0.0,380.0,0.0,315.0,0.0,245.0,0.0,182.0,0.0,141.0,0.0,87.0,0.0,67.0,0.0,15.064560765718982,0.0,22.293496809607955,0.0,20.8806130178211,0.0,19.493588689617926,0.0,17.74823934929885,0.0,15.652475842498529,0.0,13.490737563232042,0.0,11.874342087037917,0.0,9.327379053088816,0.0,8.18535277187245,0.0,,,,,,,,,,,,,,,,,,,,,8.059647117264952,0.0,,,,,,,,,,,,,,,,,,,,,15.064827475080932,0.0,20.18170960595334,0.0,19.145057557679902,0.0,17.746420002426582,0.0,15.899746977101538,0.0,13.99215332091862,0.0,11.711766090354704,0.0,10.144094342688344,0.0,8.002956975671779,0.0,6.588277661264848,0.0
Rhqzh,458.97254901960787,0.0,20.03625241894728,0.0,396.05601936217056,0.0,497.0,0.0,450.0,0.0,399.0,0.0,308.0,0.0,209.0,0.0,122.0,0.0,79.0,0.0,51.0,0.0,28.0,0.0,13.320488658046155,0.0,22.293496809607955,0.0,21.213203435596427,0.0,19.974984355438178,0.0,17.549928774784245,0.0,14.45683229480096,0.0,11.045361017187261,0.0,8.888194417315589,0.0,7.14142842854285,0.0,5.291502622129181,0.0,,,,,,,,,,,,,,,,,,,,,2.935540987950846,0.0,,,,,,,,,,,,,,,,,,,,,13.320836839650328,0.0,20.479499802773933,0.0,19.505864977343286,0.0,18.080460183535497,0.0,15.472529090859304,0.0,12.456726156787843,0.0,9.194021968478022,0.0,7.434647828118737,0.0,6.405928452035258,0.0,4.206934513155239,0.0
Rhrzs,375.16078431372546,0.0,18.060607946584486,0.0,357.9971240210242,0.0,384.0,0.0,351.0,0.0,304.0,0.0,228.0,0.0,153.0,0.0,92.0,0.0,53.0,0.0,20.0,0.0,12.0,0.0,12.05308433100977,0.0,19.595917942265423,0.0,18.734993995195193,0.0,17.435595774162696,0.0,15.0996688705415,0.0,12.36931687685298,0.0,9.591663046625438,0.0,7.280109889280518,0.0,4.47213595499958,0.0,3.4641016151377544,0.0,,,,,,,,,,,,,,,,,,,,,8.895212683347578,0.0,,,,,,,,,,,,,,,,,,,,,12.053422262708516,0.0,17.782526127313123,0.0,16.9768188037536,0.0,15.462479973703164,0.0,12.898956107698767,0.0,10.486427121766617,0.0,7.615901705121024,0.0,5.592250458984506,0.0,3.918741851100342,0.0,3.000484787208892,0.0
Riege,389.7294117647059,0.0,18.3306085843505,0.0,370.55638085056364,0.0,414.0,0.0,366.0,0.0,316.0,0.0,244.0,0.0,165.0,0.0,96.0,0.0,61.0,0.0,30.0,0.0,16.0,0.0,12.463757107324229,0.0,20.346989949375804,0.0,19.131126469708992,0.0,17.776388834631177,0.0,15.620499351813308,0.0,12.84523257866513,0.0,9.797958971132712,0.0,7.810249675906654,0.0,5.477225575051661,0.0,4.0,0.0,,,,,,,,,,,,,,,,,,,,,4.73064371320439,0.0,,,,,,,,,,,,,,,,,,,,,12.46377570225363,0.0,18.29290649108124,0.0,17.34580435864416,0.0,15.892677855819068,0.0,13.488749759721939,0.0,10.993302637304664,0.0,7.983430084632482,0.0,5.877723995874533,0.0,4.0532731941120845,0.0,2.609431180892979,0.0
Riffe,346.5725490196079,0.0,17.294018940628014,0.0,385.0286790690387,0.0,356.0,0.0,314.0,0.0,285.0,0.0,224.0,0.0,170.0,0.0,118.0,0.0,85.0,0.0,36.0,0.0,14.0,0.0,13.132354157408527,0.0,18.867962264113206,0.0,17.72004514666935,0.0,16.881943016134134,0.0,14.966629547095765,0.0,13.038404810405298,0.0,10.862780491200215,0.0,9.219544457292887,0.0,6.0,0.0,3.7416573867739413,0.0,,,,,,,,,,,,,,,,,,,,,4.89088811578952,0.0,,,,,,,,,,,,,,,,,,,,,13.132226554054153,0.0,16.959081588416193,0.0,15.985623367740226,0.0,15.140389058236304,0.0,12.96083204594987,0.0,11.249180271427193,0.0,9.028389582569181,0.0,7.430033444698371,0.0,5.103643916436114,0.0,2.812850525073717,0.0
Rigil,360.47058823529414,0.0,17.709399255523653,0.0,417.61854011603185,0.0,385.0,0.0,349.0,0.0,312.0,0.0,256.0,0.0,193.0,0.0,141.0,0.0,100.0,0.0,55.0,0.0,24.0,0.0,14.084980417656647,0.0,19.621416870348583,0.0,18.681541692269406,0.0,17.663521732655695,0.0,16.0,0.0,13.892443989449804,0.0,11.874342087037917,0.0,10.0,0.0,7.416198487095663,0.0,4.898979485566356,0.0,,,,,,,,,,,,,,,,,,,,,6.99622040682302,0.0,,,,,,,,,,,,,,,,,,,,,14.08495181254551,0.0,17.644718228015844,0.0,16.95242951537899,0.0,15.893975177647377,0.0,13.991731352050067,0.0,12.123648466550144,0.0,9.911641904164131,0.0,7.8089019442909695,0.0,5.958720022761731,0.0,3.3738329492262906,0.0
Rilie,319.0156862745098,0.0,16.678919141058156,0.0,380.10791926849186,0.0,328.0,0.0,293.0,0.0,261.0,0.0,209.0,0.0,155.0,0.0,106.0,0.0,71.0,0.0,28.0,0.0,5.0,0.0,12.897769036575939,0.0,18.110770276274835,0.0,17.11724276862369,0.0,16.15549442140351,0.0,14.45683229480096,0.0,12.449899597988733,0.0,10.295630140987,0.0,8.426149773176359,0.0,5.291502622129181,0.0,2.23606797749979,0.0,,,,,,,,,,,,,,,,,,,,,7.294193441657216,0.0,,,,,,,,,,,,,,,,,,,,,12.89767660311607,0.0,16.22482753537838,0.0,15.385629323603194,0.0,14.373936072622275,0.0,12.465245841184595,0.0,10.688131758514412,0.0,8.475149962722465,0.0,6.54948241340692,0.0,4.702530827535044,0.0,1.728702033370433,0.0
Rille,329.01176470588234,0.0,16.99441706729395,0.0,391.1840721033003,0.0,344.0,0.0,304.0,0.0,273.0,0.0,219.0,0.0,166.0,0.0,117.0,0.0,83.0,0.0,39.0,0.0,10.0,0.0,13.265184662512588,0.0,18.547236990991408,0.0,17.435595774162696,0.0,16.522711641858304,0.0,14.798648586948742,0.0,12.884098726725126,0.0,10.816653826391969,0.0,9.1104335791443,0.0,6.244997998398398,0.0,3.1622776601683795,0.0,,,,,,,,,,,,,,,,,,,,,6.183773419643268,0.0,,,,,,,,,,,,,,,,,,,,,13.265006815976557,0.0,16.670629032531373,0.0,15.771755480191288,0.0,14.782054761968423,0.0,12.873302392297,0.0,11.176064441308128,0.0,9.092925785771268,0.0,7.39591060583325,0.0,5.77340762260937,0.0,2.4288058989325174,0.0
Rinde,395.11764705882354,0.0,18.508704271090785,0.0,365.46032752630094,0.0,411.0,0.0,368.0,0.0,327.0,0.0,261.0,0.0,168.0,0.0,95.0,0.0,57.0,0.0,23.0,0.0,9.0,0.0,12.378993341622552,0.0,20.273134932713294,0.0,19.183326093250876,0.0,18.083141320025124,0.0,16.15549442140351,0.0,12.96148139681572,0.0,9.746794344808963,0.0,7.54983443527075,0.0,4.795831523312719,0.0,3.0,0.0,,,,,,,,,,,,,,,,,,,,,3.8704281712906456,0.0,,,,,,,,,,,,,,,,,,,,,12.37957240798848,0.0,18.398988927655274,0.0,17.438938412279597,0.0,16.2179050554582,0.0,14.085404524799243,0.0,10.996646719691748,0.0,7.765614946773445,0.0,5.843241035724534,0.0,4.13707333973454,0.0,2.4773383361263903,0.0
Ringe,403.9411764705883,0.0,18.689102104851973,0.0,372.4638592597986,0.0,426.0,0.0,378.0,0.0,336.0,0.0,261.0,0.0,177.0,0.0,99.0,0.0,62.0,0.0,29.0,0.0,16.0,0.0,12.603583084100585,0.0,20.639767440550294,0.0,19.44222209522358,0.0,18.33030277982336,0.0,16.15549442140351,0.0,13.30413469565007,0.0,9.9498743710662,0.0,7.874007874011811,0.0,5.385164807134504,0.0,4.0,0.0,,,,,,,,,,,,,,,,,,,,,4.567040801777104,0.0,,,,,,,,,,,,,,,,,,,,,12.604205652471745,0.0,18.712511240149293,0.0,17.743104641868147,0.0,16.481939828174806,0.0,14.02881455338767,0.0,11.396539671007398,0.0,8.014036556483582,0.0,5.899275081225322,0.0,4.021400782562245,0.0,2.609431180892979,0.0
Rippe,413.01176470588234,0.0,18.929058763368324,0.0,381.58744995450996,0.0,426.0,0.0,378.0,0.0,342.0,0.0,266.0,0.0,183.0,0.0,109.0,0.0,78.0,0.0,45.0,0.0,30.0,0.0,13.000278407448652,0.0,20.639767440550294,0.0,19.44222209522358,0.0,18.49324200890693,0.0,16.30950643030009,0.0,13.527749258468683,0.0,10.44030650891055,0.0,8.831760866327848,0.0,6.708203932499369,0.0,5.477225575051661,0.0,,,,,,,,,,,,,,,,,,,,,3.9337195242055216,0.0,,,,,,,,,,,,,,,,,,,,,13.000505883863323,0.0,18.748597993191026,0.0,17.689686293564538,0.0,16.601798130133044,0.0,14.269989353537978,0.0,11.699768790748939,0.0,8.79347748652543,0.0,7.220257989126543,0.0,5.781145592896761,0.0,4.779374832884498,0.0
Risse,331.36470588235295,0.0,16.81544117468434,0.0,341.81487015844414,0.0,341.0,0.0,289.0,0.0,243.0,0.0,192.0,0.0,126.0,0.0,69.0,0.0,41.0,0.0,11.0,0.0,0.0,0.0,11.510489848372835,0.0,18.466185312619388,0.0,17.0,0.0,15.588457268119896,0.0,13.856406460551018,0.0,11.224972160321824,0.0,8.306623862918075,0.0,6.4031242374328485,0.0,3.3166247903554,0.0,0.0,0.0,,,,,,,,,,,,,,,,,,,,,5.476801212986063,0.0,,,,,,,,,,,,,,,,,,,,,11.510571221534104,0.0,16.349485621222588,0.0,15.189870425395675,0.0,13.637813144710538,0.0,11.652653205496957,0.0,9.157454927059614,0.0,6.321762348150356,0.0,4.4183833524305935,0.0,2.278901520005475,0.0,0.0,0.0
Ritze,337.09411764705885,0.0,17.077250809019468,0.0,362.1991271904599,0.0,350.0,0.0,311.0,0.0,274.0,0.0,208.0,0.0,147.0,0.0,88.0,0.0,52.0,0.0,13.0,0.0,0.0,0.0,12.195002958900746,0.0,18.708286933869708,0.0,17.635192088548397,0.0,16.55294535724685,0.0,14.422205101855956,0.0,12.12435565298214,0.0,9.38083151964686,0.0,7.211102550927978,0.0,3.605551275463989,0.0,0.0,0.0,,,,,,,,,,,,,,,,,,,,,4.782414843656926,0.0,,,,,,,,,,,,,,,,,,,,,12.19508220631338,0.0,16.681826977617018,0.0,15.701696430210738,0.0,14.641142143999046,0.0,12.251047951855286,0.0,10.208687502810818,0.0,7.368863169384772,0.0,5.148159149963133,0.0,2.467362173249503,0.0,0.0,0.0
Rkbnn,456.9372549019607,0.0,19.904925501191833,0.0,380.0925866532754,0.0,474.0,0.0,451.0,0.0,408.0,0.0,305.0,0.0,206.0,0.0,116.0,0.0,60.0,0.0,30.0,0.0,16.0,0.0,12.881022101646392,0.0,21.77154105707724,0.0,21.236760581595302,0.0,20.199009876724155,0.0,17.46424919657298,0.0,14.352700094407323,0.0,10.770329614269007,0.0,7.745966692414834,0.0,5.477225575051661,0.0,4.0,0.0,,,,,,,,,,,,,,,,,,,,,3.1073822140692737,0.0,,,,,,,,,,,,,,,,,,,,,12.88112412975033,0.0,20.11134328886355,0.0,19.62375050868442,0.0,18.315250862341284,0.0,15.351324531828134,0.0,12.362635542566737,0.0,8.832800749529518,0.0,5.920482928068448,0.0,4.642158075232695,0.0,3.1478845997677416,0.0
Rkscr,364.2627450980392,0.0,17.718970256729424,0.0,367.72902975867396,0.0,371.0,0.0,338.0,0.0,298.0,0.0,236.0,0.0,161.0,0.0,98.0,0.0,57.0,0.0,23.0,0.0,14.0,0.0,12.393733848667534,0.0,19.261360284258224,0.0,18.384776310850235,0.0,17.26267650163207,0.0,15.362291495737216,0.0,12.68857754044952,0.0,9.899494936611665,0.0,7.54983443527075,0.0,4.795831523312719,0.0,3.7416573867739413,0.0,,,,,,,,,,,,,,,,,,,,,11.070195916936688,0.0,,,,,,,,,,,,,,,,,,,,,12.393826272226027,0.0,17.331621413241763,0.0,16.626404644742145,0.0,15.203380451807144,0.0,13.144515243892217,0.0,10.71354728476393,0.0,7.833148709699624,0.0,5.725119536075609,0.0,4.091503022665345,0.0,3.075400900382,0.0
Rktlt,367.7294117647059,0.0,17.89406436246165,0.0,403.08266637509905,0.0,388.0,0.0,356.0,0.0,317.0,0.0,252.0,0.0,192.0,0.0,131.0,0.0,91.0,0.0,43.0,0.0,19.0,0.0,13.616383067927284,0.0,19.697715603592208,0.0,18.867962264113206,0.0,17.804493814764857,0.0,15.874507866387544,0.0,13.856406460551018,0.0,11.445523142259598,0.0,9.539392014169456,0.0,6.557438524302,0.0,4.358898943540674,0.0,,,,,,,,,,,,,,,,,,,,,10.289917056868473,0.0,,,,,,,,,,,,,,,,,,,,,13.616361571828202,0.0,17.596507042684134,0.0,17.045556961728153,0.0,15.947010792530346,0.0,13.895286276235298,0.0,12.127401538862522,0.0,9.587044746016756,0.0,7.708308401643958,0.0,5.746608528781339,0.0,3.516750905376702,0.0
Rldsh,413.4823529411765,0.0,18.97344306431295,0.0,399.9597943376707,0.0,449.0,0.0,398.0,0.0,349.0,0.0,284.0,0.0,198.0,0.0,124.0,0.0,88.0,0.0,51.0,0.0,21.0,0.0,13.495270356183964,0.0,21.18962010041709,0.0,19.949937343260004,0.0,18.681541692269406,0.0,16.852299546352718,0.0,14.071247279470288,0.0,11.135528725660043,0.0,9.38083151964686,0.0,7.14142842854285,0.0,4.58257569495584,0.0,,,,,,,,,,,,,,,,,,,,,3.698308316320963,0.0,,,,,,,,,,,,,,,,,,,,,13.495305937565664,0.0,19.1931961616192,0.0,18.213957125409024,0.0,16.891836337464767,0.0,14.885113300358398,0.0,12.126859796917886,0.0,9.394404537938629,0.0,7.8554829643821815,0.0,6.438658601601226,0.0,3.667201317207163,0.0
Rmstr,389.5137254901961,0.0,18.29786692135419,0.0,430.8299322647953,0.0,421.0,0.0,383.0,0.0,330.0,0.0,284.0,0.0,215.0,0.0,149.0,0.0,114.0,0.0,56.0,0.0,48.0,0.0,14.447919371034185,0.0,20.518284528683193,0.0,19.570385790780925,0.0,18.16590212458495,0.0,16.852299546352718,0.0,14.66287829861518,0.0,12.206555615733702,0.0,10.677078252031311,0.0,7.483314773547883,0.0,6.928203230275509,0.0,,,,,,,,,,,,,,,,,,,,,11.749052735507979,0.0,,,,,,,,,,,,,,,,,,,,,14.447936414365007,0.0,18.32043889980322,0.0,17.56539332712249,0.0,16.381223126405565,0.0,14.867822206662817,0.0,12.86963694177375,0.0,10.342292705220045,0.0,8.883374391946747,0.0,6.370529401672992,0.0,6.020022767762582,0.0
Rntzt,360.4745098039216,0.0,17.654973824123566,0.0,359.854866594854,0.0,369.0,0.0,343.0,0.0,304.0,0.0,223.0,0.0,155.0,0.0,90.0,0.0,49.0,0.0,11.0,0.0,0.0,0.0,12.099954825384803,0.0,19.209372712298546,0.0,18.520259177452136,0.0,17.435595774162696,0.0,14.933184523068078,0.0,12.449899597988733,0.0,9.486832980505138,0.0,7.0,0.0,3.3166247903554,0.0,0.0,0.0,,,,,,,,,,,,,,,,,,,,,8.16925159453241,0.0,,,,,,,,,,,,,,,,,,,,,12.10007386338354,0.0,17.221032056740206,0.0,16.66085969418784,0.0,15.549303912260994,0.0,12.684336450275017,0.0,10.512009313470763,0.0,7.274439843839161,0.0,4.951204687437682,0.0,1.9183760468957594,0.0,0.0,0.0
Rnvmt,421.29019607843134,0.0,19.068709208958253,0.0,427.6288259321343,0.0,451.0,0.0,411.0,0.0,373.0,0.0,305.0,0.0,227.0,0.0,153.0,0.0,113.0,0.0,57.0,0.0,45.0,0.0,14.37697656228333,0.0,21.236760581595302,0.0,20.273134932713294,0.0,19.313207915827967,0.0,17.46424919657298,0.0,15.066519173319364,0.0,12.36931687685298,0.0,10.63014581273465,0.0,7.54983443527075,0.0,6.708203932499369,0.0,,,,,,,,,,,,,,,,,,,,,3.8145783344723796,0.0,,,,,,,,,,,,,,,,,,,,,14.377167423968933,0.0,19.1558806930415,0.0,18.456798656669484,0.0,17.590911709970708,0.0,15.449973628632721,0.0,13.223481741154572,0.0,10.322929908675267,0.0,8.733470756472958,0.0,6.327399374043108,0.0,5.674177948024617,0.0
Robbe,431.9098039215686,0.0,19.15758442857616,0.0,353.08237696841024,0.0,461.0,0.0,425.0,0.0,369.0,0.0,253.0,0.0,158.0,0.0,85.0,0.0,42.0,0.0,18.0,0.0,4.0,0.0,11.689636532100623,0.0,21.470910553583888,0.0,20.615528128088304,0.0,19.209372712298546,0.0,15.905973720586866,0.0,12.569805089976535,0.0,9.219544457292887,0.0,6.48074069840786,0.0,4.242640687119285,0.0,2.0,0.0,,,,,,,,,,,,,,,,,,,,,2.9605661580241,0.0,,,,,,,,,,,,,,,,,,,,,11.689380409864723,0.0,19.62683602227192,0.0,18.761281018980497,0.0,17.229664719216228,0.0,13.74369585919171,0.0,10.801663579298987,0.0,7.559984658527836,0.0,4.61281465621772,0.0,3.256846678968363,0.0,0.941259241321911,0.0
Rocho,395.0509803921568,0.0,18.39506227312904,0.0,349.43895624613515,0.0,413.0,0.0,366.0,0.0,322.0,0.0,238.0,0.0,147.0,0.0,81.0,0.0,46.0,0.0,17.0,0.0,2.0,0.0,11.668250035220197,0.0,20.322401432901575,0.0,19.131126469708992,0.0,17.944358444926362,0.0,15.427248620541512,0.0,12.12435565298214,0.0,9.0,0.0,6.782329983125268,0.0,4.123105625617661,0.0,1.4142135623730951,0.0,,,,,,,,,,,,,,,,,,,,,3.6987405103448854,0.0,,,,,,,,,,,,,,,,,,,,,11.667587455855838,0.0,18.285000162009457,0.0,17.22948852626875,0.0,15.932079656367259,0.0,13.249033413754063,0.0,10.283027173354984,0.0,6.997211081157091,0.0,5.1741894644080455,0.0,3.7695832870177908,0.0,0.6618696519470317,0.0
Rohre,387.8745098039215,0.0,18.328560981035167,0.0,348.3282598072951,0.0,405.0,0.0,356.0,0.0,313.0,0.0,238.0,0.0,152.0,0.0,73.0,0.0,44.0,0.0,16.0,0.0,3.0,0.0,11.649581045257555,0.0,20.12461179749811,0.0,18.867962264113206,0.0,17.69180601295413,0.0,15.427248620541512,0.0,12.328828005937952,0.0,8.54400374531753,0.0,6.6332495807108,0.0,4.0,0.0,1.7320508075688772,0.0,,,,,,,,,,,,,,,,,,,,,6.1987758367607615,0.0,,,,,,,,,,,,,,,,,,,,,11.649762528405565,0.0,18.223706263546138,0.0,17.092914472203788,0.0,15.803950716577543,0.0,13.351947615942178,0.0,10.41210463848255,0.0,6.784250409431121,0.0,5.187657736211494,0.0,3.7606640050939055,0.0,1.0076972804339992,0.0
Rohöl,407.8078431372549,0.0,18.773455865569503,0.0,381.6284177391167,0.0,438.0,0.0,387.0,0.0,341.0,0.0,264.0,0.0,172.0,0.0,109.0,0.0,77.0,0.0,45.0,0.0,15.0,0.0,12.872429362826157,0.0,20.92844953645635,0.0,19.672315572906,0.0,18.466185312619388,0.0,16.24807680927192,0.0,13.114877048604,0.0,10.44030650891055,0.0,8.774964387392123,0.0,6.708203932499369,0.0,3.872983346207417,0.0,,,,,,,,,,,,,,,,,,,,,5.058536388113907,0.0,,,,,,,,,,,,,,,,,,,,,12.872880737923946,0.0,18.8937599242403,0.0,17.851934081160845,0.0,16.54923276415923,0.0,14.180896574009877,0.0,11.320237983310697,0.0,8.656672573624517,0.0,7.242131237485432,0.0,6.126606631511417,0.0,2.8765358515548454,0.0
Rolle,352.1764705882353,0.0,17.51938082080765,0.0,369.8739269410083,0.0,366.0,0.0,327.0,0.0,285.0,0.0,216.0,0.0,153.0,0.0,101.0,0.0,67.0,0.0,32.0,0.0,10.0,0.0,12.489582855265557,0.0,19.131126469708992,0.0,18.083141320025124,0.0,16.881943016134134,0.0,14.696938456699069,0.0,12.36931687685298,0.0,10.04987562112089,0.0,8.18535277187245,0.0,5.656854249492381,0.0,3.1622776601683795,0.0,,,,,,,,,,,,,,,,,,,,,6.894227697339235,0.0,,,,,,,,,,,,,,,,,,,,,12.489508174681834,0.0,17.26254101019642,0.0,16.377964872746038,0.0,15.127616035391087,0.0,12.762608572219127,0.0,10.691934434820913,0.0,8.33936008228899,0.0,6.683020386077025,0.0,5.412030021876012,0.0,2.4288058989325174,0.0
Roman,445.4627450980392,0.0,19.557259851986128,0.0,400.61831010250637,0.0,470.0,0.0,424.0,0.0,374.0,0.0,295.0,0.0,217.0,0.0,143.0,0.0,94.0,0.0,49.0,0.0,44.0,0.0,13.590175269975601,0.0,21.6794833886788,0.0,20.591260281974,0.0,19.339079605813716,0.0,17.175564037317667,0.0,14.730919862656235,0.0,11.958260743101398,0.0,9.695359714832659,0.0,7.0,0.0,6.6332495807108,0.0,,,,,,,,,,,,,,,,,,,,,2.879565749814966,0.0,,,,,,,,,,,,,,,,,,,,,13.58961677288951,0.0,19.71201410135758,0.0,18.853118708119837,0.0,17.60473083064532,0.0,15.218294894459135,0.0,12.912733909140378,0.0,10.051915413196141,0.0,8.07579031216542,0.0,6.112793867977989,0.0,5.662553709140418,0.0
Rommé,493.035294117647,0.0,20.59104593326704,0.0,475.8291185784508,0.0,550.0,0.0,484.0,0.0,433.0,0.0,361.0,0.0,283.0,0.0,205.0,0.0,162.0,0.0,103.0,0.0,92.0,0.0,15.740345234952441,0.0,23.45207879911715,0.0,22.0,0.0,20.808652046684813,0.0,19.0,0.0,16.822603841260722,0.0,14.317821063276353,0.0,12.727922061357855,0.0,10.14889156509222,0.0,9.591663046625438,0.0,,,,,,,,,,,,,,,,,,,,,4.174325962583299,0.0,,,,,,,,,,,,,,,,,,,,,15.740112361818879,0.0,21.309676535849135,0.0,20.14915779390893,0.0,19.130163210262108,0.0,17.224203857151394,0.0,15.178940457178628,0.0,12.588640802794306,0.0,11.137948231411873,0.0,8.827679590002644,0.0,8.164400362178048,0.0
Romon,444.31372549019613,0.0,19.5361064200657,0.0,403.77292130675676,0.0,473.0,0.0,426.0,0.0,379.0,0.0,299.0,0.0,212.0,0.0,140.0,0.0,96.0,0.0,49.0,0.0,44.0,0.0,13.61421078248552,0.0,21.748563170931547,0.0,20.639767440550294,0.0,19.467922333931785,0.0,17.291616465790582,0.0,14.560219778561036,0.0,11.832159566199232,0.0,9.797958971132712,0.0,7.0,0.0,6.6332495807108,0.0,,,,,,,,,,,,,,,,,,,,,2.984345812830502,0.0,,,,,,,,,,,,,,,,,,,,,13.613733397743225,0.0,19.731928773044096,0.0,18.78327547304558,0.0,17.684930369811973,0.0,15.324209749489926,0.0,12.728360104736764,0.0,9.915711202329943,0.0,8.15013723429202,0.0,6.112793867977989,0.0,5.662553709140418,0.0
Rondo,421.81960784313725,0.0,19.034258355850042,0.0,352.039532899762,0.0,439.0,0.0,400.0,0.0,348.0,0.0,266.0,0.0,163.0,0.0,87.0,0.0,49.0,0.0,17.0,0.0,9.0,0.0,11.814560323637274,0.0,20.952326839756964,0.0,20.0,0.0,18.65475810617763,0.0,16.30950643030009,0.0,12.767145334803704,0.0,9.327379053088816,0.0,7.0,0.0,4.123105625617661,0.0,3.0,0.0,,,,,,,,,,,,,,,,,,,,,2.4467366334663017,0.0,,,,,,,,,,,,,,,,,,,,,11.814599686785341,0.0,19.035675975504542,0.0,18.167948380657915,0.0,16.76261785693311,0.0,14.241100393841696,0.0,10.855814544086359,0.0,7.204799553450511,0.0,5.3376331485329915,0.0,3.6335251226811307,0.0,2.4773383361263903,0.0
Rosen,377.19607843137254,0.0,17.97377858569097,0.0,324.93161822074194,0.0,381.0,0.0,343.0,0.0,288.0,0.0,215.0,0.0,128.0,0.0,58.0,0.0,24.0,0.0,3.0,0.0,0.0,0.0,10.827786129535115,0.0,19.519221295943137,0.0,18.520259177452136,0.0,16.97056274847714,0.0,14.66287829861518,0.0,11.313708498984761,0.0,7.615773105863909,0.0,4.898979485566356,0.0,1.7320508075688772,0.0,0.0,0.0,,,,,,,,,,,,,,,,,,,,,4.231007630366638,0.0,,,,,,,,,,,,,,,,,,,,,10.8276022765277,0.0,17.54730657515068,0.0,16.723518013152898,0.0,15.102227046334436,0.0,12.468533552326853,0.0,9.282470290195036,0.0,5.514592077741627,0.0,2.9789664439905645,0.0,0.9190078189597055,0.0,0.0,0.0
Roton,378.72941176470584,0.0,17.99625147862228,0.0,342.91048829279646,0.0,387.0,0.0,354.0,0.0,308.0,0.0,227.0,0.0,141.0,0.0,77.0,0.0,40.0,0.0,3.0,0.0,0.0,0.0,11.474611133979218,0.0,19.672315572906,0.0,18.81488772222678,0.0,17.549928774784245,0.0,15.066519173319364,0.0,11.874342087037917,0.0,8.774964387392123,0.0,6.324555320336759,0.0,1.7320508075688772,0.0,0.0,0.0,,,,,,,,,,,,,,,,,,,,,4.272421224759945,0.0,,,,,,,,,,,,,,,,,,,,,11.474452460752891,0.0,17.64589166164363,0.0,16.85696264023943,0.0,15.703739919942945,0.0,12.93213852193628,0.0,9.923510699704574,0.0,6.659887598105145,0.0,4.291553573611431,0.0,1.0567933171388846,0.0,0.0,0.0
Rotor,349.91764705882355,0.0,17.287624498013418,0.0,347.40124374684353,0.0,357.0,0.0,326.0,0.0,283.0,0.0,211.0,0.0,128.0,0.0,79.0,0.0,44.0,0.0,3.0,0.0,0.0,0.0,11.567656798283561,0.0,18.894443627691185,0.0,18.05547008526779,0.0,16.822603841260722,0.0,14.52583904633395,0.0,11.313708498984761,0.0,8.888194417315589,0.0,6.6332495807108,0.0,1.7320508075688772,0.0,0.0,0.0,,,,,,,,,,,,,,,,,,,,,8.029195642955571,0.0,,,,,,,,,,,,,,,,,,,,,11.567914280748056,0.0,16.741513196911193,0.0,15.984869426618113,0.0,14.851361277064663,0.0,12.307584180811682,0.0,9.453631161748298,0.0,6.7597808454399955,0.0,4.576002798804622,0.0,1.0567933171388846,0.0,0.0,0.0
Rotos,356.0627450980392,0.0,17.36910779001017,0.0,335.3365564923464,0.0,367.0,0.0,328.0,0.0,274.0,0.0,200.0,0.0,117.0,0.0,70.0,0.0,38.0,0.0,3.0,0.0,0.0,0.0,11.145488435642681,0.0,19.157244060668017,0.0,18.110770276274835,0.0,16.55294535724685,0.0,14.142135623730951,0.0,10.816653826391969,0.0,8.366600265340756,0.0,6.164414002968976,0.0,1.7320508075688772,0.0,0.0,0.0,,,,,,,,,,,,,,,,,,,,,6.706049491035562,0.0,,,,,,,,,,,,,,,,,,,,,11.145663871178495,0.0,16.931232163854023,0.0,16.035537132746786,0.0,14.618093492440618,0.0,11.96956303640076,0.0,9.014456379260587,0.0,6.321339092691786,0.0,4.2325783031743995,0.0,1.0567933171388846,0.0,0.0,0.0
Rotte,350.521568627451,0.0,17.299408287712026,0.0,342.9213680405377,0.0,363.0,0.0,325.0,0.0,276.0,0.0,203.0,0.0,130.0,0.0,70.0,0.0,42.0,0.0,6.0,0.0,0.0,0.0,11.445856351312417,0.0,19.05255888325765,0.0,18.027756377319946,0.0,16.61324772583615,0.0,14.247806848775006,0.0,11.40175425099138,0.0,8.366600265340756,0.0,6.48074069840786,0.0,2.449489742783178,0.0,0.0,0.0,,,,,,,,,,,,,,,,,,,,,6.852135353405215,0.0,,,,,,,,,,,,,,,,,,,,,11.445917903698138,0.0,16.886258601124233,0.0,15.989182643402629,0.0,14.80711031602302,0.0,12.159779360406539,0.0,9.603743989488267,0.0,6.545530281433091,0.0,4.661313834869947,0.0,1.5021125842832457,0.0,0.0,0.0
Route,371.89803921568625,0.0,17.85360003522003,0.0,336.4117514774041,0.0,391.0,0.0,353.0,0.0,296.0,0.0,218.0,0.0,129.0,0.0,56.0,0.0,30.0,0.0,3.0,0.0,0.0,0.0,11.149675818308681,0.0,19.77371993328519,0.0,18.788294228055936,0.0,17.204650534085253,0.0,14.7648230602334,0.0,11.357816691600547,0.0,7.483314773547883,0.0,5.477225575051661,0.0,1.7320508075688772,0.0,0.0,0.0,,,,,,,,,,,,,,,,,,,,,6.047832245054239,0.0,,,,,,,,,,,,,,,,,,,,,11.149981797675,0.0,17.711957625951396,0.0,16.805116283585072,0.0,15.338475412223909,0.0,12.55512548499669,0.0,9.319118754926706,0.0,5.650922365272923,0.0,3.810606237525735,0.0,1.0634663993176967,0.0,0.0,0.0
Rpssh,414.39607843137253,0.0,18.897279137089622,0.0,369.284058334885,0.0,439.0,0.0,384.0,0.0,331.0,0.0,260.0,0.0,177.0,0.0,104.0,0.0,64.0,0.0,40.0,0.0,21.0,0.0,12.515802104988119,0.0,20.952326839756964,0.0,19.595917942265423,0.0,18.193405398660254,0.0,16.1245154965971,0.0,13.30413469565007,0.0,10.198039027185569,0.0,8.0,0.0,6.324555320336759,0.0,4.58257569495584,0.0,,,,,,,,,,,,,,,,,,,,,5.066291996631466,0.0,,,,,,,,,,,,,,,,,,,,,12.51557575925488,0.0,18.911018401100318,0.0,17.91100088446024,0.0,16.297861872852554,0.0,14.041153253021891,0.0,11.26880040423487,0.0,8.35949405631047,0.0,6.56844228718511,0.0,5.50382616657454,0.0,3.7466259723859867,0.0
Rqhrl,404.4274509803921,0.0,18.81736050876223,0.0,399.21055011568035,0.0,431.0,0.0,386.0,0.0,348.0,0.0,276.0,0.0,192.0,0.0,119.0,0.0,88.0,0.0,52.0,0.0,22.0,0.0,13.466241857872154,0.0,20.760539492026695,0.0,19.6468827043885,0.0,18.65475810617763,0.0,16.61324772583615,0.0,13.856406460551018,0.0,10.908712114635714,0.0,9.38083151964686,0.0,7.211102550927978,0.0,4.69041575982343,0.0,,,,,,,,,,,,,,,,,,,,,9.039603143121912,0.0,,,,,,,,,,,,,,,,,,,,,13.46626040705925,0.0,18.90258254857895,0.0,17.970260448987062,0.0,16.810092281080937,0.0,14.612968616552463,0.0,12.042804152523251,0.0,9.19072520295521,0.0,7.804087596927899,0.0,6.448859593781148,0.0,3.4801289975051337,0.0
Rqngk,483.6666666666667,0.0,20.490554833147936,0.0,403.5348416497251,0.0,524.0,0.0,475.0,0.0,423.0,0.0,327.0,0.0,225.0,0.0,135.0,0.0,88.0,0.0,55.0,0.0,32.0,0.0,13.584271153009526,0.0,22.891046284519195,0.0,21.79449471770337,0.0,20.566963801203133,0.0,18.083141320025124,0.0,15.0,0.0,11.61895003862225,0.0,9.38083151964686,0.0,7.416198487095663,0.0,5.656854249492381,0.0,,,,,,,,,,,,,,,,,,,,,3.1641498929715612,0.0,,,,,,,,,,,,,,,,,,,,,13.584598472924332,0.0,21.005661549304104,0.0,20.14949983634663,0.0,18.736048723603894,0.0,16.022191876050837,0.0,13.131327151995848,0.0,9.715676519565413,0.0,7.545155831960752,0.0,6.1922066653773244,0.0,3.9363148011411115,0.0
Rqvxs,385.41568627450977,0.0,18.16590932042513,0.0,367.71128092156476,0.0,403.0,0.0,364.0,0.0,317.0,0.0,245.0,0.0,162.0,0.0,97.0,0.0,55.0,0.0,21.0,0.0,13.0,0.0,12.401960947198273,0.0,20.074859899884732,0.0,19.078784028338912,0.0,17.804493814764857,0.0,15.652475842498529,0.0,12.727922061357855,0.0,9.848857801796104,0.0,7.416198487095663,0.0,4.58257569495584,0.0,3.605551275463989,0.0,,,,,,,,,,,,,,,,,,,,,7.7345368055322,0.0,,,,,,,,,,,,,,,,,,,,,12.401772999739446,0.0,18.013484285682118,0.0,17.15970532934222,0.0,15.895117430243593,0.0,13.418275763387578,0.0,10.661494208741393,0.0,7.625260163030497,0.0,5.331193106212838,0.0,3.648994989195617,0.0,2.6125031259976526,0.0
Rqzgz,437.63529411764705,0.0,19.48610009431885,0.0,392.2336751139934,0.0,476.0,0.0,431.0,0.0,377.0,0.0,279.0,0.0,190.0,0.0,123.0,0.0,75.0,0.0,44.0,0.0,28.0,0.0,13.108639398964396,0.0,21.817424229271428,0.0,20.760539492026695,0.0,19.4164878389476,0.0,16.703293088490067,0.0,13.784048752090222,0.0,11.090536506409418,0.0,8.660254037844387,0.0,6.6332495807108,0.0,5.291502622129181,0.0,,,,,,,,,,,,,,,,,,,,,3.7013619964042204,0.0,,,,,,,,,,,,,,,,,,,,,13.108868971663576,0.0,19.830455080736005,0.0,18.935204390468392,0.0,17.481389093166197,0.0,14.473354877931712,0.0,11.910531398229802,0.0,8.959858001357134,0.0,6.654840794035324,0.0,5.122458979660599,0.0,3.684739106023263,0.0
Rrhmc,428.5019607843137,0.0,19.274447968304855,0.0,436.71468684954255,0.0,465.0,0.0,413.0,0.0,375.0,0.0,318.0,0.0,235.0,0.0,155.0,0.0,118.0,0.0,73.0,0.0,47.0,0.0,14.613546611238956,0.0,21.563858652847824,0.0,20.322401432901575,0.0,19.364916731037084,0.0,17.832554500127006,0.0,15.329709716755891,0.0,12.449899597988733,0.0,10.862780491200215,0.0,8.54400374531753,0.0,6.855654600401044,0.0,,,,,,,,,,,,,,,,,,,,,4.299620338290726,0.0,,,,,,,,,,,,,,,,,,,,,14.61336664025034,0.0,19.566545113491987,0.0,18.594623082020046,0.0,17.57186573514781,0.0,15.872953313549583,0.0,13.50828877657541,0.0,10.686972909936864,0.0,9.250181695535696,0.0,7.393968760987414,0.0,5.750330985007922,0.0
Rrhrn,383.9490196078432,0.0,18.32657440681859,0.0,373.8156752057827,0.0,392.0,0.0,359.0,0.0,328.0,0.0,264.0,0.0,183.0,0.0,97.0,0.0,60.0,0.0,24.0,0.0,3.0,0.0,12.645779830150103,0.0,19.79898987322333,0.0,18.947295321496416,0.0,18.110770276274835,0.0,16.24807680927192,0.0,13.527749258468683,0.0,9.848857801796104,0.0,7.745966692414834,0.0,4.898979485566356,0.0,1.7320508075688772,0.0,,,,,,,,,,,,,,,,,,,,,4.06533679365246,0.0,,,,,,,,,,,,,,,,,,,,,12.646123088410503,0.0,18.077515513202428,0.0,17.321936382551606,0.0,16.29253751346812,0.0,14.145651961214835,0.0,11.4494311358668,0.0,7.905936320640229,0.0,5.990056249077356,0.0,4.16724594204781,0.0,1.0076972804339992,0.0
Rrtqt,362.10588235294125,0.0,17.651541478594716,0.0,385.1795026092484,0.0,376.0,0.0,350.0,0.0,303.0,0.0,244.0,0.0,164.0,0.0,110.0,0.0,75.0,0.0,29.0,0.0,11.0,0.0,12.951561192291557,0.0,19.390719429665317,0.0,18.708286933869708,0.0,17.406895185529212,0.0,15.620499351813308,0.0,12.806248474865697,0.0,10.488088481701515,0.0,8.660254037844387,0.0,5.385164807134504,0.0,3.3166247903554,0.0,,,,,,,,,,,,,,,,,,,,,4.963027317178585,0.0,,,,,,,,,,,,,,,,,,,,,12.951399517428259,0.0,17.208487359545927,0.0,16.69117135674723,0.0,15.492692920937621,0.0,13.466978669566068,0.0,10.91892521921162,0.0,8.414982517063814,0.0,6.65878099787674,0.0,4.113791064864254,0.0,2.554225243171059,0.0
Rstfr,333.53725490196075,0.0,16.911048919208593,0.0,371.18592463007406,0.0,335.0,0.0,308.0,0.0,275.0,0.0,212.0,0.0,152.0,0.0,101.0,0.0,66.0,0.0,20.0,0.0,8.0,0.0,12.553107468791755,0.0,18.303005217723125,0.0,17.549928774784245,0.0,16.583123951777,0.0,14.560219778561036,0.0,12.328828005937952,0.0,10.04987562112089,0.0,8.12403840463596,0.0,4.47213595499958,0.0,2.8284271247461903,0.0,,,,,,,,,,,,,,,,,,,,,7.863906106172658,0.0,,,,,,,,,,,,,,,,,,,,,12.553307016508233,0.0,16.235830798465145,0.0,15.653317816837593,0.0,14.741898099527162,0.0,12.396665615366333,0.0,10.462095586400908,0.0,8.016545178333777,0.0,6.1932786582343065,0.0,3.5682594033682022,0.0,2.031754657839989,0.0
Rstwh,415.2627450980392,0.0,18.87356747952213,0.0,414.6756093873588,0.0,445.0,0.0,407.0,0.0,368.0,0.0,290.0,0.0,212.0,0.0,144.0,0.0,96.0,0.0,55.0,0.0,30.0,0.0,13.97540851813909,0.0,21.095023109728988,0.0,20.174241001832016,0.0,19.183326093250876,0.0,17.029386365926403,0.0,14.560219778561036,0.0,12.0,0.0,9.797958971132712,0.0,7.416198487095663,0.0,5.477225575051661,0.0,,,,,,,,,,,,,,,,,,,,,5.570053277247525,0.0,,,,,,,,,,,,,,,,,,,,,13.975539336339228,0.0,19.031589601576393,0.0,18.325109698501254,0.0,17.356991850054712,0.0,15.04608243893522,0.0,12.646113649230106,0.0,10.015058339501156,0.0,7.922293001038501,0.0,6.153540175247496,0.0,3.8156518257027536,0.0
Rthpl,411.2156862745098,0.0,18.955967918394023,0.0,411.5265719615659,0.0,441.0,0.0,392.0,0.0,356.0,0.0,286.0,0.0,203.0,0.0,132.0,0.0,99.0,0.0,65.0,0.0,30.0,0.0,13.924586082138799,0.0,21.0,0.0,19.79898987322333,0.0,18.867962264113206,0.0,16.911534525287763,0.0,14.247806848775006,0.0,11.489125293076057,0.0,9.9498743710662,0.0,8.06225774829855,0.0,5.477225575051661,0.0,,,,,,,,,,,,,,,,,,,,,4.150897094276311,0.0,,,,,,,,,,,,,,,,,,,,,13.92476791510883,0.0,18.947742667691468,0.0,17.963034877641398,0.0,16.930060997365207,0.0,14.85747473928336,0.0,12.4726393438517,0.0,9.862567191273778,0.0,8.37663266893456,0.0,7.025906753977297,0.0,4.314424054454708,0.0
Rthsp,412.3921568627451,0.0,18.875993879641204,0.0,385.5710434029033,0.0,444.0,0.0,386.0,0.0,336.0,0.0,271.0,0.0,191.0,0.0,107.0,0.0,75.0,0.0,46.0,0.0,22.0,0.0,13.056550170456104,0.0,21.071307505705477,0.0,19.6468827043885,0.0,18.33030277982336,0.0,16.46207763315433,0.0,13.820274961085254,0.0,10.344080432788601,0.0,8.660254037844387,0.0,6.782329983125268,0.0,4.69041575982343,0.0,,,,,,,,,,,,,,,,,,,,,3.6885540252214772,0.0,,,,,,,,,,,,,,,,,,,,,13.0565587248744,0.0,18.94640030711623,0.0,17.85815785238033,0.0,16.471010014904923,0.0,14.423305421216133,0.0,11.88772422684502,0.0,8.729405046181377,0.0,7.150679559752798,0.0,5.82771040075946,0.0,3.7485827898785202,0.0
Rthwh,454.7529411764706,0.0,19.8518031143183,0.0,437.81695539843247,0.0,504.0,0.0,450.0,0.0,414.0,0.0,337.0,0.0,246.0,0.0,160.0,0.0,111.0,0.0,75.0,0.0,35.0,0.0,14.673670557045096,0.0,22.44994432064365,0.0,21.213203435596427,0.0,20.346989949375804,0.0,18.35755975068582,0.0,15.684387141358123,0.0,12.649110640673518,0.0,10.535653752852738,0.0,8.660254037844387,0.0,5.916079783099616,0.0,,,,,,,,,,,,,,,,,,,,,4.489405573213286,0.0,,,,,,,,,,,,,,,,,,,,,14.674046163825318,0.0,20.41958900773941,0.0,19.432267077791238,0.0,18.473883469981956,0.0,16.376664019179007,0.0,13.735569661083343,0.0,10.828486806361129,0.0,8.817079991938616,0.0,7.409561319111131,0.0,4.071899201663508,0.0
Rtswr,369.62745098039215,0.0,17.76246230908921,0.0,408.00698058653353,0.0,389.0,0.0,357.0,0.0,321.0,0.0,262.0,0.0,191.0,0.0,134.0,0.0,90.0,0.0,45.0,0.0,27.0,0.0,13.74757051321615,0.0,19.72308292331602,0.0,18.894443627691185,0.0,17.916472867168917,0.0,16.186414056238647,0.0,13.820274961085254,0.0,11.575836902790225,0.0,9.486832980505138,0.0,6.708203932499369,0.0,5.196152422706632,0.0,,,,,,,,,,,,,,,,,,,,,4.7419817440608325,0.0,,,,,,,,,,,,,,,,,,,,,13.747725851691373,0.0,17.625262231831076,0.0,16.968732145856542,0.0,15.881485916011995,0.0,14.074904646909825,0.0,11.89114263172042,0.0,9.51035743146447,0.0,7.40283255025312,0.0,5.221423639887298,0.0,3.661431029245866,0.0
Rtthr,363.41960784313727,0.0,17.745424328058565,0.0,383.7436788125672,0.0,384.0,0.0,345.0,0.0,310.0,0.0,246.0,0.0,164.0,0.0,110.0,0.0,66.0,0.0,28.0,0.0,5.0,0.0,12.90355142095366,0.0,19.595917942265423,0.0,18.57417562100671,0.0,17.60681686165901,0.0,15.684387141358123,0.0,12.806248474865697,0.0,10.488088481701515,0.0,8.12403840463596,0.0,5.291502622129181,0.0,2.23606797749979,0.0,,,,,,,,,,,,,,,,,,,,,5.242243776462678,0.0,,,,,,,,,,,,,,,,,,,,,12.903473040934552,0.0,17.367934206312615,0.0,16.54548391769342,0.0,15.621752961043564,0.0,13.474762156819938,0.0,10.98153399308432,0.0,8.566207575421569,0.0,6.406423801435452,0.0,4.450936171968657,0.0,1.266434422455862,0.0
Rubin,403.6392156862745,0.0,18.648743248801186,0.0,362.10200316943474,0.0,420.0,0.0,395.0,0.0,351.0,0.0,252.0,0.0,169.0,0.0,89.0,0.0,46.0,0.0,15.0,0.0,2.0,0.0,12.179390658554107,0.0,20.493901531919196,0.0,19.87460691435179,0.0,18.734993995195193,0.0,15.874507866387544,0.0,13.0,0.0,9.433981132056603,0.0,6.782329983125268,0.0,3.872983346207417,0.0,1.4142135623730951,0.0,,,,,,,,,,,,,,,,,,,,,4.992753141866449,0.0,,,,,,,,,,,,,,,,,,,,,12.179222313680562,0.0,18.797359308698102,0.0,18.15310340638198,0.0,16.858662601582388,0.0,13.692213314853019,0.0,11.051218521012725,0.0,7.526438257562425,0.0,4.793452845967959,0.0,3.009043694361009,0.0,0.668680288732816,0.0
Ruffu,388.0352941176471,0.0,18.30651619448052,0.0,376.93516075299664,0.0,408.0,0.0,373.0,0.0,329.0,0.0,242.0,0.0,172.0,0.0,107.0,0.0,70.0,0.0,30.0,0.0,14.0,0.0,12.77324217563701,0.0,20.199009876724155,0.0,19.313207915827967,0.0,18.138357147217054,0.0,15.556349186104045,0.0,13.114877048604,0.0,10.344080432788601,0.0,8.366600265340756,0.0,5.477225575051661,0.0,3.7416573867739413,0.0,,,,,,,,,,,,,,,,,,,,,4.679723405732626,0.0,,,,,,,,,,,,,,,,,,,,,12.773507577269468,0.0,18.28850117469458,0.0,17.481765283027386,0.0,16.294762560314382,0.0,13.301430490329915,0.0,11.194683145621779,0.0,8.464182394935275,0.0,6.780381630713168,0.0,4.718701479304574,0.0,2.812850525073717,0.0
Rugby,461.13333333333327,0.0,19.85842044939874,0.0,400.65003523094435,0.0,505.0,0.0,465.0,0.0,414.0,0.0,300.0,0.0,206.0,0.0,131.0,0.0,80.0,0.0,44.0,0.0,24.0,0.0,13.358409946708438,0.0,22.47220505424423,0.0,21.563858652847824,0.0,20.346989949375804,0.0,17.320508075688775,0.0,14.352700094407323,0.0,11.445523142259598,0.0,8.94427190999916,0.0,6.6332495807108,0.0,4.898979485566356,0.0,,,,,,,,,,,,,,,,,,,,,3.0377872509047754,0.0,,,,,,,,,,,,,,,,,,,,,13.358330438339648,0.0,20.378743043718906,0.0,19.651710040878367,0.0,18.435287486951843,0.0,15.12161862353934,0.0,12.564318954277063,0.0,9.502058308027955,0.0,6.79913421246999,0.0,4.956092627255923,0.0,3.183492365052255,0.0
Ruhru,406.17254901960786,0.0,18.811249262293845,0.0,361.54488665354506,0.0,435.0,0.0,392.0,0.0,345.0,0.0,259.0,0.0,167.0,0.0,78.0,0.0,45.0,0.0,17.0,0.0,3.0,0.0,12.09897403600434,0.0,20.85665361461421,0.0,19.79898987322333,0.0,18.57417562100671,0.0,16.09347693943108,0.0,12.922847983320086,0.0,8.831760866327848,0.0,6.708203932499369,0.0,4.123105625617661,0.0,1.7320508075688772,0.0,,,,,,,,,,,,,,,,,,,,,4.8214889632793065,0.0,,,,,,,,,,,,,,,,,,,,,12.098954252982981,0.0,18.94464045846656,0.0,17.97179677889311,0.0,16.621746633888286,0.0,13.789578199774413,0.0,10.848683939700827,0.0,7.016021120188321,0.0,5.256969322197978,0.0,3.7911296163611787,0.0,1.0076972804339992,0.0
Ruine,373.4039215686274,0.0,17.989322306076758,0.0,339.4558903170241,0.0,380.0,0.0,345.0,0.0,305.0,0.0,222.0,0.0,135.0,0.0,69.0,0.0,32.0,0.0,5.0,0.0,0.0,0.0,11.411774868939748,0.0,19.493588689617926,0.0,18.57417562100671,0.0,17.46424919657298,0.0,14.89966442575134,0.0,11.61895003862225,0.0,8.306623862918075,0.0,5.656854249492381,0.0,2.23606797749979,0.0,0.0,0.0,,,,,,,,,,,,,,,,,,,,,4.811994613208907,0.0,,,,,,,,,,,,,,,,,,,,,11.411402689736729,0.0,17.6396097239015,0.0,16.80118984196286,0.0,15.581174600837324,0.0,12.693843475174369,0.0,9.71726470338424,0.0,6.305128277894544,0.0,3.78937814160432,0.0,1.8762506876476115,0.0,0.0,0.0
Rumpf,465.46274509803925,0.0,20.07621732584531,0.0,443.6452691995146,0.0,501.0,0.0,450.0,0.0,407.0,0.0,323.0,0.0,244.0,0.0,175.0,0.0,138.0,0.0,89.0,0.0,69.0,0.0,14.918225021918538,0.0,22.38302928559939,0.0,21.213203435596427,0.0,20.174241001832016,0.0,17.97220075561143,0.0,15.620499351813308,0.0,13.228756555322953,0.0,11.74734012447073,0.0,9.433981132056603,0.0,8.306623862918075,0.0,,,,,,,,,,,,,,,,,,,,,3.970656516910501,0.0,,,,,,,,,,,,,,,,,,,,,14.918455065369878,0.0,20.330792713904465,0.0,19.354828416255902,0.0,18.324522798138986,0.0,15.990011537968739,0.0,13.959478276965838,0.0,11.502544123504487,0.0,10.098709045979971,0.0,8.11859972797484,0.0,7.017429147062013,0.0
Rumse,425.4901960784314,0.0,19.131785621546662,0.0,394.84913137497836,0.0,459.0,0.0,400.0,0.0,350.0,0.0,273.0,0.0,195.0,0.0,122.0,0.0,89.0,0.0,52.0,0.0,44.0,0.0,13.326459100371723,0.0,21.42428528562855,0.0,20.0,0.0,18.708286933869708,0.0,16.522711641858304,0.0,13.96424004376894,0.0,11.045361017187261,0.0,9.433981132056603,0.0,7.211102550927978,0.0,6.6332495807108,0.0,,,,,,,,,,,,,,,,,,,,,5.16506870030553,0.0,,,,,,,,,,,,,,,,,,,,,13.325972810718753,0.0,19.30778008430202,0.0,18.147501272625068,0.0,16.910688373908517,0.0,14.509703817184537,0.0,12.184687745612418,0.0,9.386969378090566,0.0,7.978200678409254,0.0,6.180897080513773,0.0,5.662553709140418,0.0
Runde,425.6627450980392,0.0,19.205413820867214,0.0,346.77855285856526,0.0,444.0,0.0,401.0,0.0,352.0,0.0,264.0,0.0,159.0,0.0,77.0,0.0,41.0,0.0,17.0,0.0,9.0,0.0,11.650256271178625,0.0,21.071307505705477,0.0,20.024984394500787,0.0,18.76166303929372,0.0,16.24807680927192,0.0,12.609520212918492,0.0,8.774964387392123,0.0,6.4031242374328485,0.0,4.123105625617661,0.0,3.0,0.0,,,,,,,,,,,,,,,,,,,,,2.507534326771848,0.0,,,,,,,,,,,,,,,,,,,,,11.650431759014447,0.0,19.204586511461212,0.0,18.23463316192777,0.0,16.86194535246547,0.0,14.125325778185909,0.0,10.664454756014067,0.0,6.835907617888111,0.0,4.981237749941226,0.0,3.6517893189887394,0.0,2.4773383361263903,0.0
Runen,407.24313725490197,0.0,18.79875452940907,0.0,328.99371593329556,0.0,410.0,0.0,379.0,0.0,333.0,0.0,245.0,0.0,149.0,0.0,55.0,0.0,21.0,0.0,2.0,0.0,0.0,0.0,11.06179448759424,0.0,20.248456731316587,0.0,19.467922333931785,0.0,18.24828759089466,0.0,15.652475842498529,0.0,12.206555615733702,0.0,7.416198487095663,0.0,4.58257569495584,0.0,1.4142135623730951,0.0,0.0,0.0,,,,,,,,,,,,,,,,,,,,,3.3367393247785047,0.0,,,,,,,,,,,,,,,,,,,,,11.062035151228306,0.0,18.47013897967066,0.0,17.768416002224328,0.0,16.4381822447498,0.0,13.435215777325476,0.0,10.16228734269381,0.0,5.347502676868416,0.0,2.781289675233482,0.0,0.6967586236406504,0.0,0.0,0.0
Rvrms,394.48235294117654,0.0,18.42326187837373,0.0,423.99911693164006,0.0,421.0,0.0,378.0,0.0,334.0,0.0,278.0,0.0,215.0,0.0,151.0,0.0,114.0,0.0,57.0,0.0,46.0,0.0,14.262243816229427,0.0,20.518284528683193,0.0,19.44222209522358,0.0,18.275666882497067,0.0,16.673332000533065,0.0,14.66287829861518,0.0,12.288205727444508,0.0,10.677078252031311,0.0,7.54983443527075,0.0,6.782329983125268,0.0,,,,,,,,,,,,,,,,,,,,,4.190074937973343,0.0,,,,,,,,,,,,,,,,,,,,,14.262090829120494,0.0,18.404852095200205,0.0,17.549668334428254,0.0,16.41542244055162,0.0,14.659059487193058,0.0,12.851043585859044,0.0,10.337417428822773,0.0,8.785081498136089,0.0,6.332370162392727,0.0,5.707984977647305,0.0
Rzdjr,375.01568627450985,0.0,18.074091180769372,0.0,399.3741869210843,0.0,397.0,0.0,366.0,0.0,328.0,0.0,267.0,0.0,186.0,0.0,119.0,0.0,80.0,0.0,37.0,0.0,16.0,0.0,13.358323568518388,0.0,19.924858845171276,0.0,19.131126469708992,0.0,18.110770276274835,0.0,16.34013463836819,0.0,13.638181696985855,0.0,10.908712114635714,0.0,8.94427190999916,0.0,6.082762530298219,0.0,4.0,0.0,,,,,,,,,,,,,,,,,,,,,7.740839924201508,0.0,,,,,,,,,,,,,,,,,,,,,13.358216782363138,0.0,18.067847341002143,0.0,17.355213753774418,0.0,16.186550895910596,0.0,14.271651217041654,0.0,11.680976202852099,0.0,8.838077558469841,0.0,6.936002696039157,0.0,5.066836193484979,0.0,3.091465844167909,0.0
Räder,402.0470588235294,0.0,18.582070624987782,0.0,355.165215853654,0.0,416.0,0.0,381.0,0.0,327.0,0.0,253.0,0.0,152.0,0.0,81.0,0.0,52.0,0.0,23.0,0.0,14.0,0.0,11.921269373426318,0.0,20.396078054371138,0.0,19.519221295943137,0.0,18.083141320025124,0.0,15.905973720586866,0.0,12.328828005937952,0.0,9.0,0.0,7.211102550927978,0.0,4.795831523312719,0.0,3.7416573867739413,0.0,,,,,,,,,,,,,,,,,,,,,7.33000312410711,0.0,,,,,,,,,,,,,,,,,,,,,11.921422859899002,0.0,18.502670020749967,0.0,17.74764244252774,0.0,16.215132896504187,0.0,13.860773515334815,0.0,10.454712258220894,0.0,7.2524458500352065,0.0,5.698637567443439,0.0,4.270673820831587,0.0,3.1587750393245337,0.0
Räume,450.0588235294118,0.0,19.65073152631768,0.0,404.13700464076464,0.0,490.0,0.0,439.0,0.0,380.0,0.0,302.0,0.0,208.0,0.0,124.0,0.0,91.0,0.0,55.0,0.0,49.0,0.0,13.604455910130243,0.0,22.135943621178654,0.0,20.952326839756964,0.0,19.493588689617926,0.0,17.378147196982766,0.0,14.422205101855956,0.0,11.135528725660043,0.0,9.539392014169456,0.0,7.416198487095663,0.0,7.0,0.0,,,,,,,,,,,,,,,,,,,,,2.686404216323113,0.0,,,,,,,,,,,,,,,,,,,,,13.604608468730081,0.0,20.162855518771238,0.0,19.184974422043293,0.0,17.719932859841084,0.0,15.41826377344544,0.0,12.5705314689779,0.0,9.596713918412249,0.0,8.168462800068578,0.0,6.502118316462481,0.0,5.975718296039376,0.0
Röcke,402.28235294117644,0.0,18.5811329196231,0.0,357.20844273824025,0.0,423.0,0.0,374.0,0.0,332.0,0.0,246.0,0.0,160.0,0.0,89.0,0.0,53.0,0.0,27.0,0.0,5.0,0.0,11.98893999623175,0.0,20.566963801203133,0.0,19.339079605813716,0.0,18.2208671582886,0.0,15.684387141358123,0.0,12.649110640673518,0.0,9.433981132056603,0.0,7.280109889280518,0.0,5.196152422706632,0.0,2.23606797749979,0.0,,,,,,,,,,,,,,,,,,,,,4.034613968897548,0.0,,,,,,,,,,,,,,,,,,,,,11.988533698347299,0.0,18.610058341560666,0.0,17.550881692248026,0.0,16.252827425529635,0.0,13.552605560816687,0.0,10.849232311858783,0.0,7.686654901423724,0.0,5.769135113205815,0.0,4.761475852149134,0.0,1.4783622466054878,0.0
Rösön,403.5882352941176,0.0,18.513732966177972,0.0,347.91374195829957,0.0,420.0,0.0,375.0,0.0,321.0,0.0,241.0,0.0,150.0,0.0,85.0,0.0,48.0,0.0,18.0,0.0,7.0,0.0,11.699865042816693,0.0,20.493901531919196,0.0,19.364916731037084,0.0,17.916472867168917,0.0,15.524174696260024,0.0,12.24744871391589,0.0,9.219544457292887,0.0,6.928203230275509,0.0,4.242640687119285,0.0,2.6457513110645907,0.0,,,,,,,,,,,,,,,,,,,,,3.3788339318177547,0.0,,,,,,,,,,,,,,,,,,,,,11.69962182078818,0.0,18.520869925051628,0.0,17.53798260002989,0.0,15.992277757635687,0.0,13.356235620180945,0.0,10.232557290576077,0.0,7.1465157607639265,0.0,5.256745079324092,0.0,3.938473345303629,0.0,2.1087896002236026,0.0
Rüben,434.6941176470589,0.0,19.314204035078706,0.0,352.0159662322862,0.0,457.0,0.0,424.0,0.0,372.0,0.0,266.0,0.0,162.0,0.0,79.0,0.0,38.0,0.0,17.0,0.0,7.0,0.0,11.777779072804302,0.0,21.37755832643195,0.0,20.591260281974,0.0,19.28730152198591,0.0,16.30950643030009,0.0,12.727922061357855,0.0,8.888194417315589,0.0,6.164414002968976,0.0,4.123105625617661,0.0,2.6457513110645907,0.0,,,,,,,,,,,,,,,,,,,,,3.547058797995898,0.0,,,,,,,,,,,,,,,,,,,,,11.777952024196631,0.0,19.58761824857375,0.0,18.822713875076026,0.0,17.42684044725819,0.0,14.086213323330186,0.0,10.82495577098377,0.0,7.213280183415782,0.0,4.479682871128202,0.0,3.2970841060634233,0.0,2.0262255788233623,0.0
Sache,354.98039215686276,0.0,17.358628513000802,0.0,326.6348402998814,0.0,357.0,0.0,309.0,0.0,263.0,0.0,191.0,0.0,119.0,0.0,59.0,0.0,26.0,0.0,16.0,0.0,2.0,0.0,10.925514906912046,0.0,18.894443627691185,0.0,17.578395831246947,0.0,16.217274740226856,0.0,13.820274961085254,0.0,10.908712114635714,0.0,7.681145747868608,0.0,5.0990195135927845,0.0,4.0,0.0,1.4142135623730951,0.0,,,,,,,,,,,,,,,,,,,,,4.281899100410112,0.0,,,,,,,,,,,,,,,,,,,,,10.925172281479632,0.0,16.870454586436534,0.0,15.734702993411686,0.0,14.159656180183708,0.0,11.68486421121974,0.0,8.677612101975464,0.0,5.835563969231526,0.0,4.210310760076182,0.0,3.7554376775090077,0.0,0.6618696519470317,0.0
Safes,325.6,0.0,16.540725549130457,0.0,323.62303347884614,0.0,318.0,0.0,281.0,0.0,225.0,0.0,164.0,0.0,105.0,0.0,61.0,0.0,31.0,0.0,15.0,0.0,7.0,0.0,10.908568884129023,0.0,17.832554500127006,0.0,16.76305461424021,0.0,15.0,0.0,12.806248474865697,0.0,10.246950765959598,0.0,7.810249675906654,0.0,5.5677643628300215,0.0,3.872983346207417,0.0,2.6457513110645907,0.0,,,,,,,,,,,,,,,,,,,,,2.674963636397409,0.0,,,,,,,,,,,,,,,,,,,,,10.908851929348527,0.0,15.71650805700755,0.0,14.881319974271312,0.0,13.05927742758493,0.0,10.661363366387178,0.0,8.123993373539724,0.0,5.969240249986024,0.0,4.524688602388785,0.0,3.325084357768093,0.0,1.983529229327966,0.0
Salat,319.5019607843137,0.0,16.434551145594767,0.0,343.7431329353984,0.0,314.0,0.0,282.0,0.0,232.0,0.0,172.0,0.0,128.0,0.0,86.0,0.0,46.0,0.0,19.0,0.0,5.0,0.0,11.694050706417894,0.0,17.72004514666935,0.0,16.792855623746664,0.0,15.231546211727817,0.0,13.114877048604,0.0,11.313708498984761,0.0,9.273618495495704,0.0,6.782329983125268,0.0,4.358898943540674,0.0,2.23606797749979,0.0,,,,,,,,,,,,,,,,,,,,,2.7095135467520772,0.0,,,,,,,,,,,,,,,,,,,,,11.694510631953703,0.0,15.606621537410742,0.0,15.009427310951608,0.0,13.286002007492778,0.0,11.082274517975858,0.0,9.202036043585904,0.0,7.342363089864122,0.0,5.388855327912061,0.0,3.9675005842436106,0.0,1.728702033370433,0.0
Salch,345.34901960784316,0.0,17.18836010745036,0.0,356.584343152103,0.0,351.0,0.0,312.0,0.0,267.0,0.0,202.0,0.0,145.0,0.0,91.0,0.0,49.0,0.0,32.0,0.0,10.0,0.0,12.092572472925541,0.0,18.734993995195193,0.0,17.663521732655695,0.0,16.34013463836819,0.0,14.212670403551895,0.0,12.041594578792296,0.0,9.539392014169456,0.0,7.0,0.0,5.656854249492381,0.0,3.1622776601683795,0.0,,,,,,,,,,,,,,,,,,,,,5.660991032227283,0.0,,,,,,,,,,,,,,,,,,,,,12.09256290447148,0.0,16.82933853902362,0.0,15.9832324788272,0.0,14.425692143931549,0.0,12.216628018014587,0.0,9.920314507917753,0.0,7.755472589664021,0.0,6.004352812749394,0.0,5.367531553646762,0.0,2.2689161531593802,0.0
Salet,314.81568627450986,0.0,16.360169559634528,0.0,339.772476937904,0.0,310.0,0.0,279.0,0.0,228.0,0.0,170.0,0.0,117.0,0.0,72.0,0.0,40.0,0.0,20.0,0.0,5.0,0.0,11.485340704339352,0.0,17.60681686165901,0.0,16.703293088490067,0.0,15.0996688705415,0.0,13.038404810405298,0.0,10.816653826391969,0.0,8.48528137423857,0.0,6.324555320336759,0.0,4.47213595499958,0.0,2.23606797749979,0.0,,,,,,,,,,,,,,,,,,,,,2.837512872603251,0.0,,,,,,,,,,,,,,,,,,,,,11.48549783384593,0.0,15.445044092072287,0.0,14.8468021884249,0.0,13.158532295566634,0.0,10.995273942373545,0.0,8.755859171969197,0.0,6.710980987173773,0.0,5.126309330671127,0.0,4.000847401702203,0.0,1.728702033370433,0.0
Salon,343.02352941176474,0.0,17.095341125489348,0.0,341.1246800193294,0.0,338.0,0.0,307.0,0.0,262.0,0.0,194.0,0.0,133.0,0.0,79.0,0.0,40.0,0.0,16.0,0.0,5.0,0.0,11.553947474701427,0.0,18.384776310850235,0.0,17.52141546793523,0.0,16.186414056238647,0.0,13.92838827718412,0.0,11.532562594670797,0.0,8.888194417315589,0.0,6.324555320336759,0.0,4.0,0.0,2.23606797749979,0.0,,,,,,,,,,,,,,,,,,,,,4.2257476682166475,0.0,,,,,,,,,,,,,,,,,,,,,11.55397064039164,0.0,16.51815245527382,0.0,15.749785054966688,0.0,14.294561088420341,0.0,11.882607804353565,0.0,9.298227082994016,0.0,6.879399777956281,0.0,4.958640065195458,0.0,3.828046843174622,0.0,1.728702033370433,0.0
Salut,325.73333333333335,0.0,16.656074142603536,0.0,348.68651613199245,0.0,330.0,0.0,301.0,0.0,247.0,0.0,180.0,0.0,126.0,0.0,80.0,0.0,41.0,0.0,19.0,0.0,5.0,0.0,11.76937582709405,0.0,18.16590212458495,0.0,17.349351572897472,0.0,15.716233645501712,0.0,13.416407864998739,0.0,11.224972160321824,0.0,8.94427190999916,0.0,6.4031242374328485,0.0,4.358898943540674,0.0,2.23606797749979,0.0,,,,,,,,,,,,,,,,,,,,,2.8351640915961736,0.0,,,,,,,,,,,,,,,,,,,,,11.769714839924402,0.0,15.964721217600898,0.0,15.411320614346785,0.0,13.700284821889147,0.0,11.168181205719959,0.0,9.09446553960439,0.0,6.997974938715002,0.0,5.167622326563069,0.0,3.9675005842436106,0.0,1.728702033370433,0.0
Salve,319.78431372549016,0.0,16.500296736348204,0.0,344.27772540380596,0.0,316.0,0.0,282.0,0.0,238.0,0.0,177.0,0.0,125.0,0.0,76.0,0.0,43.0,0.0,19.0,0.0,5.0,0.0,11.664153985473543,0.0,17.776388834631177,0.0,16.792855623746664,0.0,15.427248620541512,0.0,13.30413469565007,0.0,11.180339887498949,0.0,8.717797887081348,0.0,6.557438524302,0.0,4.358898943540674,0.0,2.23606797749979,0.0,,,,,,,,,,,,,,,,,,,,,2.559833172050695,0.0,,,,,,,,,,,,,,,,,,,,,11.664059917334482,0.0,15.786967537342404,0.0,14.92841132628673,0.0,13.507437971024972,0.0,11.194426078003358,0.0,9.018700631412855,0.0,6.7564223834393236,0.0,5.13058256876011,0.0,3.9648953574302492,0.0,1.728702033370433,0.0
Salze,324.55294117647054,0.0,16.67742812895741,0.0,339.1031737547007,0.0,323.0,0.0,287.0,0.0,240.0,0.0,172.0,0.0,126.0,0.0,74.0,0.0,36.0,0.0,19.0,0.0,5.0,0.0,11.426707947073021,0.0,17.97220075561143,0.0,16.941074346097416,0.0,15.491933384829668,0.0,13.114877048604,0.0,11.224972160321824,0.0,8.602325267042627,0.0,6.0,0.0,4.358898943540674,0.0,2.23606797749979,0.0,,,,,,,,,,,,,,,,,,,,,2.512371017394054,0.0,,,,,,,,,,,,,,,,,,,,,11.426960167815004,0.0,16.048045833245006,0.0,15.135997329297329,0.0,13.500959045179535,0.0,10.980635991382107,0.0,9.058477997778905,0.0,6.651967650261928,0.0,4.794577378921264,0.0,3.9487233392865337,0.0,1.728702033370433,0.0
Samen,404.24313725490197,0.0,18.56348894675248,0.0,381.7328886945112,0.0,416.0,0.0,373.0,0.0,320.0,0.0,254.0,0.0,186.0,0.0,115.0,0.0,76.0,0.0,50.0,0.0,44.0,0.0,13.015134031458285,0.0,20.396078054371138,0.0,19.313207915827967,0.0,17.88854381999832,0.0,15.937377450509228,0.0,13.638181696985855,0.0,10.723805294763608,0.0,8.717797887081348,0.0,7.0710678118654755,0.0,6.6332495807108,0.0,,,,,,,,,,,,,,,,,,,,,5.060038494050344,0.0,,,,,,,,,,,,,,,,,,,,,13.01523768855311,0.0,18.393890994171567,0.0,17.55093870504287,0.0,16.132514577146836,0.0,14.02878696172607,0.0,11.631688040283173,0.0,9.008556562626367,0.0,7.574735496385234,0.0,6.133047509555491,0.0,5.662553709140418,0.0
Samma,449.84313725490193,0.0,19.541076129170673,0.0,455.90559483603386,0.0,486.0,0.0,425.0,0.0,375.0,0.0,316.0,0.0,260.0,0.0,194.0,0.0,145.0,0.0,98.0,0.0,88.0,0.0,15.312685174837965,0.0,22.045407685048602,0.0,20.615528128088304,0.0,19.364916731037084,0.0,17.776388834631177,0.0,16.1245154965971,0.0,13.92838827718412,0.0,12.041594578792296,0.0,9.899494936611665,0.0,9.38083151964686,0.0,,,,,,,,,,,,,,,,,,,,,7.8431054493616275,0.0,,,,,,,,,,,,,,,,,,,,,15.312861391367903,0.0,19.93505748519127,0.0,18.868175573994343,0.0,17.675198733934156,0.0,16.028433873716523,0.0,14.287878565484155,0.0,12.12004897681844,0.0,10.637135081774227,0.0,8.645926472365499,0.0,8.008574964728354,0.0
Sande,381.74901960784314,0.0,18.034596168955833,0.0,329.2354169535082,0.0,383.0,0.0,343.0,0.0,289.0,0.0,219.0,0.0,135.0,0.0,65.0,0.0,29.0,0.0,16.0,0.0,9.0,0.0,11.081635833107189,0.0,19.570385790780925,0.0,18.520259177452136,0.0,17.0,0.0,14.798648586948742,0.0,11.61895003862225,0.0,8.06225774829855,0.0,5.385164807134504,0.0,4.0,0.0,3.0,0.0,,,,,,,,,,,,,,,,,,,,,5.251811800899936,0.0,,,,,,,,,,,,,,,,,,,,,11.08185483448225,0.0,17.689492043172873,0.0,16.766289181071272,0.0,15.085670175499077,0.0,12.795050959134269,0.0,9.387458916714705,0.0,6.081187224027565,0.0,4.406104258066881,0.0,3.619940692728586,0.0,2.4773383361263903,0.0
Satin,319.03137254901964,0.0,16.44088217492403,0.0,339.0494429191198,0.0,310.0,0.0,286.0,0.0,241.0,0.0,181.0,0.0,130.0,0.0,70.0,0.0,34.0,0.0,8.0,0.0,0.0,0.0,11.49562696687413,0.0,17.60681686165901,0.0,16.911534525287763,0.0,15.524174696260024,0.0,13.45362404707371,0.0,11.40175425099138,0.0,8.366600265340756,0.0,5.830951894845301,0.0,2.8284271247461903,0.0,0.0,0.0,,,,,,,,,,,,,,,,,,,,,3.515133421464493,0.0,,,,,,,,,,,,,,,,,,,,,11.4958446988424,0.0,15.668624647666944,0.0,15.094183998448601,0.0,13.655183327416328,0.0,11.350796140221444,0.0,9.180674245195995,0.0,6.310493287212602,0.0,4.140410930331096,0.0,2.132849593536584,0.0,0.0,0.0
Satta,318.6745098039216,0.0,16.317624911040475,0.0,331.6910840062303,0.0,314.0,0.0,280.0,0.0,231.0,0.0,170.0,0.0,118.0,0.0,68.0,0.0,33.0,0.0,6.0,0.0,0.0,0.0,11.189895021334104,0.0,17.72004514666935,0.0,16.73320053068151,0.0,15.198684153570664,0.0,13.038404810405298,0.0,10.862780491200215,0.0,8.246211251235321,0.0,5.744562646538029,0.0,2.449489742783178,0.0,0.0,0.0,,,,,,,,,,,,,,,,,,,,,2.8249168600655388,0.0,,,,,,,,,,,,,,,,,,,,,11.190051905860514,0.0,15.54680307821046,0.0,14.758565703843397,0.0,13.285320982832745,0.0,10.900942489794232,0.0,8.709233157694989,0.0,6.244501713885827,0.0,4.175639367700884,0.0,1.5021125842832457,0.0,0.0,0.0
Sauha,381.54509803921565,0.0,18.012022129024565,0.0,331.96814393663203,0.0,392.0,0.0,346.0,0.0,290.0,0.0,217.0,0.0,130.0,0.0,66.0,0.0,24.0,0.0,16.0,0.0,2.0,0.0,11.155109819458628,0.0,19.79898987322333,0.0,18.601075237738275,0.0,17.029386365926403,0.0,14.730919862656235,0.0,11.40175425099138,0.0,8.12403840463596,0.0,4.898979485566356,0.0,4.0,0.0,1.4142135623730951,0.0,,,,,,,,,,,,,,,,,,,,,5.10834819032155,0.0,,,,,,,,,,,,,,,,,,,,,11.154910823762616,0.0,17.81091049887842,0.0,16.808004088992465,0.0,15.041450626905231,0.0,12.561103525491067,0.0,9.034270850845402,0.0,6.154722521088085,0.0,4.020838748221217,0.0,3.7554376775090077,0.0,0.6618696519470317,0.0
Sbhls,373.4039215686274,0.0,17.864894298291258,0.0,371.92879056620575,0.0,398.0,0.0,347.0,0.0,294.0,0.0,231.0,0.0,168.0,0.0,97.0,0.0,61.0,0.0,42.0,0.0,16.0,0.0,12.55391725632529,0.0,19.949937343260004,0.0,18.627936010197157,0.0,17.146428199482248,0.0,15.198684153570664,0.0,12.96148139681572,0.0,9.848857801796104,0.0,7.810249675906654,0.0,6.48074069840786,0.0,4.0,0.0,,,,,,,,,,,,,,,,,,,,,5.930039730601721,0.0,,,,,,,,,,,,,,,,,,,,,12.553624417166557,0.0,17.996128671802364,0.0,16.89715187916084,0.0,15.248217237372714,0.0,13.235224643771456,0.0,10.950864667481357,0.0,8.25812178161899,0.0,6.630700882801166,0.0,5.926474210907321,0.0,2.8911273917163087,0.0
Sbndb,437.5333333333333,0.0,19.26466067948596,0.0,374.9388836244952,0.0,465.0,0.0,430.0,0.0,370.0,0.0,280.0,0.0,194.0,0.0,109.0,0.0,56.0,0.0,36.0,0.0,21.0,0.0,12.57941225922963,0.0,21.563858652847824,0.0,20.73644135332772,0.0,19.235384061671343,0.0,16.73320053068151,0.0,13.92838827718412,0.0,10.44030650891055,0.0,7.483314773547883,0.0,6.0,0.0,4.58257569495584,0.0,,,,,,,,,,,,,,,,,,,,,6.45026005873123,0.0,,,,,,,,,,,,,,,,,,,,,12.579507634942654,0.0,19.812919023552475,0.0,19.024003427409895,0.0,17.298887138862867,0.0,14.688294287398547,0.0,11.752662375626311,0.0,8.589346796315258,0.0,6.070073540621009,0.0,5.023438824303964,0.0,3.4768168744702437,0.0
Scdzn,365.38039215686274,0.0,17.6826177690108,0.0,359.4808170879533,0.0,372.0,0.0,339.0,0.0,298.0,0.0,232.0,0.0,162.0,0.0,84.0,0.0,45.0,0.0,22.0,0.0,9.0,0.0,12.102934815646142,0.0,19.28730152198591,0.0,18.411952639521967,0.0,17.26267650163207,0.0,15.231546211727817,0.0,12.727922061357855,0.0,9.16515138991168,0.0,6.708203932499369,0.0,4.69041575982343,0.0,3.0,0.0,,,,,,,,,,,,,,,,,,,,,5.165704459761432,0.0,,,,,,,,,,,,,,,,,,,,,12.103269587452337,0.0,17.380565053787993,0.0,16.571934986398915,0.0,15.34850609943071,0.0,13.115545982706621,0.0,10.389466129607094,0.0,6.904585974815149,0.0,5.152590603540945,0.0,3.850338206867672,0.0,2.5150661115962025,0.0
Schaf,354.1294117647059,0.0,17.337132491107788,0.0,366.86357093298517,0.0,361.0,0.0,315.0,0.0,276.0,0.0,221.0,0.0,157.0,0.0,99.0,0.0,63.0,0.0,39.0,0.0,12.0,0.0,12.492362073723303,0.0,19.0,0.0,17.74823934929885,0.0,16.61324772583615,0.0,14.866068747318506,0.0,12.529964086141668,0.0,9.9498743710662,0.0,7.937253933193772,0.0,6.244997998398398,0.0,3.4641016151377544,0.0,,,,,,,,,,,,,,,,,,,,,4.259926232130201,0.0,,,,,,,,,,,,,,,,,,,,,12.492424207544675,0.0,16.933540915918375,0.0,15.982510685730176,0.0,14.682433304034573,0.0,12.757940187561562,0.0,10.35881602878535,0.0,8.044713987999911,0.0,6.484176274960528,0.0,5.3294079120278965,0.0,2.510489000399039,0.0
Schah,386.0156862745098,0.0,18.174066300364437,0.0,362.9833842224756,0.0,406.0,0.0,350.0,0.0,308.0,0.0,245.0,0.0,167.0,0.0,94.0,0.0,50.0,0.0,35.0,0.0,8.0,0.0,12.294046754635895,0.0,20.149441679609886,0.0,18.708286933869708,0.0,17.549928774784245,0.0,15.652475842498529,0.0,12.922847983320086,0.0,9.695359714832659,0.0,7.0710678118654755,0.0,5.916079783099616,0.0,2.8284271247461903,0.0,,,,,,,,,,,,,,,,,,,,,7.587467197125742,0.0,,,,,,,,,,,,,,,,,,,,,12.294031971904808,0.0,18.116786067545462,0.0,16.992076362457738,0.0,15.655657964101673,0.0,13.568374534169386,0.0,10.669699938400278,0.0,7.830634408927838,0.0,5.95669265778583,0.0,5.397393045572304,0.0,1.7821110144772054,0.0
Scham,410.1058823529412,0.0,18.69236532218293,0.0,420.52941527430136,0.0,445.0,0.0,387.0,0.0,340.0,0.0,285.0,0.0,215.0,0.0,146.0,0.0,106.0,0.0,73.0,0.0,49.0,0.0,14.205293368254779,0.0,21.095023109728988,0.0,19.672315572906,0.0,18.439088914585774,0.0,16.881943016134134,0.0,14.66287829861518,0.0,12.083045973594572,0.0,10.295630140987,0.0,8.54400374531753,0.0,7.0,0.0,,,,,,,,,,,,,,,,,,,,,10.98164790135491,0.0,,,,,,,,,,,,,,,,,,,,,14.205455801157933,0.0,18.873982564469966,0.0,17.831656941364347,0.0,16.626507190769633,0.0,14.921218493691509,0.0,12.679697632160995,0.0,10.280098657381666,0.0,8.888275878193003,0.0,7.416172761300534,0.0,5.909250860390504,0.0
Schar,340.38039215686274,0.0,17.017350080661256,0.0,350.9266243355386,0.0,343.0,0.0,301.0,0.0,265.0,0.0,212.0,0.0,141.0,0.0,79.0,0.0,41.0,0.0,19.0,0.0,3.0,0.0,11.832481676834707,0.0,18.520259177452136,0.0,17.349351572897472,0.0,16.278820596099706,0.0,14.560219778561036,0.0,11.874342087037917,0.0,8.888194417315589,0.0,6.4031242374328485,0.0,4.358898943540674,0.0,1.7320508075688772,0.0,,,,,,,,,,,,,,,,,,,,,4.609433699765853,0.0,,,,,,,,,,,,,,,,,,,,,11.832486117658386,0.0,16.476597783777486,0.0,15.54574511651374,0.0,14.293584385541548,0.0,12.347080522165234,0.0,9.585599916370244,0.0,6.835730847182319,0.0,4.965882832272338,0.0,3.8704604719180398,0.0,1.0076972804339992,0.0
Scheu,361.2117647058824,0.0,17.568503588498945,0.0,344.7580778752364,0.0,377.0,0.0,333.0,0.0,283.0,0.0,221.0,0.0,134.0,0.0,60.0,0.0,29.0,0.0,20.0,0.0,3.0,0.0,11.520054956314635,0.0,19.4164878389476,0.0,18.24828759089466,0.0,16.822603841260722,0.0,14.866068747318506,0.0,11.575836902790225,0.0,7.745966692414834,0.0,5.385164807134504,0.0,4.47213595499958,0.0,1.7320508075688772,0.0,,,,,,,,,,,,,,,,,,,,,4.461018607113733,0.0,,,,,,,,,,,,,,,,,,,,,11.520353868366167,0.0,17.30427342104333,0.0,16.312693652012253,0.0,14.847950419917796,0.0,12.543367831925284,0.0,9.213851799076044,0.0,5.9178719863475875,0.0,4.358905307542713,0.0,3.9037506466075986,0.0,1.0076972804339992,0.0
Schib,360.9019607843137,0.0,17.508182082410332,0.0,375.5747608750234,0.0,381.0,0.0,341.0,0.0,301.0,0.0,235.0,0.0,168.0,0.0,95.0,0.0,56.0,0.0,34.0,0.0,7.0,0.0,12.623221683511993,0.0,19.519221295943137,0.0,18.466185312619388,0.0,17.349351572897472,0.0,15.329709716755891,0.0,12.96148139681572,0.0,9.746794344808963,0.0,7.483314773547883,0.0,5.830951894845301,0.0,2.6457513110645907,0.0,,,,,,,,,,,,,,,,,,,,,5.719322435510675,0.0,,,,,,,,,,,,,,,,,,,,,12.622824476782162,0.0,17.620659163046234,0.0,16.721770783395247,0.0,15.474536181044337,0.0,13.252947490332453,0.0,10.83665191743028,0.0,7.925563871445826,0.0,5.942066254115766,0.0,4.910455739015538,0.0,1.5736150357793595,0.0
Schil,321.035294117647,0.0,16.62811689380562,0.0,384.29490892598244,0.0,331.0,0.0,292.0,0.0,260.0,0.0,216.0,0.0,159.0,0.0,102.0,0.0,70.0,0.0,45.0,0.0,11.0,0.0,13.037585647183517,0.0,18.193405398660254,0.0,17.08800749063506,0.0,16.1245154965971,0.0,14.696938456699069,0.0,12.609520212918492,0.0,10.099504938362077,0.0,8.366600265340756,0.0,6.708203932499369,0.0,3.3166247903554,0.0,,,,,,,,,,,,,,,,,,,,,4.613743270011554,0.0,,,,,,,,,,,,,,,,,,,,,13.037329071804072,0.0,16.168539434324273,0.0,15.302045944836175,0.0,14.24007589545986,0.0,12.693950504195119,0.0,10.553958966621597,0.0,8.26610149019299,0.0,6.894889619186413,0.0,5.859380883318653,0.0,2.3615486160808588,0.0
Schin,344.878431372549,0.0,17.194413584532487,0.0,360.64420012256596,0.0,349.0,0.0,311.0,0.0,278.0,0.0,225.0,0.0,158.0,0.0,81.0,0.0,45.0,0.0,24.0,0.0,3.0,0.0,12.225450042222574,0.0,18.681541692269406,0.0,17.635192088548397,0.0,16.673332000533065,0.0,15.0,0.0,12.569805089976535,0.0,9.0,0.0,6.708203932499369,0.0,4.898979485566356,0.0,1.7320508075688772,0.0,,,,,,,,,,,,,,,,,,,,,4.477033396792783,0.0,,,,,,,,,,,,,,,,,,,,,12.225119835455626,0.0,16.77739332430051,0.0,15.894576954886224,0.0,14.851835982443221,0.0,12.946579804829833,0.0,10.345216602707733,0.0,7.0037624953610065,0.0,5.239014824039508,0.0,4.289123933799598,0.0,1.0076972804339992,0.0
Schjr,325.4980392156863,0.0,16.702661016862365,0.0,380.4250328687166,0.0,334.0,0.0,297.0,0.0,271.0,0.0,224.0,0.0,157.0,0.0,94.0,0.0,58.0,0.0,33.0,0.0,9.0,0.0,12.784968045503367,0.0,18.275666882497067,0.0,17.233687939614086,0.0,16.46207763315433,0.0,14.966629547095765,0.0,12.529964086141668,0.0,9.695359714832659,0.0,7.615773105863909,0.0,5.744562646538029,0.0,3.0,0.0,,,,,,,,,,,,,,,,,,,,,4.810851089193753,0.0,,,,,,,,,,,,,,,,,,,,,12.784395294511055,0.0,16.259395263281988,0.0,15.39977379390426,0.0,14.50395474424168,0.0,12.851341496648539,0.0,10.376114224607896,0.0,7.719084598571346,0.0,6.055065793480249,0.0,4.977762156013679,0.0,2.0035626984096684,0.0
Schjß,387.4235294117647,0.0,18.160933351351567,0.0,429.4858136728462,0.0,419.0,0.0,378.0,0.0,339.0,0.0,290.0,0.0,217.0,0.0,149.0,0.0,106.0,0.0,71.0,0.0,28.0,0.0,14.357378146999375,0.0,20.46948949045872,0.0,19.44222209522358,0.0,18.411952639521967,0.0,17.029386365926403,0.0,14.730919862656235,0.0,12.206555615733702,0.0,10.295630140987,0.0,8.426149773176359,0.0,5.291502622129181,0.0,,,,,,,,,,,,,,,,,,,,,8.904971880957648,0.0,,,,,,,,,,,,,,,,,,,,,14.357042307163868,0.0,18.416903570084685,0.0,17.61289554359189,0.0,16.58701282009354,0.0,15.14015944972087,0.0,12.780606791295595,0.0,10.319884100968736,0.0,8.46751354585329,0.0,6.831107273253473,0.0,3.496533361299535,0.0
Schnb,394.74117647058824,0.0,18.33886295973394,0.0,363.92447376306984,0.0,413.0,0.0,373.0,0.0,332.0,0.0,254.0,0.0,168.0,0.0,88.0,0.0,45.0,0.0,29.0,0.0,7.0,0.0,12.252425810554328,0.0,20.322401432901575,0.0,19.313207915827967,0.0,18.2208671582886,0.0,15.937377450509228,0.0,12.96148139681572,0.0,9.38083151964686,0.0,6.708203932499369,0.0,5.385164807134504,0.0,2.6457513110645907,0.0,,,,,,,,,,,,,,,,,,,,,8.067231166829442,0.0,,,,,,,,,,,,,,,,,,,,,12.252690796466588,0.0,18.464408629632654,0.0,17.638941732434706,0.0,16.30640660617165,0.0,13.778156991962282,0.0,10.711118586347173,0.0,7.505433422498535,0.0,5.306216003064852,0.0,4.5497323634404605,0.0,1.5736150357793595,0.0
Schnm,419.6313725490196,0.0,18.979897903141815,0.0,423.0874594034222,0.0,453.0,0.0,401.0,0.0,359.0,0.0,301.0,0.0,219.0,0.0,143.0,0.0,103.0,0.0,73.0,0.0,49.0,0.0,14.28861649983373,0.0,21.283796653792763,0.0,20.024984394500787,0.0,18.947295321496416,0.0,17.349351572897472,0.0,14.798648586948742,0.0,11.958260743101398,0.0,10.14889156509222,0.0,8.54400374531753,0.0,7.0,0.0,,,,,,,,,,,,,,,,,,,,,11.448282583912892,0.0,,,,,,,,,,,,,,,,,,,,,14.289072752797686,0.0,19.142217428129452,0.0,18.236007510502922,0.0,17.13857632779074,0.0,15.365099246524208,0.0,12.78723972733806,0.0,10.141035917334307,0.0,8.78332655310991,0.0,7.416172761300534,0.0,5.909250860390504,0.0
Schor,339.2313725490196,0.0,16.99303518815298,0.0,354.08123553978896,0.0,346.0,0.0,303.0,0.0,270.0,0.0,216.0,0.0,136.0,0.0,76.0,0.0,43.0,0.0,19.0,0.0,3.0,0.0,11.860079847704137,0.0,18.601075237738275,0.0,17.406895185529212,0.0,16.431676725154983,0.0,14.696938456699069,0.0,11.661903789690601,0.0,8.717797887081348,0.0,6.557438524302,0.0,4.358898943540674,0.0,1.7320508075688772,0.0,,,,,,,,,,,,,,,,,,,,,4.713965570407259,0.0,,,,,,,,,,,,,,,,,,,,,11.860271676235069,0.0,16.511289792227863,0.0,15.47448320674324,0.0,14.396716233274528,0.0,12.476153250216631,0.0,9.35370477155347,0.0,6.619572405095097,0.0,5.069720738709485,0.0,3.8704604719180398,0.0,1.0076972804339992,0.0
Schub,391.4470588235294,0.0,18.243141891321716,0.0,366.309812830543,0.0,421.0,0.0,378.0,0.0,328.0,0.0,246.0,0.0,162.0,0.0,85.0,0.0,43.0,0.0,29.0,0.0,7.0,0.0,12.227637624541927,0.0,20.518284528683193,0.0,19.44222209522358,0.0,18.110770276274835,0.0,15.684387141358123,0.0,12.727922061357855,0.0,9.219544457292887,0.0,6.557438524302,0.0,5.385164807134504,0.0,2.6457513110645907,0.0,,,,,,,,,,,,,,,,,,,,,7.860200067455501,0.0,,,,,,,,,,,,,,,,,,,,,12.22758479949422,0.0,18.511792233573928,0.0,17.588808178594643,0.0,16.11605029402391,0.0,13.357761951809058,0.0,10.500827018289783,0.0,7.3636473498284625,0.0,5.266982949557801,0.0,4.5497323634404605,0.0,1.5736150357793595,0.0
Schur,346.61176470588236,0.0,17.23138236632562,0.0,355.8700075321326,0.0,359.0,0.0,320.0,0.0,280.0,0.0,220.0,0.0,139.0,0.0,73.0,0.0,36.0,0.0,19.0,0.0,3.0,0.0,11.906931093600148,0.0,18.947295321496416,0.0,17.88854381999832,0.0,16.73320053068151,0.0,14.832396974191326,0.0,11.789826122551595,0.0,8.54400374531753,0.0,6.0,0.0,4.358898943540674,0.0,1.7320508075688772,0.0,,,,,,,,,,,,,,,,,,,,,4.675785291719847,0.0,,,,,,,,,,,,,,,,,,,,,11.906977527253735,0.0,16.821239649070463,0.0,15.939344691995693,0.0,14.672456219534482,0.0,12.425865106652163,0.0,9.487066934502254,0.0,6.465219661661859,0.0,4.726958357545395,0.0,3.8704604719180398,0.0,1.0076972804339992,0.0
Sclbl,330.23137254901957,0.0,16.801885158140998,0.0,392.4283896623499,0.0,342.0,0.0,314.0,0.0,278.0,0.0,213.0,0.0,162.0,0.0,119.0,0.0,77.0,0.0,49.0,0.0,15.0,0.0,13.24057622479688,0.0,18.49324200890693,0.0,17.72004514666935,0.0,16.673332000533065,0.0,14.594519519326424,0.0,12.727922061357855,0.0,10.908712114635714,0.0,8.774964387392123,0.0,7.0,0.0,3.872983346207417,0.0,,,,,,,,,,,,,,,,,,,,,4.93212090090502,0.0,,,,,,,,,,,,,,,,,,,,,13.24035515272421,0.0,16.56758434417323,0.0,15.956284111690668,0.0,14.770346912872602,0.0,12.503217288603771,0.0,10.765787411227612,0.0,9.086311345255695,0.0,7.173614360499496,0.0,6.05441295813553,0.0,2.828078285129808,0.0
Sdhsn,399.64313725490194,0.0,18.51686264543515,0.0,354.5241913755723,0.0,414.0,0.0,360.0,0.0,314.0,0.0,247.0,0.0,165.0,0.0,82.0,0.0,46.0,0.0,34.0,0.0,13.0,0.0,12.02493304593253,0.0,20.346989949375804,0.0,18.973665961010276,0.0,17.72004514666935,0.0,15.716233645501712,0.0,12.84523257866513,0.0,9.055385138137417,0.0,6.782329983125268,0.0,5.830951894845301,0.0,3.605551275463989,0.0,,,,,,,,,,,,,,,,,,,,,4.0328303875650375,0.0,,,,,,,,,,,,,,,,,,,,,12.02469599773748,0.0,18.391124064579987,0.0,17.21402253013381,0.0,15.927200959921233,0.0,13.703720046066545,0.0,10.629183955303542,0.0,7.324505657608811,0.0,5.718131125506027,0.0,5.280169427652286,0.0,2.8057226596034712,0.0
Sdldc,374.89019607843136,0.0,17.92980331687802,0.0,381.01948014783494,0.0,390.0,0.0,350.0,0.0,303.0,0.0,241.0,0.0,161.0,0.0,117.0,0.0,73.0,0.0,48.0,0.0,24.0,0.0,12.85443379466587,0.0,19.748417658131498,0.0,18.708286933869708,0.0,17.406895185529212,0.0,15.524174696260024,0.0,12.68857754044952,0.0,10.816653826391969,0.0,8.54400374531753,0.0,6.928203230275509,0.0,4.898979485566356,0.0,,,,,,,,,,,,,,,,,,,,,4.306020485767864,0.0,,,,,,,,,,,,,,,,,,,,,12.854349204294495,0.0,17.761480172628474,0.0,16.86795479149862,0.0,15.57224419197103,0.0,13.614276465243725,0.0,10.726410941228364,0.0,9.000609641926642,0.0,7.363118851133295,0.0,6.393220551757509,0.0,3.999301231440433,0.0
Sdnft,365.7529411764706,0.0,17.673416916749975,0.0,366.0114642304666,0.0,367.0,0.0,332.0,0.0,292.0,0.0,228.0,0.0,166.0,0.0,99.0,0.0,62.0,0.0,34.0,0.0,17.0,0.0,12.501528741191258,0.0,19.157244060668017,0.0,18.2208671582886,0.0,17.08800749063506,0.0,15.0996688705415,0.0,12.884098726725126,0.0,9.9498743710662,0.0,7.874007874011811,0.0,5.830951894845301,0.0,4.123105625617661,0.0,,,,,,,,,,,,,,,,,,,,,5.447218523747833,0.0,,,,,,,,,,,,,,,,,,,,,12.501190926274614,0.0,17.1752412089854,0.0,16.427661979513875,0.0,15.272044827343402,0.0,13.16977333123937,0.0,10.85675550526228,0.0,8.073581173606508,0.0,6.537449730512877,0.0,5.0466849675950005,0.0,3.291351569453661,0.0
Seele,320.5882352941176,0.0,16.58094309656569,0.0,334.3031948122776,0.0,319.0,0.0,280.0,0.0,231.0,0.0,176.0,0.0,120.0,0.0,60.0,0.0,32.0,0.0,18.0,0.0,5.0,0.0,11.214253771969908,0.0,17.86057109949175,0.0,16.73320053068151,0.0,15.198684153570664,0.0,13.2664991614216,0.0,10.954451150103322,0.0,7.745966692414834,0.0,5.656854249492381,0.0,4.242640687119285,0.0,2.23606797749979,0.0,,,,,,,,,,,,,,,,,,,,,2.39244121276568,0.0,,,,,,,,,,,,,,,,,,,,,11.214406312482412,0.0,15.876605446258614,0.0,14.87407343615014,0.0,13.24414270781526,0.0,11.223045181576936,0.0,8.865524315245713,0.0,6.034572461170108,0.0,4.599750869206865,0.0,3.88694126617159,0.0,1.7074736544341382,0.0
Segel,362.0431372549019,0.0,17.61715505548881,0.0,367.01498678502116,0.0,374.0,0.0,333.0,0.0,281.0,0.0,219.0,0.0,146.0,0.0,94.0,0.0,59.0,0.0,45.0,0.0,24.0,0.0,12.402214454858973,0.0,19.339079605813716,0.0,18.24828759089466,0.0,16.76305461424021,0.0,14.798648586948742,0.0,12.083045973594572,0.0,9.695359714832659,0.0,7.681145747868608,0.0,6.708203932499369,0.0,4.898979485566356,0.0,,,,,,,,,,,,,,,,,,,,,5.530321890552404,0.0,,,,,,,,,,,,,,,,,,,,,12.402536879728364,0.0,17.239543843558913,0.0,16.402304050454266,0.0,14.90338285163749,0.0,12.727071061908795,0.0,10.098752418177591,0.0,7.911733054960457,0.0,6.196172089819821,0.0,5.346093008434053,0.0,3.3738329492262906,0.0
Segen,385.8862745098039,0.0,18.15262348342593,0.0,343.3642779816047,0.0,392.0,0.0,352.0,0.0,299.0,0.0,228.0,0.0,145.0,0.0,73.0,0.0,34.0,0.0,24.0,0.0,16.0,0.0,11.54547151967156,0.0,19.79898987322333,0.0,18.76166303929372,0.0,17.291616465790582,0.0,15.0996688705415,0.0,12.041594578792296,0.0,8.54400374531753,0.0,5.830951894845301,0.0,4.898979485566356,0.0,4.0,0.0,,,,,,,,,,,,,,,,,,,,,4.951142350342709,0.0,,,,,,,,,,,,,,,,,,,,,11.545385462622656,0.0,17.83531340048233,0.0,16.943591815127412,0.0,15.431614792993082,0.0,12.953190822465132,0.0,9.831739530368846,0.0,6.5703266907043565,0.0,4.272698928799655,0.0,3.5483300549653127,0.0,2.6099998410952274,0.0
Segtä,377.32941176470587,0.0,17.825620792333282,0.0,363.122384743516,0.0,393.0,0.0,345.0,0.0,294.0,0.0,229.0,0.0,156.0,0.0,97.0,0.0,53.0,0.0,32.0,0.0,22.0,0.0,12.264956352958492,0.0,19.82422760159901,0.0,18.57417562100671,0.0,17.146428199482248,0.0,15.132745950421556,0.0,12.489995996796797,0.0,9.848857801796104,0.0,7.280109889280518,0.0,5.656854249492381,0.0,4.69041575982343,0.0,,,,,,,,,,,,,,,,,,,,,5.025353617646749,0.0,,,,,,,,,,,,,,,,,,,,,12.265043912165622,0.0,17.750458068005216,0.0,16.689225241927854,0.0,15.270091052217923,0.0,13.070262668494662,0.0,10.43093233915822,0.0,7.873174120889583,0.0,5.610119744553688,0.0,4.285910493372178,0.0,3.4189375441489505,0.0
Seher,346.65490196078434,0.0,17.26420738388003,0.0,336.0611676696012,0.0,350.0,0.0,305.0,0.0,262.0,0.0,206.0,0.0,125.0,0.0,58.0,0.0,29.0,0.0,18.0,0.0,3.0,0.0,11.243190807384249,0.0,18.708286933869708,0.0,17.46424919657298,0.0,16.186414056238647,0.0,14.352700094407323,0.0,11.180339887498949,0.0,7.615773105863909,0.0,5.385164807134504,0.0,4.242640687119285,0.0,1.7320508075688772,0.0,,,,,,,,,,,,,,,,,,,,,4.827025866150132,0.0,,,,,,,,,,,,,,,,,,,,,11.24337891696579,0.0,16.649143098846505,0.0,15.597566251096517,0.0,14.203223186668492,0.0,12.14776853683835,0.0,8.974033573268466,0.0,5.828742631514995,0.0,4.353080242134612,0.0,3.824204781450018,0.0,1.0076972804339992,0.0
Seile,300.9607843137255,0.0,16.075495188621723,0.0,348.43953883908017,0.0,300.0,0.0,260.0,0.0,222.0,0.0,172.0,0.0,123.0,0.0,76.0,0.0,44.0,0.0,21.0,0.0,5.0,0.0,11.766056524679888,0.0,17.320508075688775,0.0,16.1245154965971,0.0,14.89966442575134,0.0,13.114877048604,0.0,11.090536506409418,0.0,8.717797887081348,0.0,6.6332495807108,0.0,4.58257569495584,0.0,2.23606797749979,0.0,,,,,,,,,,,,,,,,,,,,,3.468222238512452,0.0,,,,,,,,,,,,,,,,,,,,,11.766333574863973,0.0,15.35722650780636,0.0,14.219665895388532,0.0,12.978247101572844,0.0,11.07764502795643,0.0,9.063985542167186,0.0,6.90057667973846,0.0,5.292774196383526,0.0,4.258226526842729,0.0,1.7074736544341382,0.0
Sekte,350.1372549019608,0.0,17.306667004334585,0.0,347.77537586423847,0.0,359.0,0.0,313.0,0.0,269.0,0.0,208.0,0.0,144.0,0.0,76.0,0.0,42.0,0.0,23.0,0.0,3.0,0.0,11.71329777612395,0.0,18.947295321496416,0.0,17.69180601295413,0.0,16.401219466856727,0.0,14.422205101855956,0.0,12.0,0.0,8.717797887081348,0.0,6.48074069840786,0.0,4.795831523312719,0.0,1.7320508075688772,0.0,,,,,,,,,,,,,,,,,,,,,3.7185151646235783,0.0,,,,,,,,,,,,,,,,,,,,,11.713898292134024,0.0,16.873561380722858,0.0,15.766348968978003,0.0,14.509176150521553,0.0,12.36404899851578,0.0,9.895838287542475,0.0,6.910206286033862,0.0,5.1903243244940995,0.0,4.072118714095607,0.0,1.0076972804339992,0.0
Senke,374.8078431372549,0.0,17.958393538971592,0.0,337.14333703190795,0.0,379.0,0.0,333.0,0.0,292.0,0.0,224.0,0.0,147.0,0.0,68.0,0.0,30.0,0.0,20.0,0.0,2.0,0.0,11.379939589782689,0.0,19.467922333931785,0.0,18.24828759089466,0.0,17.08800749063506,0.0,14.966629547095765,0.0,12.12435565298214,0.0,8.246211251235321,0.0,5.477225575051661,0.0,4.47213595499958,0.0,1.4142135623730951,0.0,,,,,,,,,,,,,,,,,,,,,5.017308447292004,0.0,,,,,,,,,,,,,,,,,,,,,11.379570502906256,0.0,17.58473040800346,0.0,16.498144644621174,0.0,15.151487100150401,0.0,12.890453284411826,0.0,9.972434874714008,0.0,6.374786248923589,0.0,4.328692595169955,0.0,3.9261739398000874,0.0,0.6618696519470317,0.0
Seoul,335.0431372549019,0.0,16.92068841006964,0.0,349.2953997294908,0.0,342.0,0.0,312.0,0.0,258.0,0.0,192.0,0.0,125.0,0.0,75.0,0.0,41.0,0.0,22.0,0.0,8.0,0.0,11.738050994911186,0.0,18.49324200890693,0.0,17.663521732655695,0.0,16.06237840420901,0.0,13.856406460551018,0.0,11.180339887498949,0.0,8.660254037844387,0.0,6.4031242374328485,0.0,4.69041575982343,0.0,2.8284271247461903,0.0,,,,,,,,,,,,,,,,,,,,,2.815441785981096,0.0,,,,,,,,,,,,,,,,,,,,,11.738332869706129,0.0,16.33598077872381,0.0,15.599782635230534,0.0,14.00053798068421,0.0,11.510656735432832,0.0,9.047117009904765,0.0,6.640801706735122,0.0,5.09418800082456,0.0,4.028501641054774,0.0,2.1360381094173597,0.0
Serie,295.9921568627451,0.0,15.892514783500781,0.0,331.4874113489544,0.0,286.0,0.0,254.0,0.0,213.0,0.0,163.0,0.0,110.0,0.0,61.0,0.0,31.0,0.0,6.0,0.0,0.0,0.0,11.101231986840299,0.0,16.911534525287763,0.0,15.937377450509228,0.0,14.594519519326424,0.0,12.767145334803704,0.0,10.488088481701515,0.0,7.810249675906654,0.0,5.5677643628300215,0.0,2.449489742783178,0.0,0.0,0.0,,,,,,,,,,,,,,,,,,,,,3.825865502611133,0.0,,,,,,,,,,,,,,,,,,,,,11.101280953533992,0.0,14.972205653629569,0.0,13.959907277573913,0.0,12.528939002994937,0.0,10.613215785902565,0.0,8.270224910517433,0.0,5.78699041726576,0.0,3.9360773654579546,0.0,1.9125037850699933,0.0,0.0,0.0
Serum,381.6627450980392,0.0,18.08121538684378,0.0,404.61140105773814,0.0,409.0,0.0,368.0,0.0,312.0,0.0,251.0,0.0,185.0,0.0,130.0,0.0,90.0,0.0,55.0,0.0,46.0,0.0,13.632889107357009,0.0,20.223748416156685,0.0,19.183326093250876,0.0,17.663521732655695,0.0,15.84297951775486,0.0,13.601470508735444,0.0,11.40175425099138,0.0,9.486832980505138,0.0,7.416198487095663,0.0,6.782329983125268,0.0,,,,,,,,,,,,,,,,,,,,,11.141387263852348,0.0,,,,,,,,,,,,,,,,,,,,,13.633047861577314,0.0,17.972725516771312,0.0,17.12345822561081,0.0,15.70623882380734,0.0,13.701403338811478,0.0,11.65830941425234,0.0,9.55381226516701,0.0,8.11684605288838,0.0,6.346537119907801,0.0,5.823196449690414,0.0
Seshe,352.80000000000007,0.0,17.345800680000217,0.0,327.74002073361373,0.0,361.0,0.0,303.0,0.0,253.0,0.0,194.0,0.0,117.0,0.0,61.0,0.0,26.0,0.0,19.0,0.0,2.0,0.0,10.946600255922752,0.0,19.0,0.0,17.406895185529212,0.0,15.905973720586866,0.0,13.92838827718412,0.0,10.816653826391969,0.0,7.810249675906654,0.0,5.0990195135927845,0.0,4.358898943540674,0.0,1.4142135623730951,0.0,,,,,,,,,,,,,,,,,,,,,4.534579892491575,0.0,,,,,,,,,,,,,,,,,,,,,10.945890987957638,0.0,16.891384141104634,0.0,15.54333019111706,0.0,13.860409862752727,0.0,11.762741256035227,0.0,8.544925056746154,0.0,5.860758816277129,0.0,4.150053359421706,0.0,3.860530471825958,0.0,0.6618696519470317,0.0
Setup,363.0470588235294,0.0,17.599290031466833,0.0,351.35306401233254,0.0,375.0,0.0,337.0,0.0,278.0,0.0,209.0,0.0,140.0,0.0,78.0,0.0,43.0,0.0,23.0,0.0,16.0,0.0,11.830356807493766,0.0,19.364916731037084,0.0,18.35755975068582,0.0,16.673332000533065,0.0,14.45683229480096,0.0,11.832159566199232,0.0,8.831760866327848,0.0,6.557438524302,0.0,4.795831523312719,0.0,4.0,0.0,,,,,,,,,,,,,,,,,,,,,7.791986587034581,0.0,,,,,,,,,,,,,,,,,,,,,11.83009807344006,0.0,17.148543797297755,0.0,16.296397672612493,0.0,14.683575748420807,0.0,12.20782061372489,0.0,9.709462184535596,0.0,6.998054561675355,0.0,5.3204965232374075,0.0,4.009291090934319,0.0,3.445929325245712,0.0
Seugt,372.1333333333333,0.0,17.784943673042296,0.0,357.0180077373094,0.0,394.0,0.0,351.0,0.0,293.0,0.0,222.0,0.0,144.0,0.0,79.0,0.0,45.0,0.0,26.0,0.0,16.0,0.0,11.947022590753923,0.0,19.849433241279208,0.0,18.734993995195193,0.0,17.11724276862369,0.0,14.89966442575134,0.0,12.0,0.0,8.888194417315589,0.0,6.708203932499369,0.0,5.0990195135927845,0.0,4.0,0.0,,,,,,,,,,,,,,,,,,,,,5.902165905698379,0.0,,,,,,,,,,,,,,,,,,,,,11.947066973795744,0.0,17.59273591851289,0.0,16.75526330161846,0.0,15.114378942911895,0.0,12.664867425880491,0.0,9.755439793378535,0.0,6.971849296902384,0.0,5.128574958380583,0.0,3.6706302705518143,0.0,2.609431180892979,0.0
Sgpdr,422.0745098039216,0.0,19.029134868832298,0.0,397.04109278022077,0.0,447.0,0.0,398.0,0.0,346.0,0.0,279.0,0.0,193.0,0.0,131.0,0.0,86.0,0.0,57.0,0.0,41.0,0.0,13.386508604079511,0.0,21.142374511865974,0.0,19.949937343260004,0.0,18.601075237738275,0.0,16.703293088490067,0.0,13.892443989449804,0.0,11.445523142259598,0.0,9.273618495495704,0.0,7.54983443527075,0.0,6.4031242374328485,0.0,,,,,,,,,,,,,,,,,,,,,5.8445970809358485,0.0,,,,,,,,,,,,,,,,,,,,,13.386720905509128,0.0,19.095816643459052,0.0,18.11925326272555,0.0,16.646207407936995,0.0,14.71920291447762,0.0,11.785681368352884,0.0,9.512469018126913,0.0,7.805680898016108,0.0,6.316367920416406,0.0,5.055723291265525,0.0
Shows,391.5764705882353,0.0,18.20068231142193,0.0,385.7080742306558,0.0,406.0,0.0,372.0,0.0,321.0,0.0,251.0,0.0,176.0,0.0,116.0,0.0,78.0,0.0,51.0,0.0,36.0,0.0,13.091615550399126,0.0,20.149441679609886,0.0,19.28730152198591,0.0,17.916472867168917,0.0,15.84297951775486,0.0,13.2664991614216,0.0,10.770329614269007,0.0,8.831760866327848,0.0,7.14142842854285,0.0,6.0,0.0,,,,,,,,,,,,,,,,,,,,,3.6225170549533474,0.0,,,,,,,,,,,,,,,,,,,,,13.091192453227032,0.0,18.13989797958581,0.0,17.384058471527062,0.0,16.003149731955265,0.0,13.84195325587054,0.0,11.250531103992643,0.0,8.876031659769668,0.0,7.329983886346224,0.0,6.045577353449093,0.0,4.608827929659627,0.0
Shshr,369.2352941176471,0.0,17.835911055603273,0.0,359.74240239948335,0.0,380.0,0.0,332.0,0.0,288.0,0.0,229.0,0.0,147.0,0.0,92.0,0.0,50.0,0.0,35.0,0.0,14.0,0.0,12.164363524111169,0.0,19.493588689617926,0.0,18.2208671582886,0.0,16.97056274847714,0.0,15.132745950421556,0.0,12.12435565298214,0.0,9.591663046625438,0.0,7.0710678118654755,0.0,5.916079783099616,0.0,3.7416573867739413,0.0,,,,,,,,,,,,,,,,,,,,,4.2918168447806915,0.0,,,,,,,,,,,,,,,,,,,,,12.164189378980291,0.0,17.492169484500845,0.0,16.46562923467936,0.0,14.922129328239972,0.0,12.958573214707084,0.0,9.958163513862347,0.0,7.657026696943102,0.0,5.984023606369718,0.0,5.391430516271412,0.0,3.0732651282249654,0.0
Shstr,327.74117647058824,0.0,16.716254719792293,0.0,352.955725905948,0.0,330.0,0.0,294.0,0.0,249.0,0.0,197.0,0.0,134.0,0.0,80.0,0.0,47.0,0.0,22.0,0.0,12.0,0.0,11.9187523965187,0.0,18.16590212458495,0.0,17.146428199482248,0.0,15.7797338380595,0.0,14.035668847618199,0.0,11.575836902790225,0.0,8.94427190999916,0.0,6.855654600401044,0.0,4.69041575982343,0.0,3.4641016151377544,0.0,,,,,,,,,,,,,,,,,,,,,6.665347445446402,0.0,,,,,,,,,,,,,,,,,,,,,11.918324491815824,0.0,16.090786470388043,0.0,15.255802522333953,0.0,13.797770357505861,0.0,11.863676844205047,0.0,9.384623097092964,0.0,6.998389460588317,0.0,5.479337650045211,0.0,4.01819910279187,0.0,3.000484787208892,0.0
Sicht,320.20784313725494,0.0,16.51256136443714,0.0,365.5763531517522,0.0,329.0,0.0,283.0,0.0,250.0,0.0,199.0,0.0,142.0,0.0,92.0,0.0,54.0,0.0,26.0,0.0,2.0,0.0,12.38573134007982,0.0,18.138357147217054,0.0,16.822603841260722,0.0,15.811388300841896,0.0,14.106735979665885,0.0,11.916375287812984,0.0,9.591663046625438,0.0,7.3484692283495345,0.0,5.0990195135927845,0.0,1.4142135623730951,0.0,,,,,,,,,,,,,,,,,,,,,5.286616934413283,0.0,,,,,,,,,,,,,,,,,,,,,12.386126327820412,0.0,15.866496497657403,0.0,14.870519200875897,0.0,13.720815369303365,0.0,11.947175428593983,0.0,9.746601997820665,0.0,7.568254492305708,0.0,5.819851390584755,0.0,4.372537818072525,0.0,0.6618696519470317,0.0
Siebe,340.8274509803922,0.0,16.98421955687604,0.0,346.2038905222013,0.0,351.0,0.0,312.0,0.0,263.0,0.0,195.0,0.0,134.0,0.0,71.0,0.0,35.0,0.0,17.0,0.0,2.0,0.0,11.608140879322654,0.0,18.734993995195193,0.0,17.663521732655695,0.0,16.217274740226856,0.0,13.96424004376894,0.0,11.575836902790225,0.0,8.426149773176359,0.0,5.916079783099616,0.0,4.123105625617661,0.0,1.4142135623730951,0.0,,,,,,,,,,,,,,,,,,,,,5.917356465827416,0.0,,,,,,,,,,,,,,,,,,,,,11.608396270130465,0.0,16.72490433785013,0.0,15.785751513453517,0.0,14.21226469755992,0.0,11.838738576559319,0.0,9.455425127786127,0.0,6.67227875106244,0.0,4.301910323316693,0.0,3.073082091837766,0.0,0.6618696519470317,0.0
Siege,352.0470588235294,0.0,17.313009111819913,0.0,359.20452764886795,0.0,368.0,0.0,319.0,0.0,268.0,0.0,208.0,0.0,145.0,0.0,85.0,0.0,50.0,0.0,30.0,0.0,16.0,0.0,12.104325434186332,0.0,19.183326093250876,0.0,17.86057109949175,0.0,16.3707055437449,0.0,14.422205101855956,0.0,12.041594578792296,0.0,9.219544457292887,0.0,7.0710678118654755,0.0,5.477225575051661,0.0,4.0,0.0,,,,,,,,,,,,,,,,,,,,,7.389920636811373,0.0,,,,,,,,,,,,,,,,,,,,,12.104755908854523,0.0,17.031589648203365,0.0,15.988738297042485,0.0,14.41582372430375,0.0,12.3332068817558,0.0,9.924463278165943,0.0,7.368133020888081,0.0,5.444853926478474,0.0,4.0532731941120845,0.0,2.609431180892979,0.0
Sifti,279.6549019607843,0.0,15.405843296923093,0.0,384.1166635620241,0.0,282.0,0.0,250.0,0.0,218.0,0.0,179.0,0.0,147.0,0.0,110.0,0.0,76.0,0.0,33.0,0.0,9.0,0.0,13.110532305102991,0.0,16.792855623746664,0.0,15.811388300841896,0.0,14.7648230602334,0.0,13.379088160259652,0.0,12.12435565298214,0.0,10.488088481701515,0.0,8.717797887081348,0.0,5.744562646538029,0.0,3.0,0.0,,,,,,,,,,,,,,,,,,,,,4.0343163374310365,0.0,,,,,,,,,,,,,,,,,,,,,13.110599430361127,0.0,14.551279547175172,0.0,13.801820263872848,0.0,12.882890325143038,0.0,11.372121874767934,0.0,10.071608751291555,0.0,8.493820591432108,0.0,6.9484049738486355,0.0,4.568765997133861,0.0,2.2051860584178895,0.0
Sihls,323.5411764705882,0.0,16.687972080189176,0.0,374.3243333792276,0.0,341.0,0.0,287.0,0.0,248.0,0.0,206.0,0.0,152.0,0.0,96.0,0.0,65.0,0.0,39.0,0.0,8.0,0.0,12.734773228247686,0.0,18.466185312619388,0.0,16.941074346097416,0.0,15.748015748023622,0.0,14.352700094407323,0.0,12.328828005937952,0.0,9.797958971132712,0.0,8.06225774829855,0.0,6.244997998398398,0.0,2.8284271247461903,0.0,,,,,,,,,,,,,,,,,,,,,4.18376673325773,0.0,,,,,,,,,,,,,,,,,,,,,12.734250309167669,0.0,16.36381348604203,0.0,15.169498444609694,0.0,13.901835708011033,0.0,12.416322806681118,0.0,10.315345301530456,0.0,8.079390397990853,0.0,6.740358687829772,0.0,5.726355186086194,0.0,1.9828449173928526,0.0
Sihni,336.2117647058824,0.0,17.030669577759426,0.0,371.786927834606,0.0,345.0,0.0,304.0,0.0,271.0,0.0,222.0,0.0,155.0,0.0,94.0,0.0,57.0,0.0,32.0,0.0,5.0,0.0,12.699059926659187,0.0,18.57417562100671,0.0,17.435595774162696,0.0,16.46207763315433,0.0,14.89966442575134,0.0,12.449899597988733,0.0,9.695359714832659,0.0,7.54983443527075,0.0,5.656854249492381,0.0,2.23606797749979,0.0,,,,,,,,,,,,,,,,,,,,,4.999344495931522,0.0,,,,,,,,,,,,,,,,,,,,,12.699912275099503,0.0,16.54187936069108,0.0,15.676914795326894,0.0,14.499039751854832,0.0,12.819519194882036,0.0,10.22618486099049,0.0,7.701522896743134,0.0,5.956948398894207,0.0,4.804966834087708,0.0,1.3936760334269074,0.0
Silbe,331.1960784313726,0.0,16.81015922849029,0.0,370.6602017207823,0.0,345.0,0.0,305.0,0.0,266.0,0.0,200.0,0.0,148.0,0.0,99.0,0.0,59.0,0.0,32.0,0.0,7.0,0.0,12.52272259613566,0.0,18.57417562100671,0.0,17.46424919657298,0.0,16.30950643030009,0.0,14.142135623730951,0.0,12.165525060596439,0.0,9.9498743710662,0.0,7.681145747868608,0.0,5.656854249492381,0.0,2.6457513110645907,0.0,,,,,,,,,,,,,,,,,,,,,6.041916295989744,0.0,,,,,,,,,,,,,,,,,,,,,12.522810564451895,0.0,16.611135196009982,0.0,15.634793101541446,0.0,14.382829629369091,0.0,12.093177597523935,0.0,10.164004576068928,0.0,8.216362041379783,0.0,6.103508756698369,0.0,4.884619012160853,0.0,1.852178220648916,0.0
Silos,296.0431372549019,0.0,15.846957896918179,0.0,358.4238055899764,0.0,300.0,0.0,259.0,0.0,218.0,0.0,173.0,0.0,122.0,0.0,91.0,0.0,55.0,0.0,23.0,0.0,5.0,0.0,12.15134521120232,0.0,17.320508075688775,0.0,16.09347693943108,0.0,14.7648230602334,0.0,13.152946437965905,0.0,11.045361017187261,0.0,9.539392014169456,0.0,7.416198487095663,0.0,4.795831523312719,0.0,2.23606797749979,0.0,,,,,,,,,,,,,,,,,,,,,3.273263567851268,0.0,,,,,,,,,,,,,,,,,,,,,12.15175252446206,0.0,15.124003113919716,0.0,14.097707872334134,0.0,12.77407259694401,0.0,11.068451803033245,0.0,8.935182444628873,0.0,7.555519899562716,0.0,5.83334560274889,0.0,4.3235711096355605,0.0,1.728702033370433,0.0
Sinai,309.86274509803917,0.0,16.23293958487866,0.0,352.9093959985204,0.0,303.0,0.0,272.0,0.0,234.0,0.0,188.0,0.0,139.0,0.0,85.0,0.0,45.0,0.0,16.0,0.0,2.0,0.0,12.09813527557227,0.0,17.406895185529212,0.0,16.492422502470642,0.0,15.297058540778355,0.0,13.711309200802088,0.0,11.789826122551595,0.0,9.219544457292887,0.0,6.708203932499369,0.0,4.0,0.0,1.4142135623730951,0.0,,,,,,,,,,,,,,,,,,,,,3.696684363453454,0.0,,,,,,,,,,,,,,,,,,,,,12.098976347004816,0.0,15.398196918389125,0.0,14.687641400255114,0.0,13.307859215642159,0.0,11.607618723331733,0.0,9.523426796820074,0.0,7.0015781737745035,0.0,4.856308259336892,0.0,2.995994693788641,0.0,0.9625466294888946,0.0
Sirgi,317.81960784313725,0.0,16.477329152785266,0.0,388.37539098249795,0.0,330.0,0.0,293.0,0.0,254.0,0.0,205.0,0.0,156.0,0.0,116.0,0.0,77.0,0.0,38.0,0.0,18.0,0.0,13.138142360165384,0.0,18.16590212458495,0.0,17.11724276862369,0.0,15.937377450509228,0.0,14.317821063276353,0.0,12.489995996796797,0.0,10.770329614269007,0.0,8.774964387392123,0.0,6.164414002968976,0.0,4.242640687119285,0.0,,,,,,,,,,,,,,,,,,,,,6.118069244579894,0.0,,,,,,,,,,,,,,,,,,,,,13.138552045722477,0.0,16.0161015184048,0.0,15.203233656572715,0.0,13.884749955996567,0.0,12.205022551798647,0.0,10.363696221397012,0.0,8.670977814655377,0.0,6.724339299075238,0.0,4.599569614436168,0.0,2.781298545806739,0.0
Sirup,339.278431372549,0.0,17.064845455019242,0.0,369.3587922130165,0.0,350.0,0.0,314.0,0.0,264.0,0.0,209.0,0.0,151.0,0.0,96.0,0.0,58.0,0.0,26.0,0.0,16.0,0.0,12.512875819884822,0.0,18.708286933869708,0.0,17.72004514666935,0.0,16.24807680927192,0.0,14.45683229480096,0.0,12.288205727444508,0.0,9.797958971132712,0.0,7.615773105863909,0.0,5.0990195135927845,0.0,4.0,0.0,,,,,,,,,,,,,,,,,,,,,9.774650391807956,0.0,,,,,,,,,,,,,,,,,,,,,12.513440732652212,0.0,16.61252539086557,0.0,15.763859708507352,0.0,14.171529110832326,0.0,12.247330501452328,0.0,10.101912308467233,0.0,7.821959541620369,0.0,6.080530879601781,0.0,4.3298929568234,0.0,3.445929325245712,0.0
Sitze,299.4117647058824,0.0,15.980036565272652,0.0,350.8472739887642,0.0,304.0,0.0,264.0,0.0,226.0,0.0,172.0,0.0,127.0,0.0,77.0,0.0,41.0,0.0,13.0,0.0,0.0,0.0,11.827406738330803,0.0,17.435595774162696,0.0,16.24807680927192,0.0,15.033296378372908,0.0,13.114877048604,0.0,11.269427669584644,0.0,8.774964387392123,0.0,6.4031242374328485,0.0,3.605551275463989,0.0,0.0,0.0,,,,,,,,,,,,,,,,,,,,,3.913135565243034,0.0,,,,,,,,,,,,,,,,,,,,,11.827900356240132,0.0,15.25462554975489,0.0,14.1705846215034,0.0,13.029846145659361,0.0,10.958514993562655,0.0,9.05866485469746,0.0,6.702650764338226,0.0,4.645704514639948,0.0,2.467362173249503,0.0,0.0,0.0
Sjjlj,290.0,0.0,15.824401657325934,0.0,435.13906018417293,0.0,310.0,0.0,284.0,0.0,259.0,0.0,215.0,0.0,180.0,0.0,149.0,0.0,103.0,0.0,62.0,0.0,28.0,0.0,14.562437520620158,0.0,17.60681686165901,0.0,16.852299546352718,0.0,16.09347693943108,0.0,14.66287829861518,0.0,13.416407864998739,0.0,12.206555615733702,0.0,10.14889156509222,0.0,7.874007874011811,0.0,5.291502622129181,0.0,,,,,,,,,,,,,,,,,,,,,3.624356405809812,0.0,,,,,,,,,,,,,,,,,,,,,14.5623292563214,0.0,15.53771203239277,0.0,14.997103468381614,0.0,14.167571189063894,0.0,12.785668801860437,0.0,11.480970503122917,0.0,10.306984399237793,0.0,8.218468172032173,0.0,6.716108725742178,0.0,3.9743532157673096,0.0
Skala,360.3372549019608,0.0,17.55645061204118,0.0,369.6322010836548,0.0,362.0,0.0,325.0,0.0,282.0,0.0,219.0,0.0,168.0,0.0,112.0,0.0,65.0,0.0,37.0,0.0,19.0,0.0,12.654632667121504,0.0,19.026297590440446,0.0,18.027756377319946,0.0,16.792855623746664,0.0,14.798648586948742,0.0,12.96148139681572,0.0,10.583005244258363,0.0,8.06225774829855,0.0,6.082762530298219,0.0,4.358898943540674,0.0,,,,,,,,,,,,,,,,,,,,,4.164082204771674,0.0,,,,,,,,,,,,,,,,,,,,,12.654801347753219,0.0,17.147929738223038,0.0,16.34013797885523,0.0,14.924586268600269,0.0,12.854669422121912,0.0,10.97482839713402,0.0,8.602402224298741,0.0,6.633411381480976,0.0,5.549253142550394,0.0,3.516750905376702,0.0
Slawe,360.51372549019607,0.0,17.49693310853467,0.0,395.00095380021787,0.0,370.0,0.0,336.0,0.0,295.0,0.0,234.0,0.0,178.0,0.0,125.0,0.0,87.0,0.0,51.0,0.0,31.0,0.0,13.457500619630927,0.0,19.235384061671343,0.0,18.33030277982336,0.0,17.175564037317667,0.0,15.297058540778355,0.0,13.341664064126334,0.0,11.180339887498949,0.0,9.327379053088816,0.0,7.14142842854285,0.0,5.5677643628300215,0.0,,,,,,,,,,,,,,,,,,,,,5.986834186561139,0.0,,,,,,,,,,,,,,,,,,,,,13.45849266967488,0.0,17.252392304891945,0.0,16.473382915774167,0.0,15.326506310645469,0.0,13.415930307515145,0.0,11.308621466093738,0.0,9.300938528438595,0.0,7.685004073847719,0.0,5.978174580327907,0.0,4.147773864373617,0.0
Smugs,429.2627450980392,0.0,19.10996527416259,0.0,429.4095998250598,0.0,478.0,0.0,428.0,0.0,355.0,0.0,295.0,0.0,214.0,0.0,145.0,0.0,108.0,0.0,73.0,0.0,64.0,0.0,14.377351641932467,0.0,21.863211109075447,0.0,20.688160865577203,0.0,18.841443681416774,0.0,17.175564037317667,0.0,14.628738838327793,0.0,12.041594578792296,0.0,10.392304845413264,0.0,8.54400374531753,0.0,8.0,0.0,,,,,,,,,,,,,,,,,,,,,4.748896556860269,0.0,,,,,,,,,,,,,,,,,,,,,14.377555013222626,0.0,19.55545010611889,0.0,18.614171523792667,0.0,16.985288183769057,0.0,15.14345594328674,0.0,12.61119687509211,0.0,10.298743955061992,0.0,8.90284858124758,0.0,7.143669356166578,0.0,6.561417923463222,0.0
Sodot,359.4666666666667,0.0,17.408299425529446,0.0,347.84776317245826,0.0,373.0,0.0,331.0,0.0,277.0,0.0,211.0,0.0,133.0,0.0,78.0,0.0,48.0,0.0,19.0,0.0,9.0,0.0,11.634576009700538,0.0,19.313207915827967,0.0,18.193405398660254,0.0,16.64331697709324,0.0,14.52583904633395,0.0,11.532562594670797,0.0,8.831760866327848,0.0,6.928203230275509,0.0,4.358898943540674,0.0,3.0,0.0,,,,,,,,,,,,,,,,,,,,,4.565115243925232,0.0,,,,,,,,,,,,,,,,,,,,,11.634650778218894,0.0,17.069529548222846,0.0,16.124972766076137,0.0,14.664416864216602,0.0,12.548165780060838,0.0,9.386071822769182,0.0,6.740741327411,0.0,5.449903328667535,0.0,3.759629180190569,0.0,2.5150661115962025,0.0
Sofas,329.1372549019608,0.0,16.5893931825989,0.0,331.1566016851456,0.0,326.0,0.0,285.0,0.0,231.0,0.0,169.0,0.0,116.0,0.0,78.0,0.0,38.0,0.0,14.0,0.0,7.0,0.0,11.201137357337231,0.0,18.05547008526779,0.0,16.881943016134134,0.0,15.198684153570664,0.0,13.0,0.0,10.770329614269007,0.0,8.831760866327848,0.0,6.164414002968976,0.0,3.7416573867739413,0.0,2.6457513110645907,0.0,,,,,,,,,,,,,,,,,,,,,2.51532648098699,0.0,,,,,,,,,,,,,,,,,,,,,11.201301672040792,0.0,15.900434655354104,0.0,14.950330963972357,0.0,13.25738785390642,0.0,10.872425583424011,0.0,8.658413451311736,0.0,6.763899834562398,0.0,4.835475288246675,0.0,3.285408865611108,0.0,1.983529229327966,0.0
Sofos,327.98823529411766,0.0,16.56445010571986,0.0,334.31121288939596,0.0,329.0,0.0,287.0,0.0,236.0,0.0,173.0,0.0,111.0,0.0,75.0,0.0,40.0,0.0,14.0,0.0,7.0,0.0,11.230287149455455,0.0,18.138357147217054,0.0,16.941074346097416,0.0,15.362291495737216,0.0,13.152946437965905,0.0,10.535653752852738,0.0,8.660254037844387,0.0,6.324555320336759,0.0,3.7416573867739413,0.0,2.6457513110645907,0.0,,,,,,,,,,,,,,,,,,,,,2.527023997599759,0.0,,,,,,,,,,,,,,,,,,,,,11.230169968221777,0.0,15.933884990910844,0.0,14.88064368345452,0.0,13.379269838755777,0.0,11.026159453626976,0.0,8.403368683666637,0.0,6.558544685712517,0.0,4.9443170694223175,0.0,3.285408865611108,0.0,1.983529229327966,0.0
Sohbt,384.56862745098044,0.0,18.051178897580744,0.0,357.1891669568827,0.0,409.0,0.0,361.0,0.0,310.0,0.0,229.0,0.0,155.0,0.0,84.0,0.0,46.0,0.0,28.0,0.0,5.0,0.0,11.96824081852332,0.0,20.223748416156685,0.0,19.0,0.0,17.60681686165901,0.0,15.132745950421556,0.0,12.449899597988733,0.0,9.16515138991168,0.0,6.782329983125268,0.0,5.291502622129181,0.0,2.23606797749979,0.0,,,,,,,,,,,,,,,,,,,,,5.042844221605051,0.0,,,,,,,,,,,,,,,,,,,,,11.968195673553486,0.0,18.071159989930724,0.0,17.108377842415816,0.0,15.618353572980222,0.0,13.061245211534077,0.0,10.43079458847202,0.0,7.3895123387207065,0.0,5.407721871935516,0.0,4.514912954874206,0.0,1.2053383353278382,0.0
Sohle,355.16078431372546,0.0,17.478979961211383,0.0,352.29272865693133,0.0,372.0,0.0,317.0,0.0,272.0,0.0,210.0,0.0,143.0,0.0,77.0,0.0,48.0,0.0,32.0,0.0,8.0,0.0,11.879461087963639,0.0,19.28730152198591,0.0,17.804493814764857,0.0,16.492422502470642,0.0,14.491376746189438,0.0,11.958260743101398,0.0,8.774964387392123,0.0,6.928203230275509,0.0,5.656854249492381,0.0,2.8284271247461903,0.0,,,,,,,,,,,,,,,,,,,,,3.839833885592142,0.0,,,,,,,,,,,,,,,,,,,,,11.879373588517051,0.0,17.299114778899934,0.0,16.006509786774192,0.0,14.643841407892129,0.0,12.571568439187809,0.0,9.947107908473708,0.0,7.130364090689751,0.0,5.92677063130418,0.0,5.3641878124222595,0.0,1.9828449173928526,0.0
Solzo,326.9411764705883,0.0,16.700958493744167,0.0,350.5554364992588,0.0,333.0,0.0,297.0,0.0,251.0,0.0,183.0,0.0,134.0,0.0,85.0,0.0,45.0,0.0,20.0,0.0,5.0,0.0,11.769464320744403,0.0,18.24828759089466,0.0,17.233687939614086,0.0,15.84297951775486,0.0,13.527749258468683,0.0,11.575836902790225,0.0,9.219544457292887,0.0,6.708203932499369,0.0,4.47213595499958,0.0,2.23606797749979,0.0,,,,,,,,,,,,,,,,,,,,,2.765112553905928,0.0,,,,,,,,,,,,,,,,,,,,,11.769443228372463,0.0,16.212518566455334,0.0,15.271971718572159,0.0,13.840746364187856,0.0,11.417872204044746,0.0,9.454801405929286,0.0,7.050212426642575,0.0,5.203772186509303,0.0,3.96049195941817,0.0,1.728702033370433,0.0
Sonde,380.6,0.0,18.0116545635136,0.0,332.7983291623133,0.0,387.0,0.0,344.0,0.0,291.0,0.0,222.0,0.0,135.0,0.0,68.0,0.0,30.0,0.0,16.0,0.0,9.0,0.0,11.154975791378238,0.0,19.672315572906,0.0,18.547236990991408,0.0,17.05872210923198,0.0,14.89966442575134,0.0,11.61895003862225,0.0,8.246211251235321,0.0,5.477225575051661,0.0,4.0,0.0,3.0,0.0,,,,,,,,,,,,,,,,,,,,,5.197815844319446,0.0,,,,,,,,,,,,,,,,,,,,,11.155057478944517,0.0,17.70989707108895,0.0,16.68037340023383,0.0,15.150893668327507,0.0,12.9015525442822,0.0,9.430825972580239,0.0,6.177881492981196,0.0,4.4249640171903835,0.0,3.619940692728586,0.0,2.4773383361263903,0.0
Sonko,381.88235294117646,0.0,18.04795355299266,0.0,344.7952552961151,0.0,392.0,0.0,349.0,0.0,304.0,0.0,231.0,0.0,154.0,0.0,78.0,0.0,38.0,0.0,20.0,0.0,2.0,0.0,11.625524825365947,0.0,19.79898987322333,0.0,18.681541692269406,0.0,17.435595774162696,0.0,15.198684153570664,0.0,12.409673645990857,0.0,8.831760866327848,0.0,6.164414002968976,0.0,4.47213595499958,0.0,1.4142135623730951,0.0,,,,,,,,,,,,,,,,,,,,,5.012767794165458,0.0,,,,,,,,,,,,,,,,,,,,,11.62525231001132,0.0,17.849165664844595,0.0,16.87713569666065,0.0,15.48909290297255,0.0,13.14904503474161,0.0,10.289397748937041,0.0,6.749426510136303,0.0,4.749954907797621,0.0,3.910703191786801,0.0,0.6618696519470317,0.0
Sorge,360.61176470588236,0.0,17.49648528444291,0.0,346.1547518580612,0.0,373.0,0.0,327.0,0.0,274.0,0.0,202.0,0.0,133.0,0.0,81.0,0.0,45.0,0.0,22.0,0.0,16.0,0.0,11.559835291122507,0.0,19.313207915827967,0.0,18.083141320025124,0.0,16.55294535724685,0.0,14.212670403551895,0.0,11.532562594670797,0.0,9.0,0.0,6.708203932499369,0.0,4.69041575982343,0.0,4.0,0.0,,,,,,,,,,,,,,,,,,,,,5.503741353873169,0.0,,,,,,,,,,,,,,,,,,,,,11.559585030999383,0.0,17.234751655637005,0.0,16.144622269160628,0.0,14.535909546335747,0.0,12.098695432877477,0.0,9.408106516554206,0.0,7.018884167514863,0.0,5.085556102071054,0.0,3.4824499122077657,0.0,2.609431180892979,0.0
Sorte,308.69803921568626,0.0,16.15483425301562,0.0,328.5025301487799,0.0,307.0,0.0,271.0,0.0,223.0,0.0,165.0,0.0,109.0,0.0,59.0,0.0,30.0,0.0,3.0,0.0,0.0,0.0,10.930981510517249,0.0,17.52141546793523,0.0,16.46207763315433,0.0,14.933184523068078,0.0,12.84523257866513,0.0,10.44030650891055,0.0,7.681145747868608,0.0,5.477225575051661,0.0,1.7320508075688772,0.0,0.0,0.0,,,,,,,,,,,,,,,,,,,,,2.8293252514064133,0.0,,,,,,,,,,,,,,,,,,,,,10.930682547753303,0.0,15.422287177523502,0.0,14.395713898456117,0.0,12.939961500075876,0.0,10.73945586252815,0.0,8.236549769346267,0.0,5.651810636348113,0.0,3.96053811215022,0.0,1.0634663993176967,0.0,0.0,0.0
Sowoe,372.5333333333333,0.0,17.68644493635552,0.0,363.2518132462954,0.0,384.0,0.0,344.0,0.0,296.0,0.0,224.0,0.0,146.0,0.0,97.0,0.0,60.0,0.0,34.0,0.0,23.0,0.0,12.251937853018294,0.0,19.595917942265423,0.0,18.547236990991408,0.0,17.204650534085253,0.0,14.966629547095765,0.0,12.083045973594572,0.0,9.848857801796104,0.0,7.745966692414834,0.0,5.830951894845301,0.0,4.795831523312719,0.0,,,,,,,,,,,,,,,,,,,,,3.9943106724789086,0.0,,,,,,,,,,,,,,,,,,,,,12.251742458455652,0.0,17.516506511497496,0.0,16.506250340534248,0.0,15.236954677225162,0.0,12.986843335360868,0.0,9.953891926593542,0.0,7.867066805396251,0.0,6.143165545481267,0.0,4.7050149576412155,0.0,3.429841145270547,0.0
Spann,395.69803921568626,0.0,18.40269483634186,0.0,343.1838566680978,0.0,387.0,0.0,360.0,0.0,315.0,0.0,236.0,0.0,159.0,0.0,84.0,0.0,40.0,0.0,20.0,0.0,16.0,0.0,11.75643585441547,0.0,19.672315572906,0.0,18.973665961010276,0.0,17.74823934929885,0.0,15.362291495737216,0.0,12.609520212918492,0.0,9.16515138991168,0.0,6.324555320336759,0.0,4.47213595499958,0.0,4.0,0.0,,,,,,,,,,,,,,,,,,,,,3.2732882021983216,0.0,,,,,,,,,,,,,,,,,,,,,11.756525718657503,0.0,17.866803121970488,0.0,17.31005597225942,0.0,15.901317492144475,0.0,13.319412413796696,0.0,10.350217418865665,0.0,7.076741729586743,0.0,4.989654012830655,0.0,3.8634479883967794,0.0,3.4447818264180055,0.0
Spatz,356.0941176470588,0.0,17.411900723722393,0.0,358.5827465558715,0.0,361.0,0.0,329.0,0.0,279.0,0.0,208.0,0.0,153.0,0.0,94.0,0.0,54.0,0.0,27.0,0.0,17.0,0.0,12.1697849640302,0.0,19.0,0.0,18.138357147217054,0.0,16.703293088490067,0.0,14.422205101855956,0.0,12.36931687685298,0.0,9.695359714832659,0.0,7.3484692283495345,0.0,5.196152422706632,0.0,4.123105625617661,0.0,,,,,,,,,,,,,,,,,,,,,4.745381195578828,0.0,,,,,,,,,,,,,,,,,,,,,12.169614231067959,0.0,16.93521006237863,0.0,16.24198948627702,0.0,14.742679765569507,0.0,12.342682991259425,0.0,10.228091642179495,0.0,7.668379823093991,0.0,5.899616801388306,0.0,4.208847950743075,0.0,3.4792101621262086,0.0
Speck,382.00392156862745,0.0,18.08861139945879,0.0,368.22940150588727,0.0,392.0,0.0,356.0,0.0,306.0,0.0,239.0,0.0,171.0,0.0,100.0,0.0,59.0,0.0,39.0,0.0,21.0,0.0,12.465408737876748,0.0,19.79898987322333,0.0,18.867962264113206,0.0,17.4928556845359,0.0,15.459624833740307,0.0,13.076696830622021,0.0,10.0,0.0,7.681145747868608,0.0,6.244997998398398,0.0,4.58257569495584,0.0,,,,,,,,,,,,,,,,,,,,,4.278767433298811,0.0,,,,,,,,,,,,,,,,,,,,,12.46568590545146,0.0,17.848787451827945,0.0,17.112103098394606,0.0,15.49892831084795,0.0,13.437732587575733,0.0,10.95443626620659,0.0,8.22428795195463,0.0,6.4537861353397705,0.0,5.470543343358217,0.0,3.7466259723859867,0.0
Speer,347.98823529411766,0.0,17.261095590718632,0.0,341.5331959191501,0.0,343.0,0.0,314.0,0.0,263.0,0.0,204.0,0.0,131.0,0.0,69.0,0.0,36.0,0.0,22.0,0.0,16.0,0.0,11.490624670233917,0.0,18.520259177452136,0.0,17.72004514666935,0.0,16.217274740226856,0.0,14.2828568570857,0.0,11.445523142259598,0.0,8.306623862918075,0.0,6.0,0.0,4.69041575982343,0.0,4.0,0.0,,,,,,,,,,,,,,,,,,,,,6.177153156250968,0.0,,,,,,,,,,,,,,,,,,,,,11.491065959363192,0.0,16.441626751697942,0.0,15.835952634883464,0.0,14.207589306372284,0.0,12.143153741209481,0.0,9.28896272112952,0.0,6.494498624631203,0.0,4.89938341057824,0.0,3.9289453918340262,0.0,3.4447818264180055,0.0
Speil,333.3294117647059,0.0,16.94959621924329,0.0,378.8721365070884,0.0,335.0,0.0,308.0,0.0,262.0,0.0,210.0,0.0,160.0,0.0,106.0,0.0,71.0,0.0,47.0,0.0,24.0,0.0,12.916781449599712,0.0,18.303005217723125,0.0,17.549928774784245,0.0,16.186414056238647,0.0,14.491376746189438,0.0,12.649110640673518,0.0,10.295630140987,0.0,8.426149773176359,0.0,6.855654600401044,0.0,4.898979485566356,0.0,,,,,,,,,,,,,,,,,,,,,7.106849675844546,0.0,,,,,,,,,,,,,,,,,,,,,12.917185176154138,0.0,16.34190867410465,0.0,15.806855545170455,0.0,14.265759496874777,0.0,12.556156364634813,0.0,10.665811001759337,0.0,8.529495297166973,0.0,7.052323517502764,0.0,5.880071576059305,0.0,4.053706614112289,0.0
Spert,337.52941176470586,0.0,16.97744302606229,0.0,356.754322607468,0.0,335.0,0.0,307.0,0.0,260.0,0.0,203.0,0.0,149.0,0.0,85.0,0.0,51.0,0.0,24.0,0.0,16.0,0.0,12.066917463335804,0.0,18.303005217723125,0.0,17.52141546793523,0.0,16.1245154965971,0.0,14.247806848775006,0.0,12.206555615733702,0.0,9.219544457292887,0.0,7.14142842854285,0.0,4.898979485566356,0.0,4.0,0.0,,,,,,,,,,,,,,,,,,,,,6.700199891932422,0.0,,,,,,,,,,,,,,,,,,,,,12.067180824349363,0.0,16.191470703192383,0.0,15.656041901280739,0.0,14.100210692047384,0.0,12.218091846549644,0.0,10.070267074146157,0.0,7.322143963364485,0.0,5.794673872625774,0.0,4.034127283833468,0.0,3.4447818264180055,0.0
Spgßc,440.407843137255,0.0,19.32150455462818,0.0,421.3711476109106,0.0,474.0,0.0,431.0,0.0,373.0,0.0,307.0,0.0,220.0,0.0,158.0,0.0,108.0,0.0,76.0,0.0,46.0,0.0,14.135288704492364,0.0,21.77154105707724,0.0,20.760539492026695,0.0,19.313207915827967,0.0,17.52141546793523,0.0,14.832396974191326,0.0,12.569805089976535,0.0,10.392304845413264,0.0,8.717797887081348,0.0,6.782329983125268,0.0,,,,,,,,,,,,,,,,,,,,,6.171152928104929,0.0,,,,,,,,,,,,,,,,,,,,,14.135343434508751,0.0,19.671124291018515,0.0,18.899033541841927,0.0,17.484288258454264,0.0,15.643628543915407,0.0,12.850790925638561,0.0,10.596247508124192,0.0,8.514113503860589,0.0,6.810758016512638,0.0,4.9936024879889045,0.0
Sphlt,373.5333333333333,0.0,17.973808532319417,0.0,390.29761077499955,0.0,394.0,0.0,345.0,0.0,305.0,0.0,246.0,0.0,184.0,0.0,115.0,0.0,82.0,0.0,55.0,0.0,24.0,0.0,13.262051526525248,0.0,19.849433241279208,0.0,18.57417562100671,0.0,17.46424919657298,0.0,15.684387141358123,0.0,13.564659966250536,0.0,10.723805294763608,0.0,9.055385138137417,0.0,7.416198487095663,0.0,4.898979485566356,0.0,,,,,,,,,,,,,,,,,,,,,6.632466511954295,0.0,,,,,,,,,,,,,,,,,,,,,13.262079833255159,0.0,17.762144559113302,0.0,16.84502225575678,0.0,15.573376438701692,0.0,13.779767963450142,0.0,11.57471009830761,0.0,9.02943725643026,0.0,7.802488109733973,0.0,6.690070559853076,0.0,3.97562661960152,0.0
Spilt,322.8705882352941,0.0,16.660641125318417,0.0,386.2069886856025,0.0,329.0,0.0,295.0,0.0,258.0,0.0,207.0,0.0,163.0,0.0,116.0,0.0,78.0,0.0,43.0,0.0,21.0,0.0,13.135086591678132,0.0,18.138357147217054,0.0,17.175564037317667,0.0,16.06237840420901,0.0,14.38749456993816,0.0,12.767145334803704,0.0,10.770329614269007,0.0,8.831760866327848,0.0,6.557438524302,0.0,4.58257569495584,0.0,,,,,,,,,,,,,,,,,,,,,6.22445352822616,0.0,,,,,,,,,,,,,,,,,,,,,13.13534491677515,0.0,16.053880714453594,0.0,15.373033394327729,0.0,14.172612912865649,0.0,12.461510566987595,0.0,10.807620970877247,0.0,8.896991431668217,0.0,7.329198033127171,0.0,5.824492672741083,0.0,3.845834744696564,0.0
Spind,389.8039215686275,0.0,18.307606989008022,0.0,377.3520111335189,0.0,396.0,0.0,365.0,0.0,321.0,0.0,257.0,0.0,174.0,0.0,114.0,0.0,67.0,0.0,41.0,0.0,25.0,0.0,12.85226942845893,0.0,19.8997487421324,0.0,19.1049731745428,0.0,17.916472867168917,0.0,16.0312195418814,0.0,13.19090595827292,0.0,10.677078252031311,0.0,8.18535277187245,0.0,6.4031242374328485,0.0,5.0,0.0,,,,,,,,,,,,,,,,,,,,,6.210111050315468,0.0,,,,,,,,,,,,,,,,,,,,,12.851966915551978,0.0,17.979284218917037,0.0,17.371511096637867,0.0,16.068331159356966,0.0,14.050846895376575,0.0,11.10953228793497,0.0,8.694171249993019,0.0,6.8140042298976065,0.0,5.584429594528137,0.0,4.160174285506464,0.0
Spion,360.70980392156866,0.0,17.5514889269395,0.0,358.30405169365054,0.0,361.0,0.0,327.0,0.0,288.0,0.0,222.0,0.0,153.0,0.0,94.0,0.0,52.0,0.0,24.0,0.0,16.0,0.0,12.168102270115096,0.0,19.0,0.0,18.083141320025124,0.0,16.97056274847714,0.0,14.89966442575134,0.0,12.36931687685298,0.0,9.695359714832659,0.0,7.211102550927978,0.0,4.898979485566356,0.0,4.0,0.0,,,,,,,,,,,,,,,,,,,,,4.301701943417835,0.0,,,,,,,,,,,,,,,,,,,,,12.167855698669692,0.0,17.078820109123196,0.0,16.23466823406212,0.0,15.060867264060054,0.0,12.843792204376454,0.0,10.157276357173004,0.0,7.628381197302618,0.0,5.684679246831799,0.0,4.268165008734248,0.0,3.4447818264180055,0.0
Spjlq,372.4823529411765,0.0,17.92413119363169,0.0,414.412793557462,0.0,392.0,0.0,357.0,0.0,316.0,0.0,258.0,0.0,195.0,0.0,141.0,0.0,98.0,0.0,65.0,0.0,39.0,0.0,13.973381330828065,0.0,19.79898987322333,0.0,18.894443627691185,0.0,17.776388834631177,0.0,16.06237840420901,0.0,13.96424004376894,0.0,11.874342087037917,0.0,9.899494936611665,0.0,8.06225774829855,0.0,6.244997998398398,0.0,,,,,,,,,,,,,,,,,,,,,5.463908587196354,0.0,,,,,,,,,,,,,,,,,,,,,13.973561666597542,0.0,17.869137952972604,0.0,17.158394027761542,0.0,15.904400457722513,0.0,14.137250758346545,0.0,12.02572860688246,0.0,9.990841067646826,0.0,8.387658205315219,0.0,7.132222326636288,0.0,5.02813808227162,0.0
Spjtz,341.2117647058824,0.0,17.104472166342827,0.0,387.72150356494,0.0,354.0,0.0,324.0,0.0,284.0,0.0,220.0,0.0,168.0,0.0,116.0,0.0,70.0,0.0,40.0,0.0,24.0,0.0,13.092387392270815,0.0,18.81488772222678,0.0,18.0,0.0,16.852299546352718,0.0,14.832396974191326,0.0,12.96148139681572,0.0,10.770329614269007,0.0,8.366600265340756,0.0,6.324555320336759,0.0,4.898979485566356,0.0,,,,,,,,,,,,,,,,,,,,,4.788723783276645,0.0,,,,,,,,,,,,,,,,,,,,,13.092729240938272,0.0,16.733026316170374,0.0,16.077990467619617,0.0,14.883465967557077,0.0,12.788506429199543,0.0,10.892899118265507,0.0,8.80103403909499,0.0,6.775503130316474,0.0,5.226558036130949,0.0,4.01221048821247,0.0
Spkhn,438.21176470588233,0.0,19.502457972631056,0.0,386.55643808397673,0.0,459.0,0.0,409.0,0.0,369.0,0.0,293.0,0.0,207.0,0.0,124.0,0.0,71.0,0.0,55.0,0.0,21.0,0.0,13.16418811172473,0.0,21.42428528562855,0.0,20.223748416156685,0.0,19.209372712298546,0.0,17.11724276862369,0.0,14.38749456993816,0.0,11.135528725660043,0.0,8.426149773176359,0.0,7.416198487095663,0.0,4.58257569495584,0.0,,,,,,,,,,,,,,,,,,,,,4.3994644672761885,0.0,,,,,,,,,,,,,,,,,,,,,13.16416315037937,0.0,19.50866993483991,0.0,18.58817593341662,0.0,17.36212074928487,0.0,15.123267111499212,0.0,12.239164405095089,0.0,9.230793425666782,0.0,7.259363460749004,0.0,6.645344373502025,0.0,3.649531662061686,0.0
Spnkt,396.71764705882345,0.0,18.484028663898673,0.0,374.91078687843026,0.0,408.0,0.0,368.0,0.0,328.0,0.0,259.0,0.0,187.0,0.0,108.0,0.0,64.0,0.0,42.0,0.0,18.0,0.0,12.790365072820396,0.0,20.199009876724155,0.0,19.183326093250876,0.0,18.110770276274835,0.0,16.09347693943108,0.0,13.674794331177344,0.0,10.392304845413264,0.0,8.0,0.0,6.48074069840786,0.0,4.242640687119285,0.0,,,,,,,,,,,,,,,,,,,,,4.176254594171267,0.0,,,,,,,,,,,,,,,,,,,,,12.790207173285895,0.0,18.18560849215772,0.0,17.474695368553935,0.0,16.170092115041022,0.0,14.096651235708375,0.0,11.59637087035297,0.0,8.492643463026427,0.0,6.654838049876104,0.0,5.58265181460071,0.0,3.5078993481602927,0.0
Spnkz,406.45490196078424,0.0,18.765414373905397,0.0,375.6337744625595,0.0,421.0,0.0,382.0,0.0,341.0,0.0,265.0,0.0,191.0,0.0,111.0,0.0,60.0,0.0,43.0,0.0,19.0,0.0,12.783956188205222,0.0,20.518284528683193,0.0,19.544820285692065,0.0,18.466185312619388,0.0,16.278820596099706,0.0,13.820274961085254,0.0,10.535653752852738,0.0,7.745966692414834,0.0,6.557438524302,0.0,4.358898943540674,0.0,,,,,,,,,,,,,,,,,,,,,3.780192619405215,0.0,,,,,,,,,,,,,,,,,,,,,12.78369820386691,0.0,18.620877021803175,0.0,17.85153794460053,0.0,16.499532059012996,0.0,14.23105121293425,0.0,11.68906224675261,0.0,8.549630445241146,0.0,6.4224643580344605,0.0,5.633462833224927,0.0,3.5416362257322733,0.0
Spore,351.5254901960784,0.0,17.307737733948017,0.0,346.07307275932567,0.0,351.0,0.0,317.0,0.0,271.0,0.0,205.0,0.0,140.0,0.0,76.0,0.0,46.0,0.0,20.0,0.0,16.0,0.0,11.644901705836736,0.0,18.734993995195193,0.0,17.804493814764857,0.0,16.46207763315433,0.0,14.317821063276353,0.0,11.832159566199232,0.0,8.717797887081348,0.0,6.782329983125268,0.0,4.47213595499958,0.0,4.0,0.0,,,,,,,,,,,,,,,,,,,,,5.104238522522666,0.0,,,,,,,,,,,,,,,,,,,,,11.645302705088412,0.0,16.766529960555904,0.0,15.876860867396962,0.0,14.444681844938858,0.0,12.259467611219897,0.0,9.665503858437162,0.0,6.802060150958536,0.0,5.503119465085453,0.0,3.8634479883967794,0.0,3.4447818264180055,0.0
Spott,345.2078431372549,0.0,17.08408226900821,0.0,361.6342485279943,0.0,352.0,0.0,320.0,0.0,270.0,0.0,208.0,0.0,150.0,0.0,90.0,0.0,59.0,0.0,26.0,0.0,16.0,0.0,12.230398884758625,0.0,18.76166303929372,0.0,17.88854381999832,0.0,16.431676725154983,0.0,14.422205101855956,0.0,12.24744871391589,0.0,9.486832980505138,0.0,7.681145747868608,0.0,5.0990195135927845,0.0,4.0,0.0,,,,,,,,,,,,,,,,,,,,,6.303483214758218,0.0,,,,,,,,,,,,,,,,,,,,,12.23028207147058,0.0,16.492122836212737,0.0,15.85540258588824,0.0,14.46954907657972,0.0,12.389576861349688,0.0,10.169809267218604,0.0,7.547417252934379,0.0,6.2040389871457124,0.0,4.142773827311978,0.0,3.4447818264180055,0.0
Spqlt,372.2196078431373,0.0,17.88112482882929,0.0,394.26846222999734,0.0,391.0,0.0,352.0,0.0,304.0,0.0,244.0,0.0,180.0,0.0,118.0,0.0,88.0,0.0,54.0,0.0,32.0,0.0,13.35568362745226,0.0,19.77371993328519,0.0,18.76166303929372,0.0,17.435595774162696,0.0,15.620499351813308,0.0,13.416407864998739,0.0,10.862780491200215,0.0,9.38083151964686,0.0,7.3484692283495345,0.0,5.656854249492381,0.0,,,,,,,,,,,,,,,,,,,,,6.289346095775075,0.0,,,,,,,,,,,,,,,,,,,,,13.355738890238461,0.0,17.696936345160015,0.0,16.94034545606191,0.0,15.533836205612596,0.0,13.758919630785782,0.0,11.382025467763683,0.0,9.058126099543037,0.0,7.942577067298188,0.0,6.49638908867697,0.0,4.621876694820819,0.0
Spqrl,368.07843137254906,0.0,17.824553131799057,0.0,396.8297848617625,0.0,381.0,0.0,348.0,0.0,304.0,0.0,245.0,0.0,180.0,0.0,120.0,0.0,90.0,0.0,56.0,0.0,35.0,0.0,13.443991247685966,0.0,19.519221295943137,0.0,18.65475810617763,0.0,17.435595774162696,0.0,15.652475842498529,0.0,13.416407864998739,0.0,10.954451150103322,0.0,9.486832980505138,0.0,7.483314773547883,0.0,5.916079783099616,0.0,,,,,,,,,,,,,,,,,,,,,6.734001905570917,0.0,,,,,,,,,,,,,,,,,,,,,13.444243628508916,0.0,17.586503405487075,0.0,16.843582630948482,0.0,15.494013492693027,0.0,13.74251059703409,0.0,11.31306368063985,0.0,9.126668662237666,0.0,8.025302615873498,0.0,6.51379666188749,0.0,4.794327934316432,0.0
Spreu,358.90588235294115,0.0,17.541809451018448,0.0,347.5956748278277,0.0,364.0,0.0,334.0,0.0,279.0,0.0,212.0,0.0,136.0,0.0,76.0,0.0,41.0,0.0,21.0,0.0,16.0,0.0,11.690458146659356,0.0,19.078784028338912,0.0,18.275666882497067,0.0,16.703293088490067,0.0,14.560219778561036,0.0,11.661903789690601,0.0,8.717797887081348,0.0,6.4031242374328485,0.0,4.58257569495584,0.0,4.0,0.0,,,,,,,,,,,,,,,,,,,,,3.9295102347535598,0.0,,,,,,,,,,,,,,,,,,,,,11.690368795899701,0.0,17.03782605848573,0.0,16.310112646004534,0.0,14.647410805308905,0.0,12.310148506223028,0.0,9.381651767740728,0.0,6.870517061171216,0.0,5.215214471414609,0.0,3.896310329835206,0.0,3.4447818264180055,0.0
Spril,318.7294117647059,0.0,16.59991059948226,0.0,387.1325058785737,0.0,318.0,0.0,293.0,0.0,256.0,0.0,207.0,0.0,161.0,0.0,118.0,0.0,82.0,0.0,46.0,0.0,24.0,0.0,13.188395845967406,0.0,17.832554500127006,0.0,17.11724276862369,0.0,16.0,0.0,14.38749456993816,0.0,12.68857754044952,0.0,10.862780491200215,0.0,9.055385138137417,0.0,6.782329983125268,0.0,4.898979485566356,0.0,,,,,,,,,,,,,,,,,,,,,7.178764410583776,0.0,,,,,,,,,,,,,,,,,,,,,13.188605321962056,0.0,15.92842351209794,0.0,15.343648580313468,0.0,14.029843457849955,0.0,12.431179888593967,0.0,10.673299259027349,0.0,8.973526212781996,0.0,7.468437980201395,0.0,5.8583754682025715,0.0,4.053706614112289,0.0
Sprit,317.9019607843137,0.0,16.48415734246194,0.0,369.2548611954767,0.0,315.0,0.0,289.0,0.0,249.0,0.0,198.0,0.0,150.0,0.0,101.0,0.0,65.0,0.0,28.0,0.0,16.0,0.0,12.543036524485077,0.0,17.74823934929885,0.0,17.0,0.0,15.7797338380595,0.0,14.071247279470288,0.0,12.24744871391589,0.0,10.04987562112089,0.0,8.06225774829855,0.0,5.291502622129181,0.0,4.0,0.0,,,,,,,,,,,,,,,,,,,,,7.079525252770983,0.0,,,,,,,,,,,,,,,,,,,,,12.54325910882373,0.0,15.685457085378314,0.0,15.129676358407428,0.0,13.754286274766791,0.0,12.051658946666352,0.0,10.148437051018679,0.0,8.055312895469973,0.0,6.411980398141884,0.0,4.408496226212254,0.0,3.4447818264180055,0.0
Sprkh,409.4,0.0,18.850537405515517,0.0,392.0381290613452,0.0,433.0,0.0,385.0,0.0,345.0,0.0,274.0,0.0,199.0,0.0,130.0,0.0,79.0,0.0,55.0,0.0,23.0,0.0,13.287131759855402,0.0,20.808652046684813,0.0,19.621416870348583,0.0,18.57417562100671,0.0,16.55294535724685,0.0,14.106735979665885,0.0,11.40175425099138,0.0,8.888194417315589,0.0,7.416198487095663,0.0,4.795831523312719,0.0,,,,,,,,,,,,,,,,,,,,,5.941620973647105,0.0,,,,,,,,,,,,,,,,,,,,,13.28662114788154,0.0,18.8948552115569,0.0,17.94144581548611,0.0,16.60300959369667,0.0,14.55732619270475,0.0,11.985230514539339,0.0,9.574632426493253,0.0,7.611390420871679,0.0,6.655804385465639,0.0,3.80509389434718,0.0
Spsml,399.62745098039215,0.0,18.519439582374336,0.0,439.95051658554087,0.0,429.0,0.0,377.0,0.0,330.0,0.0,280.0,0.0,226.0,0.0,169.0,0.0,130.0,0.0,92.0,0.0,68.0,0.0,14.838933633902592,0.0,20.71231517720798,0.0,19.4164878389476,0.0,18.16590212458495,0.0,16.73320053068151,0.0,15.033296378372908,0.0,13.0,0.0,11.40175425099138,0.0,9.591663046625438,0.0,8.246211251235321,0.0,,,,,,,,,,,,,,,,,,,,,4.8071729434294515,0.0,,,,,,,,,,,,,,,,,,,,,14.839198462513123,0.0,18.58393852922961,0.0,17.66480631919174,0.0,16.344463705313157,0.0,14.919971929433542,0.0,13.11825937240879,0.0,11.200601356404793,0.0,9.95280914442326,0.0,8.297322338047724,0.0,6.961743764968679,0.0
Späks,400.6235294117647,0.0,18.45020856463231,0.0,367.3576070494285,0.0,414.0,0.0,368.0,0.0,316.0,0.0,244.0,0.0,169.0,0.0,108.0,0.0,64.0,0.0,45.0,0.0,24.0,0.0,12.528932816128158,0.0,20.346989949375804,0.0,19.183326093250876,0.0,17.776388834631177,0.0,15.620499351813308,0.0,13.0,0.0,10.392304845413264,0.0,8.0,0.0,6.708203932499369,0.0,4.898979485566356,0.0,,,,,,,,,,,,,,,,,,,,,3.947961783232396,0.0,,,,,,,,,,,,,,,,,,,,,12.528775542580844,0.0,18.318892666837616,0.0,17.44380670506268,0.0,15.875880963067294,0.0,13.685560148957368,0.0,11.02668629900042,0.0,8.60851316191357,0.0,6.723430324154409,0.0,5.91436531328559,0.0,4.147471103200254,0.0
Späße,426.02745098039213,0.0,18.973777408377,0.0,392.70200532918705,0.0,446.0,0.0,404.0,0.0,346.0,0.0,278.0,0.0,196.0,0.0,135.0,0.0,91.0,0.0,60.0,0.0,36.0,0.0,13.339841262117144,0.0,21.118712081942874,0.0,20.09975124224178,0.0,18.601075237738275,0.0,16.673332000533065,0.0,14.0,0.0,11.61895003862225,0.0,9.539392014169456,0.0,7.745966692414834,0.0,6.0,0.0,,,,,,,,,,,,,,,,,,,,,5.056264425344304,0.0,,,,,,,,,,,,,,,,,,,,,13.339599120066964,0.0,19.10793190503731,0.0,18.245032748910287,0.0,16.773738385766656,0.0,14.895971321611578,0.0,12.010930338345121,0.0,9.786233094297417,0.0,7.880190575883796,0.0,6.250856109135673,0.0,4.793547951635514,0.0
Spüle,375.3019607843137,0.0,17.95330951574787,0.0,371.06402016127976,0.0,396.0,0.0,353.0,0.0,302.0,0.0,236.0,0.0,159.0,0.0,92.0,0.0,61.0,0.0,42.0,0.0,27.0,0.0,12.55531027138042,0.0,19.8997487421324,0.0,18.788294228055936,0.0,17.378147196982766,0.0,15.362291495737216,0.0,12.609520212918492,0.0,9.591663046625438,0.0,7.810249675906654,0.0,6.48074069840786,0.0,5.196152422706632,0.0,,,,,,,,,,,,,,,,,,,,,4.824613934095498,0.0,,,,,,,,,,,,,,,,,,,,,12.555713800627172,0.0,17.94693622540391,0.0,16.979222508829025,0.0,15.476072857655195,0.0,13.363137095431538,0.0,10.488545939661558,0.0,8.019369077367807,0.0,6.726244638231105,0.0,5.869903839890085,0.0,4.436881468240223,0.0
Sqfgt,390.08627450980396,0.0,18.205501278915914,0.0,392.5528917721568,0.0,414.0,0.0,366.0,0.0,317.0,0.0,242.0,0.0,177.0,0.0,126.0,0.0,86.0,0.0,54.0,0.0,34.0,0.0,13.269114939926855,0.0,20.346989949375804,0.0,19.131126469708992,0.0,17.804493814764857,0.0,15.556349186104045,0.0,13.30413469565007,0.0,11.224972160321824,0.0,9.273618495495704,0.0,7.3484692283495345,0.0,5.830951894845301,0.0,,,,,,,,,,,,,,,,,,,,,4.907091754109125,0.0,,,,,,,,,,,,,,,,,,,,,13.269264039598658,0.0,18.139550353308525,0.0,17.27271988846792,0.0,15.95847106958507,0.0,13.5538331435551,0.0,11.359125460002138,0.0,9.289707021107139,0.0,7.628287416326397,0.0,5.955857231553794,0.0,4.156128711531548,0.0
Sqnkq,434.25098039215686,0.0,19.334088200671022,0.0,383.5012261988643,0.0,458.0,0.0,412.0,0.0,363.0,0.0,289.0,0.0,195.0,0.0,112.0,0.0,68.0,0.0,50.0,0.0,24.0,0.0,12.99388852644636,0.0,21.400934559032695,0.0,20.29778313018444,0.0,19.05255888325765,0.0,17.0,0.0,13.96424004376894,0.0,10.583005244258363,0.0,8.246211251235321,0.0,7.0710678118654755,0.0,4.898979485566356,0.0,,,,,,,,,,,,,,,,,,,,,6.642726970264855,0.0,,,,,,,,,,,,,,,,,,,,,12.993737481084201,0.0,19.523099467041074,0.0,18.593554879673096,0.0,17.191904724609973,0.0,14.994579099224882,0.0,11.929088039903167,0.0,8.639408923158484,0.0,6.930744563309199,0.0,6.199859262947156,0.0,3.6725859027195042,0.0
Sqtzt,338.30196078431374,0.0,16.964886730427644,0.0,362.54177445176026,0.0,349.0,0.0,313.0,0.0,266.0,0.0,198.0,0.0,143.0,0.0,90.0,0.0,52.0,0.0,24.0,0.0,11.0,0.0,12.203811594383831,0.0,18.681541692269406,0.0,17.69180601295413,0.0,16.30950643030009,0.0,14.071247279470288,0.0,11.958260743101398,0.0,9.486832980505138,0.0,7.211102550927978,0.0,4.898979485566356,0.0,3.3166247903554,0.0,,,,,,,,,,,,,,,,,,,,,4.964809209510873,0.0,,,,,,,,,,,,,,,,,,,,,12.203797197751248,0.0,16.446301160015295,0.0,15.635725419605157,0.0,14.340142631988332,0.0,11.968173670020755,0.0,9.884663207600035,0.0,7.423955507556957,0.0,5.595969345050112,0.0,3.8265582529369553,0.0,2.556069434846236,0.0
Srlnt,309.74117647058824,0.0,16.332647397502633,0.0,367.0561133113576,0.0,302.0,0.0,281.0,0.0,246.0,0.0,197.0,0.0,143.0,0.0,100.0,0.0,57.0,0.0,27.0,0.0,5.0,0.0,12.507464469956156,0.0,17.378147196982766,0.0,16.76305461424021,0.0,15.684387141358123,0.0,14.035668847618199,0.0,11.958260743101398,0.0,10.0,0.0,7.54983443527075,0.0,5.196152422706632,0.0,2.23606797749979,0.0,,,,,,,,,,,,,,,,,,,,,3.531561651201438,0.0,,,,,,,,,,,,,,,,,,,,,12.507185395931941,0.0,15.332470390106652,0.0,14.970930277689074,0.0,13.741457390856578,0.0,11.95996627330977,0.0,9.814688424655971,0.0,7.944176408258201,0.0,5.940499273886766,0.0,4.356508234625693,0.0,1.728702033370433,0.0
Srmfl,360.2627450980392,0.0,17.621935493424377,0.0,452.0407283221699,0.0,379.0,0.0,340.0,0.0,307.0,0.0,265.0,0.0,226.0,0.0,183.0,0.0,142.0,0.0,93.0,0.0,59.0,0.0,15.209365692734108,0.0,19.467922333931785,0.0,18.439088914585774,0.0,17.52141546793523,0.0,16.278820596099706,0.0,15.033296378372908,0.0,13.527749258468683,0.0,11.916375287812984,0.0,9.643650760992955,0.0,7.681145747868608,0.0,,,,,,,,,,,,,,,,,,,,,5.812012884109076,0.0,,,,,,,,,,,,,,,,,,,,,15.209398544860997,0.0,17.417363192614477,0.0,16.648128799420384,0.0,15.76102307567841,0.0,14.484957770700438,0.0,13.143775903672255,0.0,11.662276951457487,0.0,10.286595151522794,0.0,8.236128741165095,0.0,6.371568830031488,0.0
Srßgm,459.5254901960784,0.0,19.791563995362903,0.0,488.8898648265581,0.0,515.0,0.0,464.0,0.0,406.0,0.0,349.0,0.0,279.0,0.0,221.0,0.0,168.0,0.0,115.0,0.0,75.0,0.0,16.09456485422856,0.0,22.693611435820433,0.0,21.540659228538015,0.0,20.149441679609886,0.0,18.681541692269406,0.0,16.703293088490067,0.0,14.866068747318506,0.0,12.96148139681572,0.0,10.723805294763608,0.0,8.660254037844387,0.0,,,,,,,,,,,,,,,,,,,,,12.919878905899798,0.0,,,,,,,,,,,,,,,,,,,,,16.094120249458907,0.0,20.477673772254477,0.0,19.628436497640365,0.0,18.36775329565118,0.0,16.836787166883823,0.0,14.800119753851485,0.0,12.862755858591537,0.0,10.922672796665314,0.0,8.614854969052804,0.0,6.841000650895811,0.0
Ssnkt,355.8941176470588,0.0,17.43227505989786,0.0,355.9821137487071,0.0,360.0,0.0,322.0,0.0,283.0,0.0,221.0,0.0,158.0,0.0,87.0,0.0,44.0,0.0,24.0,0.0,3.0,0.0,12.10062978931809,0.0,18.973665961010276,0.0,17.944358444926362,0.0,16.822603841260722,0.0,14.866068747318506,0.0,12.569805089976535,0.0,9.327379053088816,0.0,6.6332495807108,0.0,4.898979485566356,0.0,1.7320508075688772,0.0,,,,,,,,,,,,,,,,,,,,,5.305496429170734,0.0,,,,,,,,,,,,,,,,,,,,,12.100047799571643,0.0,16.883042803506093,0.0,16.17444101327637,0.0,14.86651224473293,0.0,12.800092766761274,0.0,10.40992970317381,0.0,7.230829947455363,0.0,5.140202334328681,0.0,4.0772925911211395,0.0,0.7687948332748952,0.0
Ssphr,370.56862745098044,0.0,17.832899023481833,0.0,364.996024167618,0.0,375.0,0.0,331.0,0.0,294.0,0.0,230.0,0.0,156.0,0.0,97.0,0.0,53.0,0.0,37.0,0.0,17.0,0.0,12.379736266941835,0.0,19.364916731037084,0.0,18.193405398660254,0.0,17.146428199482248,0.0,15.165750888103101,0.0,12.489995996796797,0.0,9.848857801796104,0.0,7.280109889280518,0.0,6.082762530298219,0.0,4.123105625617661,0.0,,,,,,,,,,,,,,,,,,,,,5.822916840070861,0.0,,,,,,,,,,,,,,,,,,,,,12.3794039105202,0.0,17.297752772357565,0.0,16.347738152686947,0.0,15.13562757701936,0.0,13.065307896250594,0.0,10.312463436403414,0.0,7.867366675961269,0.0,6.096262209750342,0.0,5.399444666935434,0.0,3.403829709578397,0.0
Ssthr,327.74117647058824,0.0,16.716254719792293,0.0,356.1500916544501,0.0,332.0,0.0,293.0,0.0,255.0,0.0,199.0,0.0,132.0,0.0,86.0,0.0,44.0,0.0,21.0,0.0,3.0,0.0,11.996556651877684,0.0,18.2208671582886,0.0,17.11724276862369,0.0,15.968719422671311,0.0,14.106735979665885,0.0,11.489125293076057,0.0,9.273618495495704,0.0,6.6332495807108,0.0,4.58257569495584,0.0,1.7320508075688772,0.0,,,,,,,,,,,,,,,,,,,,,4.461723772667823,0.0,,,,,,,,,,,,,,,,,,,,,11.996285009394533,0.0,15.963109918876228,0.0,15.088753372284556,0.0,13.962764760347996,0.0,11.93210593169829,0.0,9.32041079928448,0.0,7.17885715910641,0.0,5.254579199692306,0.0,3.9561041670843413,0.0,0.7687948332748952,0.0
Staat,318.6745098039216,0.0,16.317624911040475,0.0,343.71193748599467,0.0,316.0,0.0,282.0,0.0,233.0,0.0,175.0,0.0,128.0,0.0,83.0,0.0,42.0,0.0,12.0,0.0,3.0,0.0,11.676304920442854,0.0,17.776388834631177,0.0,16.792855623746664,0.0,15.264337522473747,0.0,13.228756555322953,0.0,11.313708498984761,0.0,9.1104335791443,0.0,6.48074069840786,0.0,3.4641016151377544,0.0,1.7320508075688772,0.0,,,,,,,,,,,,,,,,,,,,,2.6808737437503183,0.0,,,,,,,,,,,,,,,,,,,,,11.676771656374166,0.0,15.436245785219633,0.0,14.760334097812002,0.0,13.237860489873846,0.0,11.133150793249904,0.0,9.149110254725578,0.0,7.038699206037772,0.0,4.786987146868532,0.0,2.370832831032601,0.0,1.079437143282705,0.0
Stall,305.1843137254902,0.0,16.1793970020832,0.0,386.87406624497464,0.0,311.0,0.0,279.0,0.0,240.0,0.0,191.0,0.0,154.0,0.0,115.0,0.0,79.0,0.0,46.0,0.0,16.0,0.0,13.196695933805207,0.0,17.635192088548397,0.0,16.703293088490067,0.0,15.491933384829668,0.0,13.820274961085254,0.0,12.409673645990857,0.0,10.723805294763608,0.0,8.888194417315589,0.0,6.782329983125268,0.0,4.0,0.0,,,,,,,,,,,,,,,,,,,,,3.0518970810261665,0.0,,,,,,,,,,,,,,,,,,,,,13.196477521099547,0.0,15.540255415598034,0.0,14.843034826177256,0.0,13.617103489213807,0.0,11.932702521164456,0.0,10.480568941829251,0.0,8.921042969606846,0.0,7.378220082180697,0.0,5.9272455057502595,0.0,2.940876046459708,0.0
Stann,352.8705882352941,0.0,17.322819098368544,0.0,340.4969174947961,0.0,345.0,0.0,319.0,0.0,277.0,0.0,209.0,0.0,142.0,0.0,76.0,0.0,31.0,0.0,9.0,0.0,3.0,0.0,11.610310390290756,0.0,18.57417562100671,0.0,17.86057109949175,0.0,16.64331697709324,0.0,14.45683229480096,0.0,11.916375287812984,0.0,8.717797887081348,0.0,5.5677643628300215,0.0,3.0,0.0,1.7320508075688772,0.0,,,,,,,,,,,,,,,,,,,,,6.2481874099947445,0.0,,,,,,,,,,,,,,,,,,,,,11.610807055863157,0.0,16.623385516086447,0.0,16.038027745997883,0.0,14.757343480591764,0.0,12.357934422355436,0.0,9.618549681181523,0.0,6.560250886724847,0.0,3.9361741636265593,0.0,2.1278106519521787,0.0,1.079437143282705,0.0
Starm,364.97254901960787,0.0,17.603640705546262,0.0,422.0005817830362,0.0,388.0,0.0,348.0,0.0,301.0,0.0,249.0,0.0,203.0,0.0,148.0,0.0,108.0,0.0,63.0,0.0,49.0,0.0,14.259140533174929,0.0,19.697715603592208,0.0,18.65475810617763,0.0,17.349351572897472,0.0,15.7797338380595,0.0,14.247806848775006,0.0,12.165525060596439,0.0,10.392304845413264,0.0,7.937253933193772,0.0,7.0,0.0,,,,,,,,,,,,,,,,,,,,,10.290538792189604,0.0,,,,,,,,,,,,,,,,,,,,,14.259278271926942,0.0,17.434793392757914,0.0,16.633489155162152,0.0,15.493473602860721,0.0,13.903336317418967,0.0,12.346239795723223,0.0,10.319021627423774,0.0,8.836160789420088,0.0,6.677364525318073,0.0,5.92239974340412,0.0
Starn,324.05882352941177,0.0,16.585444070548757,0.0,347.9070353902263,0.0,316.0,0.0,290.0,0.0,251.0,0.0,192.0,0.0,142.0,0.0,79.0,0.0,39.0,0.0,9.0,0.0,3.0,0.0,11.806623927797565,0.0,17.776388834631177,0.0,17.029386365926403,0.0,15.84297951775486,0.0,13.856406460551018,0.0,11.916375287812984,0.0,8.888194417315589,0.0,6.244997998398398,0.0,3.0,0.0,1.7320508075688772,0.0,,,,,,,,,,,,,,,,,,,,,3.915716802727429,0.0,,,,,,,,,,,,,,,,,,,,,11.807270627451569,0.0,15.84350949173961,0.0,15.132510284840308,0.0,13.921256786606879,0.0,11.76643916359186,0.0,9.653791441816551,0.0,6.781958162476307,0.0,4.605050220252452,0.0,2.1278106519521787,0.0,1.079437143282705,0.0
Stars,301.3921568627451,0.0,15.90276055144132,0.0,340.3331035897762,0.0,296.0,0.0,264.0,0.0,217.0,0.0,165.0,0.0,118.0,0.0,72.0,0.0,37.0,0.0,9.0,0.0,3.0,0.0,11.487017905681478,0.0,17.204650534085253,0.0,16.24807680927192,0.0,14.730919862656235,0.0,12.84523257866513,0.0,10.862780491200215,0.0,8.48528137423857,0.0,6.082762530298219,0.0,3.0,0.0,1.7320508075688772,0.0,,,,,,,,,,,,,,,,,,,,,2.6304803255176012,0.0,,,,,,,,,,,,,,,,,,,,,11.487286786019707,0.0,15.01446261286868,0.0,14.186248440878236,0.0,12.679755453803672,0.0,10.697695185819127,0.0,8.686581486727773,0.0,6.452652574292156,0.0,4.543759840855882,0.0,2.1278106519521787,0.0,1.079437143282705,0.0
Start,299.38823529411764,0.0,15.877461362435993,0.0,353.6800995105458,0.0,295.0,0.0,267.0,0.0,226.0,0.0,174.0,0.0,132.0,0.0,83.0,0.0,47.0,0.0,12.0,0.0,3.0,0.0,11.97110519583902,0.0,17.175564037317667,0.0,16.34013463836819,0.0,15.033296378372908,0.0,13.19090595827292,0.0,11.489125293076057,0.0,9.1104335791443,0.0,6.855654600401044,0.0,3.4641016151377544,0.0,1.7320508075688772,0.0,,,,,,,,,,,,,,,,,,,,,3.00375068361104,0.0,,,,,,,,,,,,,,,,,,,,,11.971242628987115,0.0,14.903397132147479,0.0,14.271906681755654,0.0,12.979870428518128,0.0,11.105287894486665,0.0,9.329900594820112,0.0,7.0545931346150565,0.0,5.163564101843928,0.0,2.370832831032601,0.0,1.079437143282705,0.0
Stcld,331.79999999999995,0.0,16.823790390589675,0.0,386.4240831180331,0.0,344.0,0.0,309.0,0.0,270.0,0.0,219.0,0.0,163.0,0.0,111.0,0.0,74.0,0.0,42.0,0.0,17.0,0.0,13.061739235720351,0.0,18.547236990991408,0.0,17.578395831246947,0.0,16.431676725154983,0.0,14.798648586948742,0.0,12.767145334803704,0.0,10.535653752852738,0.0,8.602325267042627,0.0,6.48074069840786,0.0,4.123105625617661,0.0,,,,,,,,,,,,,,,,,,,,,7.743330850541111,0.0,,,,,,,,,,,,,,,,,,,,,13.061636699438193,0.0,16.424042523217594,0.0,15.63775756281355,0.0,14.492034954823595,0.0,12.806140846394,0.0,10.758750294163578,0.0,8.718632538167618,0.0,7.161248305729555,0.0,5.6643494093751405,0.0,3.085985386199092,0.0
Steak,354.82352941176464,0.0,17.37699761570167,0.0,363.4757033365455,0.0,367.0,0.0,329.0,0.0,276.0,0.0,217.0,0.0,160.0,0.0,100.0,0.0,52.0,0.0,28.0,0.0,8.0,0.0,12.323206008808608,0.0,19.157244060668017,0.0,18.138357147217054,0.0,16.61324772583615,0.0,14.730919862656235,0.0,12.649110640673518,0.0,10.0,0.0,7.211102550927978,0.0,5.291502622129181,0.0,2.8284271247461903,0.0,,,,,,,,,,,,,,,,,,,,,7.832658834038375,0.0,,,,,,,,,,,,,,,,,,,,,12.323326757698048,0.0,17.03400345630574,0.0,16.25846565168037,0.0,14.609491446804224,0.0,12.667029508148659,0.0,10.49988539527433,0.0,8.148474013951626,0.0,5.738725132438142,0.0,4.4174707719723365,0.0,1.8258002240041797,0.0
Steig,341.5882352941176,0.0,17.030221232186744,0.0,378.4666642369465,0.0,361.0,0.0,323.0,0.0,267.0,0.0,213.0,0.0,160.0,0.0,103.0,0.0,62.0,0.0,37.0,0.0,19.0,0.0,12.765091448044325,0.0,19.0,0.0,17.97220075561143,0.0,16.34013463836819,0.0,14.594519519326424,0.0,12.649110640673518,0.0,10.14889156509222,0.0,7.874007874011811,0.0,6.082762530298219,0.0,4.358898943540674,0.0,,,,,,,,,,,,,,,,,,,,,8.171051985692921,0.0,,,,,,,,,,,,,,,,,,,,,12.76451447359698,0.0,16.83864087521838,0.0,16.109277241343396,0.0,14.38877269044774,0.0,12.570453718713987,0.0,10.623263905803457,0.0,8.249166665738283,0.0,6.141626289252057,0.0,4.507037569453019,0.0,2.823943373825532,0.0
Steiß,347.4588235294118,0.0,17.137700896067585,0.0,406.08602478854687,0.0,366.0,0.0,339.0,0.0,285.0,0.0,242.0,0.0,189.0,0.0,134.0,0.0,89.0,0.0,53.0,0.0,22.0,0.0,13.701629029502097,0.0,19.131126469708992,0.0,18.411952639521967,0.0,16.881943016134134,0.0,15.556349186104045,0.0,13.74772708486752,0.0,11.575836902790225,0.0,9.433981132056603,0.0,7.280109889280518,0.0,4.69041575982343,0.0,,,,,,,,,,,,,,,,,,,,,8.775203268523816,0.0,,,,,,,,,,,,,,,,,,,,,13.701102753685687,0.0,17.002819304515953,0.0,16.47317924935699,0.0,15.021807675274749,0.0,13.698193762828675,0.0,11.840011916017325,0.0,9.719889819659102,0.0,7.5803092801584375,0.0,5.487523891230626,0.0,3.065025177180639,0.0
Stern,319.37254901960785,0.0,16.511742236363887,0.0,348.2943193138469,0.0,314.0,0.0,289.0,0.0,247.0,0.0,194.0,0.0,142.0,0.0,73.0,0.0,34.0,0.0,10.0,0.0,3.0,0.0,11.759465523120705,0.0,17.72004514666935,0.0,17.0,0.0,15.716233645501712,0.0,13.92838827718412,0.0,11.916375287812984,0.0,8.54400374531753,0.0,5.830951894845301,0.0,3.1622776601683795,0.0,1.7320508075688772,0.0,,,,,,,,,,,,,,,,,,,,,3.8362446365221308,0.0,,,,,,,,,,,,,,,,,,,,,11.759811977614829,0.0,15.729918252755411,0.0,15.09527458751068,0.0,13.756256210156677,0.0,11.846143246406529,0.0,9.643377275893538,0.0,6.5395112030121645,0.0,4.319110853542627,0.0,2.1868825926463273,0.0,1.079437143282705,0.0
Sters,296.70588235294116,0.0,15.82587974866801,0.0,340.7203875133968,0.0,294.0,0.0,263.0,0.0,213.0,0.0,167.0,0.0,118.0,0.0,66.0,0.0,32.0,0.0,10.0,0.0,3.0,0.0,11.438541916803445,0.0,17.146428199482248,0.0,16.217274740226856,0.0,14.594519519326424,0.0,12.922847983320086,0.0,10.862780491200215,0.0,8.12403840463596,0.0,5.656854249492381,0.0,3.1622776601683795,0.0,1.7320508075688772,0.0,,,,,,,,,,,,,,,,,,,,,2.73741407729739,0.0,,,,,,,,,,,,,,,,,,,,,11.438424603956063,0.0,14.904475454515833,0.0,14.146629691349593,0.0,12.497987103492838,0.0,10.771701094218896,0.0,8.670761262931329,0.0,6.198551367220633,0.0,4.254278202954244,0.0,2.1868825926463273,0.0,1.079437143282705,0.0
Stetz,308.5803921568628,0.0,16.19122749364189,0.0,356.2830913061904,0.0,317.0,0.0,287.0,0.0,237.0,0.0,183.0,0.0,136.0,0.0,80.0,0.0,40.0,0.0,17.0,0.0,4.0,0.0,11.98239751667695,0.0,17.804493814764857,0.0,16.941074346097416,0.0,15.394804318340652,0.0,13.527749258468683,0.0,11.661903789690601,0.0,8.94427190999916,0.0,6.324555320336759,0.0,4.123105625617661,0.0,2.0,0.0,,,,,,,,,,,,,,,,,,,,,2.2680002284178142,0.0,,,,,,,,,,,,,,,,,,,,,11.982289425958577,0.0,15.509413010256484,0.0,14.8369056188379,0.0,13.3557387021009,0.0,11.393195726628106,0.0,9.484682010476657,0.0,6.980410342795386,0.0,4.779997256651114,0.0,2.7519781287326417,0.0,1.1853776561286593,0.0
Stfns,324.6666666666667,0.0,16.57455144125059,0.0,354.9641332782592,0.0,324.0,0.0,290.0,0.0,248.0,0.0,192.0,0.0,134.0,0.0,91.0,0.0,49.0,0.0,23.0,0.0,10.0,0.0,12.114141726260117,0.0,18.0,0.0,17.029386365926403,0.0,15.748015748023622,0.0,13.856406460551018,0.0,11.575836902790225,0.0,9.539392014169456,0.0,7.0,0.0,4.795831523312719,0.0,3.1622776601683795,0.0,,,,,,,,,,,,,,,,,,,,,3.56736437548737,0.0,,,,,,,,,,,,,,,,,,,,,12.11396821985793,0.0,15.810868248681174,0.0,15.081858407026802,0.0,13.80548782101624,0.0,11.735394122750083,0.0,9.462116165279452,0.0,7.568770395258872,0.0,5.597612641880922,0.0,3.909490936221862,0.0,2.258771147967575,0.0
Stftx,310.18823529411765,0.0,16.18404528538239,0.0,380.84825127627755,0.0,317.0,0.0,286.0,0.0,248.0,0.0,199.0,0.0,160.0,0.0,109.0,0.0,67.0,0.0,29.0,0.0,10.0,0.0,12.932499780999224,0.0,17.804493814764857,0.0,16.911534525287763,0.0,15.748015748023622,0.0,14.106735979665885,0.0,12.649110640673518,0.0,10.44030650891055,0.0,8.18535277187245,0.0,5.385164807134504,0.0,3.1622776601683795,0.0,,,,,,,,,,,,,,,,,,,,,2.975381473513708,0.0,,,,,,,,,,,,,,,,,,,,,12.932617681981807,0.0,15.490056729164223,0.0,14.822269260939656,0.0,13.771793605106701,0.0,11.943551417973744,0.0,10.474223758637375,0.0,8.420836333295012,0.0,6.527266694536903,0.0,4.147932028716774,0.0,2.258771147967575,0.0
Stgßk,438.9176470588235,0.0,19.340786854209064,0.0,445.77954094483687,0.0,488.0,0.0,441.0,0.0,385.0,0.0,323.0,0.0,244.0,0.0,182.0,0.0,122.0,0.0,83.0,0.0,38.0,0.0,14.84687939770459,0.0,22.090722034374522,0.0,21.0,0.0,19.621416870348583,0.0,17.97220075561143,0.0,15.620499351813308,0.0,13.490737563232042,0.0,11.045361017187261,0.0,9.1104335791443,0.0,6.164414002968976,0.0,,,,,,,,,,,,,,,,,,,,,10.200429347517815,0.0,,,,,,,,,,,,,,,,,,,,,14.846855127187704,0.0,19.914859437660027,0.0,19.0767504083788,0.0,17.798767529962916,0.0,16.093268248094102,0.0,13.618647690519756,0.0,11.496919625412453,0.0,8.969069701486692,0.0,7.125317216143354,0.0,4.053592055720371,0.0
Sthst,331.8823529411765,0.0,16.776564089611014,0.0,362.22402966418485,0.0,349.0,0.0,296.0,0.0,252.0,0.0,204.0,0.0,146.0,0.0,83.0,0.0,51.0,0.0,30.0,0.0,6.0,0.0,12.256274851836796,0.0,18.681541692269406,0.0,17.204650534085253,0.0,15.874507866387544,0.0,14.2828568570857,0.0,12.083045973594572,0.0,9.1104335791443,0.0,7.14142842854285,0.0,5.477225575051661,0.0,2.449489742783178,0.0,,,,,,,,,,,,,,,,,,,,,4.295442620364443,0.0,,,,,,,,,,,,,,,,,,,,,12.256121561223496,0.0,16.27327296631667,0.0,15.191871829379325,0.0,13.891843030869062,0.0,12.207801827063546,0.0,9.89816230646081,0.0,7.330445438331142,0.0,5.7820083561865925,0.0,4.50648162464379,0.0,1.4752769491025843,0.0
Stich,320.20784313725494,0.0,16.51256136443714,0.0,371.07677565312247,0.0,332.0,0.0,291.0,0.0,255.0,0.0,203.0,0.0,148.0,0.0,98.0,0.0,52.0,0.0,29.0,0.0,8.0,0.0,12.545311593606794,0.0,18.2208671582886,0.0,17.05872210923198,0.0,15.968719422671311,0.0,14.247806848775006,0.0,12.165525060596439,0.0,9.899494936611665,0.0,7.211102550927978,0.0,5.385164807134504,0.0,2.8284271247461903,0.0,,,,,,,,,,,,,,,,,,,,,7.148291498858578,0.0,,,,,,,,,,,,,,,,,,,,,12.545246206267146,0.0,16.10385868866828,0.0,15.117759098060196,0.0,13.99002387019527,0.0,12.205366646845762,0.0,10.032496099435157,0.0,7.9977931128847874,0.0,5.857174202784568,0.0,4.689010002075674,0.0,1.8258002240041797,0.0
Stieg,341.5882352941177,0.0,17.030221232186744,0.0,374.42402102518014,0.0,362.0,0.0,318.0,0.0,266.0,0.0,210.0,0.0,148.0,0.0,101.0,0.0,60.0,0.0,36.0,0.0,19.0,0.0,12.617146987261018,0.0,19.026297590440446,0.0,17.832554500127006,0.0,16.30950643030009,0.0,14.491376746189438,0.0,12.165525060596439,0.0,10.04987562112089,0.0,7.745966692414834,0.0,6.0,0.0,4.358898943540674,0.0,,,,,,,,,,,,,,,,,,,,,9.878812390737357,0.0,,,,,,,,,,,,,,,,,,,,,12.617023927442052,0.0,16.76813506582627,0.0,15.83893524642723,0.0,14.33551535339027,0.0,12.394121889545323,0.0,10.167427877600538,0.0,8.17173010665115,0.0,6.061219402778153,0.0,4.492264218537227,0.0,2.823943373825532,0.0
Stiel,290.5019607843137,0.0,15.770532529710755,0.0,372.1425541220204,0.0,294.0,0.0,262.0,0.0,223.0,0.0,180.0,0.0,131.0,0.0,96.0,0.0,60.0,0.0,35.0,0.0,11.0,0.0,12.636202150877716,0.0,17.146428199482248,0.0,16.186414056238647,0.0,14.933184523068078,0.0,13.416407864998739,0.0,11.445523142259598,0.0,9.797958971132712,0.0,7.745966692414834,0.0,5.916079783099616,0.0,3.3166247903554,0.0,,,,,,,,,,,,,,,,,,,,,3.2701705577514635,0.0,,,,,,,,,,,,,,,,,,,,,12.635986867327992,0.0,14.896725106529429,0.0,14.13902854546453,0.0,12.952610599306386,0.0,11.326301853425225,0.0,9.455973251897046,0.0,8.012519349019648,0.0,6.260190524697626,0.0,4.907470167350562,0.0,2.3938056201036146,0.0
Stier,285.53333333333336,0.0,15.583971793322,0.0,352.9826007726509,0.0,282.0,0.0,253.0,0.0,216.0,0.0,173.0,0.0,117.0,0.0,77.0,0.0,39.0,0.0,14.0,0.0,3.0,0.0,11.886991930337842,0.0,16.792855623746664,0.0,15.905973720586866,0.0,14.696938456699069,0.0,13.152946437965905,0.0,10.816653826391969,0.0,8.774964387392123,0.0,6.244997998398398,0.0,3.7416573867739413,0.0,1.7320508075688772,0.0,,,,,,,,,,,,,,,,,,,,,3.3009931175263034,0.0,,,,,,,,,,,,,,,,,,,,,11.887069677372118,0.0,14.536170159224048,0.0,13.784439782489175,0.0,12.625773271702176,0.0,10.919527287833903,0.0,8.671332393550285,0.0,6.8045577486459035,0.0,4.636473627079864,0.0,2.8403182571080787,0.0,1.079437143282705,0.0
Stiet,289.6745098039215,0.0,15.648645553238897,0.0,354.2649094389233,0.0,291.0,0.0,258.0,0.0,216.0,0.0,171.0,0.0,120.0,0.0,79.0,0.0,43.0,0.0,17.0,0.0,3.0,0.0,11.961086282712072,0.0,17.05872210923198,0.0,16.06237840420901,0.0,14.696938456699069,0.0,13.076696830622021,0.0,10.954451150103322,0.0,8.888194417315589,0.0,6.557438524302,0.0,4.123105625617661,0.0,1.7320508075688772,0.0,,,,,,,,,,,,,,,,,,,,,3.0241505420477215,0.0,,,,,,,,,,,,,,,,,,,,,11.960949142838759,0.0,14.627669228051271,0.0,13.904102093493451,0.0,12.661867382787747,0.0,10.924941697291931,0.0,8.871452791401092,0.0,6.984927417944955,0.0,4.959058719529634,0.0,3.0268252866975205,0.0,1.079437143282705,0.0
Stift,288.8235294117647,0.0,15.624797176692065,0.0,380.16710401632747,0.0,292.0,0.0,259.0,0.0,226.0,0.0,182.0,0.0,148.0,0.0,109.0,0.0,70.0,0.0,31.0,0.0,10.0,0.0,12.929424637871772,0.0,17.08800749063506,0.0,16.09347693943108,0.0,15.033296378372908,0.0,13.490737563232042,0.0,12.165525060596439,0.0,10.44030650891055,0.0,8.366600265340756,0.0,5.5677643628300215,0.0,3.1622776601683795,0.0,,,,,,,,,,,,,,,,,,,,,3.5364960120614213,0.0,,,,,,,,,,,,,,,,,,,,,12.929134157252761,0.0,14.806065913298816,0.0,14.05090257632512,0.0,13.118044337234027,0.0,11.472700262547372,0.0,10.14637479601634,0.0,8.489633944759765,0.0,6.666307362060206,0.0,4.484080392301776,0.0,2.2682246147139695,0.0
Stirn,299.7450980392157,0.0,16.004108949515864,0.0,362.4306633406495,0.0,295.0,0.0,269.0,0.0,238.0,0.0,190.0,0.0,145.0,0.0,89.0,0.0,46.0,0.0,13.0,0.0,3.0,0.0,12.286807065681684,0.0,17.175564037317667,0.0,16.401219466856727,0.0,15.427248620541512,0.0,13.784048752090222,0.0,12.041594578792296,0.0,9.433981132056603,0.0,6.782329983125268,0.0,3.605551275463989,0.0,1.7320508075688772,0.0,,,,,,,,,,,,,,,,,,,,,4.734419079270421,0.0,,,,,,,,,,,,,,,,,,,,,12.287249962117139,0.0,15.213768354643136,0.0,14.470422196061707,0.0,13.50141162646645,0.0,11.720559814388873,0.0,9.837163716131956,0.0,7.343315958160199,0.0,5.050094892154386,0.0,2.7952090703016084,0.0,1.079437143282705,0.0
Stkbs,371.9176470588235,0.0,17.74183742115838,0.0,374.16047519930413,0.0,396.0,0.0,353.0,0.0,304.0,0.0,231.0,0.0,166.0,0.0,105.0,0.0,57.0,0.0,37.0,0.0,8.0,0.0,12.605521733300233,0.0,19.8997487421324,0.0,18.788294228055936,0.0,17.435595774162696,0.0,15.198684153570664,0.0,12.884098726725126,0.0,10.246950765959598,0.0,7.54983443527075,0.0,6.082762530298219,0.0,2.8284271247461903,0.0,,,,,,,,,,,,,,,,,,,,,5.483286270159034,0.0,,,,,,,,,,,,,,,,,,,,,12.605531231872156,0.0,17.746055301013964,0.0,16.886155006892086,0.0,15.462625782895081,0.0,13.087228758384278,0.0,10.87847335055281,0.0,8.456523981458602,0.0,6.010154480817349,0.0,4.990215627114439,0.0,1.6169195818235782,0.0
Stlfn,323.4901960784314,0.0,16.66557320519139,0.0,384.7140070677864,0.0,326.0,0.0,295.0,0.0,263.0,0.0,209.0,0.0,169.0,0.0,117.0,0.0,74.0,0.0,40.0,0.0,15.0,0.0,13.1395615792441,0.0,18.05547008526779,0.0,17.175564037317667,0.0,16.217274740226856,0.0,14.45683229480096,0.0,13.0,0.0,10.816653826391969,0.0,8.602325267042627,0.0,6.324555320336759,0.0,3.872983346207417,0.0,,,,,,,,,,,,,,,,,,,,,5.443159154723793,0.0,,,,,,,,,,,,,,,,,,,,,13.139413572133572,0.0,16.117353947309642,0.0,15.38140095073716,0.0,14.456870043897757,0.0,12.54031097322986,0.0,10.961686775281693,0.0,8.947820511389926,0.0,7.118892330856383,0.0,5.513476928432367,0.0,2.8533203893765715,0.0
Stlll,290.8666666666667,0.0,15.92015399877989,0.0,411.7176613671762,0.0,303.0,0.0,271.0,0.0,239.0,0.0,198.0,0.0,168.0,0.0,137.0,0.0,98.0,0.0,62.0,0.0,21.0,0.0,13.96821717084533,0.0,17.406895185529212,0.0,16.46207763315433,0.0,15.459624833740307,0.0,14.071247279470288,0.0,12.96148139681572,0.0,11.704699910719626,0.0,9.899494936611665,0.0,7.874007874011811,0.0,4.58257569495584,0.0,,,,,,,,,,,,,,,,,,,,,3.504037419450257,0.0,,,,,,,,,,,,,,,,,,,,,13.967789630414638,0.0,15.323222382617093,0.0,14.63757534876763,0.0,13.63466237312679,0.0,12.2374826204847,0.0,11.121505131890258,0.0,9.973994335099132,0.0,8.402972804066234,0.0,7.053124485894393,0.0,3.412583927184128,0.0
Stoda,360.6156862745098,0.0,17.43203510066639,0.0,359.2120252258957,0.0,372.0,0.0,332.0,0.0,282.0,0.0,222.0,0.0,146.0,0.0,98.0,0.0,52.0,0.0,25.0,0.0,12.0,0.0,12.121678873737487,0.0,19.28730152198591,0.0,18.2208671582886,0.0,16.792855623746664,0.0,14.89966442575134,0.0,12.083045973594572,0.0,9.899494936611665,0.0,7.211102550927978,0.0,5.0,0.0,3.4641016151377544,0.0,,,,,,,,,,,,,,,,,,,,,6.380720836042298,0.0,,,,,,,,,,,,,,,,,,,,,12.121880499900962,0.0,17.111260420431677,0.0,16.170796477883005,0.0,14.811882699163,0.0,12.838531056836407,0.0,9.950203303218082,0.0,7.817759891872507,0.0,5.772968555666645,0.0,4.196850103422944,0.0,2.7034264870198492,0.0
Stola,318.3529411764706,0.0,16.409372702671913,0.0,362.3869370135491,0.0,323.0,0.0,287.0,0.0,245.0,0.0,192.0,0.0,142.0,0.0,95.0,0.0,55.0,0.0,25.0,0.0,8.0,0.0,12.292118022477808,0.0,17.97220075561143,0.0,16.941074346097416,0.0,15.652475842498529,0.0,13.856406460551018,0.0,11.916375287812984,0.0,9.746794344808963,0.0,7.416198487095663,0.0,5.0,0.0,2.8284271247461903,0.0,,,,,,,,,,,,,,,,,,,,,3.0745570138020972,0.0,,,,,,,,,,,,,,,,,,,,,12.29167363587722,0.0,15.8786761308971,0.0,14.976319997050005,0.0,13.711462985131362,0.0,11.847088443385262,0.0,9.888984043051328,0.0,7.793147138787684,0.0,5.910457872075941,0.0,4.375752466383455,0.0,2.0200613636205995,0.0
Stolz,312.9450980392157,0.0,16.358416819662853,0.0,373.4938987022588,0.0,325.0,0.0,294.0,0.0,250.0,0.0,194.0,0.0,148.0,0.0,100.0,0.0,59.0,0.0,29.0,0.0,9.0,0.0,12.597537413930159,0.0,18.027756377319946,0.0,17.146428199482248,0.0,15.811388300841896,0.0,13.92838827718412,0.0,12.165525060596439,0.0,10.0,0.0,7.681145747868608,0.0,5.385164807134504,0.0,3.0,0.0,,,,,,,,,,,,,,,,,,,,,2.515493130364366,0.0,,,,,,,,,,,,,,,,,,,,,12.596805083388968,0.0,15.876018595721826,0.0,15.112760755099313,0.0,13.79323443851485,0.0,11.865530377395269,0.0,10.079116844093852,0.0,7.997495427214668,0.0,6.106172805231713,0.0,4.559818823492941,0.0,2.0783041432610605,0.0
Story,319.321568627451,0.0,16.397823863274674,0.0,375.1413678785569,0.0,326.0,0.0,300.0,0.0,261.0,0.0,203.0,0.0,153.0,0.0,103.0,0.0,62.0,0.0,21.0,0.0,9.0,0.0,12.629458938309886,0.0,18.05547008526779,0.0,17.320508075688775,0.0,16.15549442140351,0.0,14.247806848775006,0.0,12.36931687685298,0.0,10.14889156509222,0.0,7.874007874011811,0.0,4.58257569495584,0.0,3.0,0.0,,,,,,,,,,,,,,,,,,,,,3.3442968537752353,0.0,,,,,,,,,,,,,,,,,,,,,12.629612616806524,0.0,15.78386862363718,0.0,15.156596371760306,0.0,14.078841079566955,0.0,12.143215131209097,0.0,10.227710287876011,0.0,8.066830262510218,0.0,6.102218713860457,0.0,3.395922807460315,0.0,2.0136731469851252,0.0
Stqvk,374.3686274509804,0.0,17.890361983568532,0.0,400.2765688569243,0.0,402.0,0.0,362.0,0.0,316.0,0.0,257.0,0.0,187.0,0.0,122.0,0.0,82.0,0.0,45.0,0.0,19.0,0.0,13.495208220715591,0.0,20.049937655763422,0.0,19.026297590440446,0.0,17.776388834631177,0.0,16.0312195418814,0.0,13.674794331177344,0.0,11.045361017187261,0.0,9.055385138137417,0.0,6.708203932499369,0.0,4.358898943540674,0.0,,,,,,,,,,,,,,,,,,,,,7.069098228293892,0.0,,,,,,,,,,,,,,,,,,,,,13.49507741836596,0.0,17.93458930210603,0.0,17.031104977469656,0.0,15.815750992827219,0.0,13.9959210199811,0.0,11.456725821139614,0.0,9.054813050476923,0.0,7.277517600306391,0.0,5.6428132410456975,0.0,3.1418368593533685,0.0
Strck,324.5764705882353,0.0,16.639920869743534,0.0,373.80283170407085,0.0,333.0,0.0,300.0,0.0,262.0,0.0,209.0,0.0,155.0,0.0,104.0,0.0,61.0,0.0,27.0,0.0,8.0,0.0,12.611997476032453,0.0,18.24828759089466,0.0,17.320508075688775,0.0,16.186414056238647,0.0,14.45683229480096,0.0,12.449899597988733,0.0,10.198039027185569,0.0,7.810249675906654,0.0,5.196152422706632,0.0,2.8284271247461903,0.0,,,,,,,,,,,,,,,,,,,,,6.774785488993309,0.0,,,,,,,,,,,,,,,,,,,,,12.611974501002551,0.0,16.20209209022001,0.0,15.367787246161406,0.0,14.101179717581985,0.0,12.380060772714621,0.0,10.29346986545427,0.0,8.282052817999357,0.0,6.188975476169426,0.0,4.388654184577275,0.0,1.8258002240041797,0.0
Stscr,285.7450980392157,0.0,15.477612660106404,0.0,345.3574229306206,0.0,282.0,0.0,248.0,0.0,209.0,0.0,167.0,0.0,114.0,0.0,71.0,0.0,35.0,0.0,11.0,0.0,3.0,0.0,11.593767347207342,0.0,16.792855623746664,0.0,15.748015748023622,0.0,14.45683229480096,0.0,12.922847983320086,0.0,10.677078252031311,0.0,8.426149773176359,0.0,5.916079783099616,0.0,3.3166247903554,0.0,1.7320508075688772,0.0,,,,,,,,,,,,,,,,,,,,,3.4281486313940164,0.0,,,,,,,,,,,,,,,,,,,,,11.593789891724466,0.0,14.524988282555746,0.0,13.653061245431847,0.0,12.257781337623198,0.0,10.650264118435938,0.0,8.328707332740427,0.0,6.28320655540458,0.0,4.281962361373836,0.0,2.261211039207851,0.0,1.079437143282705,0.0
Stsls,293.2196078431372,0.0,15.728959081484222,0.0,356.5104607559664,0.0,301.0,0.0,257.0,0.0,208.0,0.0,168.0,0.0,124.0,0.0,85.0,0.0,51.0,0.0,27.0,0.0,8.0,0.0,12.080016770659874,0.0,17.349351572897472,0.0,16.0312195418814,0.0,14.422205101855956,0.0,12.96148139681572,0.0,11.135528725660043,0.0,9.219544457292887,0.0,7.14142842854285,0.0,5.196152422706632,0.0,2.8284271247461903,0.0,,,,,,,,,,,,,,,,,,,,,2.679885520970219,0.0,,,,,,,,,,,,,,,,,,,,,12.079423012931375,0.0,15.058451569470401,0.0,14.04698209918576,0.0,12.407898062474324,0.0,10.911250750546461,0.0,9.039101983098687,0.0,7.338058031468563,0.0,5.7263161163051475,0.0,4.441815066656047,0.0,2.0200613636205995,0.0
Stsrn,310.9176470588235,0.0,16.239759734436294,0.0,348.76807050508467,0.0,308.0,0.0,275.0,0.0,235.0,0.0,187.0,0.0,137.0,0.0,77.0,0.0,38.0,0.0,11.0,0.0,3.0,0.0,11.795430859545391,0.0,17.549928774784245,0.0,16.583123951777,0.0,15.329709716755891,0.0,13.674794331177344,0.0,11.704699910719626,0.0,8.774964387392123,0.0,6.164414002968976,0.0,3.3166247903554,0.0,1.7320508075688772,0.0,,,,,,,,,,,,,,,,,,,,,4.098730678183873,0.0,,,,,,,,,,,,,,,,,,,,,11.795762301151589,0.0,15.497732011770697,0.0,14.651003113484295,0.0,13.364585554605451,0.0,11.596048873265698,0.0,9.36133328047927,0.0,6.6417570371829555,0.0,4.511709708690619,0.0,2.261211039207851,0.0,1.079437143282705,0.0
Ststr,286.2470588235294,0.0,15.516011746920185,0.0,354.75154624702657,0.0,289.0,0.0,254.0,0.0,212.0,0.0,172.0,0.0,124.0,0.0,79.0,0.0,44.0,0.0,14.0,0.0,3.0,0.0,11.950811896437184,0.0,17.0,0.0,15.937377450509228,0.0,14.560219778561036,0.0,13.114877048604,0.0,11.135528725660043,0.0,8.888194417315589,0.0,6.6332495807108,0.0,3.7416573867739413,0.0,1.7320508075688772,0.0,,,,,,,,,,,,,,,,,,,,,3.458342514650225,0.0,,,,,,,,,,,,,,,,,,,,,11.950607593264017,0.0,14.64314545846855,0.0,13.800804088032093,0.0,12.499679211469932,0.0,10.937444080900855,0.0,8.882553570499923,0.0,6.826337236188467,0.0,4.951223924408915,0.0,2.4990994853228066,0.0,1.079437143282705,0.0
Stuck,350.0941176470588,0.0,17.273922671467044,0.0,370.36019983099925,0.0,371.0,0.0,335.0,0.0,287.0,0.0,226.0,0.0,155.0,0.0,90.0,0.0,50.0,0.0,27.0,0.0,8.0,0.0,12.452343048272933,0.0,19.261360284258224,0.0,18.303005217723125,0.0,16.941074346097416,0.0,15.033296378372908,0.0,12.449899597988733,0.0,9.486832980505138,0.0,7.0710678118654755,0.0,5.196152422706632,0.0,2.8284271247461903,0.0,,,,,,,,,,,,,,,,,,,,,6.561136600022496,0.0,,,,,,,,,,,,,,,,,,,,,12.452174276346751,0.0,17.150107237958473,0.0,16.298938311493398,0.0,14.887865213283444,0.0,12.86013778541151,0.0,10.150370993509977,0.0,7.686868166857861,0.0,5.6730185093957255,0.0,4.388654184577275,0.0,1.8258002240041797,0.0
Stufe,329.8274509803922,0.0,16.73684326082916,0.0,356.7800420071648,0.0,342.0,0.0,303.0,0.0,257.0,0.0,198.0,0.0,136.0,0.0,77.0,0.0,47.0,0.0,24.0,0.0,10.0,0.0,12.047619830048639,0.0,18.49324200890693,0.0,17.406895185529212,0.0,16.0312195418814,0.0,14.071247279470288,0.0,11.661903789690601,0.0,8.774964387392123,0.0,6.855654600401044,0.0,4.898979485566356,0.0,3.1622776601683795,0.0,,,,,,,,,,,,,,,,,,,,,3.2317484425791383,0.0,,,,,,,,,,,,,,,,,,,,,12.047596596409281,0.0,16.364800579090105,0.0,15.364011801871513,0.0,14.093990977726332,0.0,11.964008826860765,0.0,9.428721949939154,0.0,7.066267990419702,0.0,5.576444515922819,0.0,3.96981593186954,0.0,2.2682246147139695,0.0
Stuhl,352.08235294117645,0.0,17.4344539502792,0.0,385.0421623971073,0.0,378.0,0.0,335.0,0.0,289.0,0.0,232.0,0.0,157.0,0.0,104.0,0.0,64.0,0.0,46.0,0.0,13.0,0.0,13.013522318878096,0.0,19.44222209522358,0.0,18.303005217723125,0.0,17.0,0.0,15.231546211727817,0.0,12.529964086141668,0.0,10.198039027185569,0.0,8.0,0.0,6.782329983125268,0.0,3.605551275463989,0.0,,,,,,,,,,,,,,,,,,,,,5.462497649232405,0.0,,,,,,,,,,,,,,,,,,,,,13.01373127451252,0.0,17.233856343891965,0.0,16.316927088942318,0.0,14.981841447366666,0.0,13.106589675855052,0.0,10.34204235349704,0.0,8.420048790728181,0.0,6.792282282735957,0.0,5.8818717095850985,0.0,2.4834112226596674,0.0
Stunk,375.26666666666665,0.0,17.960002979837043,0.0,370.8514849640801,0.0,396.0,0.0,363.0,0.0,314.0,0.0,247.0,0.0,165.0,0.0,95.0,0.0,49.0,0.0,27.0,0.0,8.0,0.0,12.542907046068045,0.0,19.8997487421324,0.0,19.05255888325765,0.0,17.72004514666935,0.0,15.716233645501712,0.0,12.84523257866513,0.0,9.746794344808963,0.0,7.0,0.0,5.196152422706632,0.0,2.8284271247461903,0.0,,,,,,,,,,,,,,,,,,,,,8.411374741510949,0.0,,,,,,,,,,,,,,,,,,,,,12.543343424541456,0.0,17.837914553674747,0.0,17.145282008447413,0.0,15.716780706306894,0.0,13.552918356508552,0.0,10.518745368551786,0.0,7.874975912473008,0.0,5.564507795851901,0.0,4.388654184577275,0.0,1.8258002240041797,0.0
Sturm,371.2039215686274,0.0,17.810628865278765,0.0,427.2056032050705,0.0,407.0,0.0,367.0,0.0,316.0,0.0,265.0,0.0,204.0,0.0,140.0,0.0,103.0,0.0,63.0,0.0,49.0,0.0,14.328316669849398,0.0,20.174241001832016,0.0,19.157244060668017,0.0,17.776388834631177,0.0,16.278820596099706,0.0,14.2828568570857,0.0,11.832159566199232,0.0,10.14889156509222,0.0,7.937253933193772,0.0,7.0,0.0,,,,,,,,,,,,,,,,,,,,,10.138331407815887,0.0,,,,,,,,,,,,,,,,,,,,,14.328268453951324,0.0,17.876923791717548,0.0,17.057079288849717,0.0,15.866990849899999,0.0,14.283816152987956,0.0,12.235329387416797,0.0,10.088081181069743,0.0,8.690834202600872,0.0,6.677364525318073,0.0,5.92239974340412,0.0
Sturt,305.61960784313726,0.0,16.10664812437348,0.0,358.8851209325801,0.0,314.0,0.0,286.0,0.0,241.0,0.0,190.0,0.0,133.0,0.0,75.0,0.0,42.0,0.0,12.0,0.0,3.0,0.0,12.053419824120285,0.0,17.72004514666935,0.0,16.911534525287763,0.0,15.524174696260024,0.0,13.784048752090222,0.0,11.532562594670797,0.0,8.660254037844387,0.0,6.48074069840786,0.0,3.4641016151377544,0.0,1.7320508075688772,0.0,,,,,,,,,,,,,,,,,,,,,3.13132074980765,0.0,,,,,,,,,,,,,,,,,,,,,12.05331493985183,0.0,15.416358066965957,0.0,14.763294256878787,0.0,13.424077866624605,0.0,11.580288585766946,0.0,9.185271929350378,0.0,6.711713299623405,0.0,4.910152370156969,0.0,2.370832831032601,0.0,1.079437143282705,0.0
Sturz,315.35686274509806,0.0,16.428803205922552,0.0,359.6081085167093,0.0,327.0,0.0,300.0,0.0,254.0,0.0,196.0,0.0,137.0,0.0,78.0,0.0,38.0,0.0,13.0,0.0,4.0,0.0,12.046618885912453,0.0,18.083141320025124,0.0,17.320508075688775,0.0,15.937377450509228,0.0,14.0,0.0,11.704699910719626,0.0,8.831760866327848,0.0,6.164414002968976,0.0,3.605551275463989,0.0,2.0,0.0,,,,,,,,,,,,,,,,,,,,,2.684423984500821,0.0,,,,,,,,,,,,,,,,,,,,,12.046720253140014,0.0,15.934330714684172,0.0,15.2063079408991,0.0,13.803886532782673,0.0,11.727730846580819,0.0,9.29209237714467,0.0,6.7882368380686255,0.0,4.594662007984003,0.0,2.4858414520540526,0.0,1.1853776561286593,0.0
Stute,320.2196078431373,0.0,16.466811892013784,0.0,346.30938573970116,0.0,335.0,0.0,297.0,0.0,246.0,0.0,189.0,0.0,123.0,0.0,61.0,0.0,33.0,0.0,12.0,0.0,3.0,0.0,11.592992439596243,0.0,18.303005217723125,0.0,17.233687939614086,0.0,15.684387141358123,0.0,13.74772708486752,0.0,11.090536506409418,0.0,7.810249675906654,0.0,5.744562646538029,0.0,3.4641016151377544,0.0,1.7320508075688772,0.0,,,,,,,,,,,,,,,,,,,,,2.6538279111598873,0.0,,,,,,,,,,,,,,,,,,,,,11.593323761833384,0.0,16.029430517079696,0.0,15.05100761879926,0.0,13.705074348023587,0.0,11.562408771941014,0.0,8.77432489698594,0.0,6.069319920900552,0.0,4.411898432325064,0.0,2.380084841810285,0.0,1.079437143282705,0.0
Stzck,338.45490196078424,0.0,17.011418468890877,0.0,374.80226854888997,0.0,354.0,0.0,317.0,0.0,276.0,0.0,215.0,0.0,159.0,0.0,103.0,0.0,57.0,0.0,30.0,0.0,8.0,0.0,12.632559503945242,0.0,18.81488772222678,0.0,17.804493814764857,0.0,16.61324772583615,0.0,14.66287829861518,0.0,12.609520212918492,0.0,10.14889156509222,0.0,7.54983443527075,0.0,5.477225575051661,0.0,2.8284271247461903,0.0,,,,,,,,,,,,,,,,,,,,,6.58339121913253,0.0,,,,,,,,,,,,,,,,,,,,,12.632524585434682,0.0,16.778045106201727,0.0,15.84807346315788,0.0,14.549061470988665,0.0,12.511059506669795,0.0,10.422295913740715,0.0,8.116633552614125,0.0,5.940772291107085,0.0,4.502623341304198,0.0,1.8258002240041797,0.0
Stäbe,366.10980392156864,0.0,17.506461266694537,0.0,353.8445273249048,0.0,380.0,0.0,341.0,0.0,290.0,0.0,210.0,0.0,143.0,0.0,85.0,0.0,44.0,0.0,24.0,0.0,11.0,0.0,11.91334561296308,0.0,19.493588689617926,0.0,18.466185312619388,0.0,17.029386365926403,0.0,14.491376746189438,0.0,11.958260743101398,0.0,9.219544457292887,0.0,6.6332495807108,0.0,4.898979485566356,0.0,3.3166247903554,0.0,,,,,,,,,,,,,,,,,,,,,5.688181756165387,0.0,,,,,,,,,,,,,,,,,,,,,11.913569974324284,0.0,17.431343337633848,0.0,16.49467186970561,0.0,15.047328490973838,0.0,12.435149477874035,0.0,9.94045194686159,0.0,7.517031460139413,0.0,5.089300362670297,0.0,3.8247099259094672,0.0,2.5497606018210486,0.0
Stöch,354.8,0.0,17.315536067699526,0.0,368.37059309473455,0.0,373.0,0.0,331.0,0.0,284.0,0.0,221.0,0.0,154.0,0.0,95.0,0.0,54.0,0.0,33.0,0.0,12.0,0.0,12.4229754177923,0.0,19.313207915827967,0.0,18.193405398660254,0.0,16.852299546352718,0.0,14.866068747318506,0.0,12.409673645990857,0.0,9.746794344808963,0.0,7.3484692283495345,0.0,5.744562646538029,0.0,3.4641016151377544,0.0,,,,,,,,,,,,,,,,,,,,,6.582082830372724,0.0,,,,,,,,,,,,,,,,,,,,,12.422835075061649,0.0,17.169971216572748,0.0,16.20566264225453,0.0,14.844927544529108,0.0,12.807572516004406,0.0,10.258025272175734,0.0,7.894102751636139,0.0,6.166344185100563,0.0,5.110711406364135,0.0,2.5017361018924347,0.0
Stöck,354.1411764705882,0.0,17.299587414769785,0.0,376.97262380100017,0.0,372.0,0.0,335.0,0.0,288.0,0.0,226.0,0.0,163.0,0.0,105.0,0.0,64.0,0.0,35.0,0.0,12.0,0.0,12.71212067644299,0.0,19.28730152198591,0.0,18.303005217723125,0.0,16.97056274847714,0.0,15.033296378372908,0.0,12.767145334803704,0.0,10.246950765959598,0.0,8.0,0.0,5.916079783099616,0.0,3.4641016151377544,0.0,,,,,,,,,,,,,,,,,,,,,6.460173818676208,0.0,,,,,,,,,,,,,,,,,,,,,12.711857007746753,0.0,17.17312022664142,0.0,16.305251940775186,0.0,14.934439201110571,0.0,12.958319347425109,0.0,10.661932578856556,0.0,8.375515043882622,0.0,6.542309996424292,0.0,5.166265590188288,0.0,2.5017361018924347,0.0
Stöfö,348.8392156862745,0.0,17.07823821956914,0.0,380.330203583567,0.0,366.0,0.0,327.0,0.0,279.0,0.0,217.0,0.0,160.0,0.0,108.0,0.0,77.0,0.0,41.0,0.0,18.0,0.0,12.874738049962723,0.0,19.131126469708992,0.0,18.083141320025124,0.0,16.703293088490067,0.0,14.730919862656235,0.0,12.649110640673518,0.0,10.392304845413264,0.0,8.774964387392123,0.0,6.4031242374328485,0.0,4.242640687119285,0.0,,,,,,,,,,,,,,,,,,,,,5.221566711157378,0.0,,,,,,,,,,,,,,,,,,,,,12.873315217224956,0.0,16.988588117322095,0.0,16.040492585196734,0.0,14.797042583756797,0.0,12.732353941872057,0.0,10.635635276511012,0.0,8.524123953428509,0.0,7.286242055297361,0.0,5.54171619214627,0.0,3.272586743839763,0.0
Stömm,444.97647058823526,0.0,19.440168168210494,0.0,498.66282527880946,0.0,505.0,0.0,447.0,0.0,392.0,0.0,340.0,0.0,283.0,0.0,218.0,0.0,175.0,0.0,120.0,0.0,97.0,0.0,16.40024689168594,0.0,22.47220505424423,0.0,21.142374511865974,0.0,19.79898987322333,0.0,18.439088914585774,0.0,16.822603841260722,0.0,14.7648230602334,0.0,13.228756555322953,0.0,10.954451150103322,0.0,9.848857801796104,0.0,,,,,,,,,,,,,,,,,,,,,13.830340776727166,0.0,,,,,,,,,,,,,,,,,,,,,16.39978011616602,0.0,20.06786050519446,0.0,19.074273400380385,0.0,18.06706818864313,0.0,16.6582511251999,0.0,15.025254499985298,0.0,12.958444644271312,0.0,11.638369661714137,0.0,9.456982042897678,0.0,8.370578304005388,0.0
Störe,320.12549019607843,0.0,16.43238519973764,0.0,351.42908942180725,0.0,325.0,0.0,290.0,0.0,245.0,0.0,188.0,0.0,131.0,0.0,76.0,0.0,45.0,0.0,17.0,0.0,7.0,0.0,11.80630787800492,0.0,18.027756377319946,0.0,17.029386365926403,0.0,15.652475842498529,0.0,13.711309200802088,0.0,11.445523142259598,0.0,8.717797887081348,0.0,6.708203932499369,0.0,4.123105625617661,0.0,2.6457513110645907,0.0,,,,,,,,,,,,,,,,,,,,,2.831398584991647,0.0,,,,,,,,,,,,,,,,,,,,,11.80677692791193,0.0,15.896956391557788,0.0,14.924841027409398,0.0,13.610002404935166,0.0,11.625434023813614,0.0,9.301181561004542,0.0,6.836617779523165,0.0,5.325101264946638,0.0,3.4577444941368483,0.0,2.0219919324582585,0.0
Stött,313.80784313725485,0.0,16.19664671651726,0.0,366.99026519047584,0.0,326.0,0.0,293.0,0.0,244.0,0.0,191.0,0.0,141.0,0.0,90.0,0.0,58.0,0.0,23.0,0.0,7.0,0.0,12.384176470478234,0.0,18.05547008526779,0.0,17.11724276862369,0.0,15.620499351813308,0.0,13.820274961085254,0.0,11.874342087037917,0.0,9.486832980505138,0.0,7.615773105863909,0.0,4.795831523312719,0.0,2.6457513110645907,0.0,,,,,,,,,,,,,,,,,,,,,3.1457903524925483,0.0,,,,,,,,,,,,,,,,,,,,,12.383702334957507,0.0,15.605841361714845,0.0,14.89872584401225,0.0,13.629138004027205,0.0,11.74710271317918,0.0,9.812570823897927,0.0,7.57407987860832,0.0,6.047632574718302,0.0,3.7677411640375547,0.0,2.0219919324582585,0.0
Sucen,344.38823529411764,0.0,17.115751304407897,0.0,318.90329956022117,0.0,339.0,0.0,306.0,0.0,262.0,0.0,186.0,0.0,115.0,0.0,44.0,0.0,14.0,0.0,2.0,0.0,0.0,0.0,10.616708389475134,0.0,18.411952639521967,0.0,17.4928556845359,0.0,16.186414056238647,0.0,13.638181696985855,0.0,10.723805294763608,0.0,6.6332495807108,0.0,3.7416573867739413,0.0,1.4142135623730951,0.0,0.0,0.0,,,,,,,,,,,,,,,,,,,,,3.660438449579194,0.0,,,,,,,,,,,,,,,,,,,,,10.61680726914626,0.0,16.438855351537256,0.0,15.57699297795597,0.0,14.199998531977032,0.0,11.320894279131618,0.0,8.366698903427304,0.0,4.489987259844309,0.0,2.2352485431369162,0.0,0.6967586236406504,0.0,0.0,0.0
Suche,361.2117647058824,0.0,17.568503588498945,0.0,332.8261230032426,0.0,372.0,0.0,320.0,0.0,278.0,0.0,200.0,0.0,123.0,0.0,60.0,0.0,27.0,0.0,17.0,0.0,2.0,0.0,11.111352186570446,0.0,19.28730152198591,0.0,17.88854381999832,0.0,16.673332000533065,0.0,14.142135623730951,0.0,11.090536506409418,0.0,7.745966692414834,0.0,5.196152422706632,0.0,4.123105625617661,0.0,1.4142135623730951,0.0,,,,,,,,,,,,,,,,,,,,,3.908643895596489,0.0,,,,,,,,,,,,,,,,,,,,,11.110881673481433,0.0,17.208047438934596,0.0,15.942144333695145,0.0,14.598414121158134,0.0,11.923906640238245,0.0,8.89728559826871,0.0,5.8631516957431105,0.0,4.26312864951413,0.0,3.7859492772849364,0.0,0.6618696519470317,0.0
Sucht,350.7529411764706,0.0,17.289894998245803,0.0,346.8945784840164,0.0,362.0,0.0,316.0,0.0,275.0,0.0,202.0,0.0,133.0,0.0,74.0,0.0,38.0,0.0,20.0,0.0,2.0,0.0,11.6574154880418,0.0,19.026297590440446,0.0,17.776388834631177,0.0,16.583123951777,0.0,14.212670403551895,0.0,11.532562594670797,0.0,8.602325267042627,0.0,6.164414002968976,0.0,4.47213595499958,0.0,1.4142135623730951,0.0,,,,,,,,,,,,,,,,,,,,,3.6398950231381746,0.0,,,,,,,,,,,,,,,,,,,,,11.657357657355195,0.0,16.787963272849762,0.0,15.792671782308897,0.0,14.477227757531477,0.0,11.999725295755148,0.0,9.390747732387526,0.0,6.6188722961043425,0.0,4.9644348743892905,0.0,3.9252065327709063,0.0,0.6618696519470317,0.0
Sudan,392.6666666666667,0.0,18.30345095333747,0.0,341.54845834244475,0.0,402.0,0.0,362.0,0.0,310.0,0.0,231.0,0.0,152.0,0.0,75.0,0.0,38.0,0.0,17.0,0.0,9.0,0.0,11.5439566783242,0.0,20.049937655763422,0.0,19.026297590440446,0.0,17.60681686165901,0.0,15.198684153570664,0.0,12.328828005937952,0.0,8.660254037844387,0.0,6.164414002968976,0.0,4.123105625617661,0.0,3.0,0.0,,,,,,,,,,,,,,,,,,,,,4.287303746249643,0.0,,,,,,,,,,,,,,,,,,,,,11.543834648286483,0.0,18.14144866451256,0.0,17.21785790980182,0.0,15.718804902778546,0.0,13.120993970704932,0.0,10.049136373011182,0.0,6.601164902133489,0.0,4.828155287046905,0.0,3.643865005326349,0.0,2.5150661115962025,0.0
Sulun,356.63529411764705,0.0,17.542471776585398,0.0,349.10473471503434,0.0,366.0,0.0,335.0,0.0,287.0,0.0,207.0,0.0,140.0,0.0,77.0,0.0,34.0,0.0,17.0,0.0,5.0,0.0,11.777202034219771,0.0,19.131126469708992,0.0,18.303005217723125,0.0,16.941074346097416,0.0,14.38749456993816,0.0,11.832159566199232,0.0,8.774964387392123,0.0,5.830951894845301,0.0,4.123105625617661,0.0,2.23606797749979,0.0,,,,,,,,,,,,,,,,,,,,,4.339449868298961,0.0,,,,,,,,,,,,,,,,,,,,,11.77714164599561,0.0,17.15532855323085,0.0,16.396243875626872,0.0,14.997674485198411,0.0,12.094086127162061,0.0,9.625577288423283,0.0,6.745264201830606,0.0,4.652469295721061,0.0,3.85775013270678,0.0,1.728702033370433,0.0
Sumen,410.4745098039216,0.0,18.759889561586906,0.0,387.92417139787256,0.0,431.0,0.0,384.0,0.0,335.0,0.0,263.0,0.0,190.0,0.0,116.0,0.0,77.0,0.0,51.0,0.0,44.0,0.0,13.171521752996883,0.0,20.760539492026695,0.0,19.595917942265423,0.0,18.303005217723125,0.0,16.217274740226856,0.0,13.784048752090222,0.0,10.770329614269007,0.0,8.774964387392123,0.0,7.14142842854285,0.0,6.6332495807108,0.0,,,,,,,,,,,,,,,,,,,,,4.89129143722254,0.0,,,,,,,,,,,,,,,,,,,,,13.171508036050966,0.0,18.698640680855902,0.0,17.73998155674498,0.0,16.517822265744687,0.0,14.233704501121732,0.0,11.776021414330334,0.0,9.033845145779171,0.0,7.604504192750759,0.0,6.152312554951274,0.0,5.662553709140418,0.0
Summa,456.0745098039215,0.0,19.727746723150613,0.0,462.09687753939517,0.0,501.0,0.0,436.0,0.0,390.0,0.0,325.0,0.0,264.0,0.0,195.0,0.0,146.0,0.0,99.0,0.0,88.0,0.0,15.445827873459839,0.0,22.38302928559939,0.0,20.8806130178211,0.0,19.748417658131498,0.0,18.027756377319946,0.0,16.24807680927192,0.0,13.96424004376894,0.0,12.083045973594572,0.0,9.9498743710662,0.0,9.38083151964686,0.0,,,,,,,,,,,,,,,,,,,,,7.5159445716601505,0.0,,,,,,,,,,,,,,,,,,,,,15.445810553184263,0.0,20.22437503285482,0.0,19.027353168362016,0.0,18.022831489679735,0.0,16.228074331988157,0.0,14.410580755348064,0.0,12.134605199017875,0.0,10.659421174836377,0.0,8.659949400183713,0.0,8.008574964728354,0.0
Summe,451.38823529411764,0.0,19.665824860290037,0.0,458.4123961632019,0.0,500.0,0.0,433.0,0.0,385.0,0.0,319.0,0.0,256.0,0.0,183.0,0.0,143.0,0.0,99.0,0.0,88.0,0.0,15.293988902200615,0.0,22.360679774997898,0.0,20.808652046684813,0.0,19.621416870348583,0.0,17.86057109949175,0.0,16.0,0.0,13.527749258468683,0.0,11.958260743101398,0.0,9.9498743710662,0.0,9.38083151964686,0.0,,,,,,,,,,,,,,,,,,,,,7.448723786787981,0.0,,,,,,,,,,,,,,,,,,,,,15.293792773265421,0.0,20.17403212975789,0.0,18.899649166540332,0.0,17.888657910014516,0.0,16.079587493368475,0.0,14.17687495033302,0.0,11.84407560205756,0.0,10.61472313207078,0.0,8.659949400183713,0.0,8.008574964728354,0.0
Sumpf,427.7803921568627,0.0,19.151594595434247,0.0,432.29341599781895,0.0,455.0,0.0,403.0,0.0,359.0,0.0,287.0,0.0,224.0,0.0,164.0,0.0,127.0,0.0,89.0,0.0,69.0,0.0,14.619264372426926,0.0,21.330729007701542,0.0,20.074859899884732,0.0,18.947295321496416,0.0,16.941074346097416,0.0,14.966629547095765,0.0,12.806248474865697,0.0,11.269427669584644,0.0,9.433981132056603,0.0,8.306623862918075,0.0,,,,,,,,,,,,,,,,,,,,,6.423395096133723,0.0,,,,,,,,,,,,,,,,,,,,,14.619508873293784,0.0,19.204294960206397,0.0,18.178120385571198,0.0,17.085819499328256,0.0,15.036415135572536,0.0,13.117400181862761,0.0,11.084383582230265,0.0,9.850884936389354,0.0,8.11859972797484,0.0,7.017429147062013,0.0
Sunse,346.8941176470588,0.0,17.173907051962583,0.0,313.21496950701,0.0,346.0,0.0,301.0,0.0,252.0,0.0,183.0,0.0,114.0,0.0,39.0,0.0,11.0,0.0,3.0,0.0,0.0,0.0,10.431094387580353,0.0,18.601075237738275,0.0,17.349351572897472,0.0,15.874507866387544,0.0,13.527749258468683,0.0,10.677078252031311,0.0,6.244997998398398,0.0,3.3166247903554,0.0,1.7320508075688772,0.0,0.0,0.0,,,,,,,,,,,,,,,,,,,,,2.7143477103659115,0.0,,,,,,,,,,,,,,,,,,,,,10.43090115183354,0.0,16.60412973813531,0.0,15.4476959874439,0.0,13.88748248850246,0.0,11.326584324470492,0.0,8.294741683831623,0.0,3.990348361537463,0.0,1.8948241479161965,0.0,0.9068877454533287,0.0,0.0,0.0
Svhns,361.52156862745096,0.0,17.579559798869536,0.0,350.35894447549043,0.0,370.0,0.0,325.0,0.0,281.0,0.0,222.0,0.0,147.0,0.0,77.0,0.0,42.0,0.0,24.0,0.0,5.0,0.0,11.907782457623698,0.0,19.235384061671343,0.0,18.027756377319946,0.0,16.76305461424021,0.0,14.89966442575134,0.0,12.12435565298214,0.0,8.774964387392123,0.0,6.48074069840786,0.0,4.898979485566356,0.0,2.23606797749979,0.0,,,,,,,,,,,,,,,,,,,,,4.2657534365114,0.0,,,,,,,,,,,,,,,,,,,,,11.908227827185064,0.0,17.12877129302076,0.0,16.178406685898697,0.0,14.756427349992402,0.0,12.730430055442783,0.0,9.844671604836584,0.0,6.713443630340464,0.0,5.032472273857925,0.0,4.110160223899742,0.0,1.2406531382620525,0.0
Svllz,304.7450980392157,0.0,16.269843885827672,0.0,393.38471300953256,0.0,314.0,0.0,284.0,0.0,249.0,0.0,198.0,0.0,166.0,0.0,122.0,0.0,79.0,0.0,44.0,0.0,13.0,0.0,13.33645987548728,0.0,17.72004514666935,0.0,16.852299546352718,0.0,15.7797338380595,0.0,14.071247279470288,0.0,12.884098726725126,0.0,11.045361017187261,0.0,8.888194417315589,0.0,6.6332495807108,0.0,3.605551275463989,0.0,,,,,,,,,,,,,,,,,,,,,2.9332682954208074,0.0,,,,,,,,,,,,,,,,,,,,,13.33676616974678,0.0,15.686289984639508,0.0,14.998928515693276,0.0,13.85874704309236,0.0,12.047072094167117,0.0,10.816029619819968,0.0,8.98948499891641,0.0,7.2034878354395335,0.0,5.802582995610017,0.0,2.581338907772286,0.0
Svmpf,411.37254901960785,0.0,18.75917676239467,0.0,449.73624170857954,0.0,435.0,0.0,387.0,0.0,348.0,0.0,291.0,0.0,239.0,0.0,181.0,0.0,143.0,0.0,96.0,0.0,71.0,0.0,15.155566471747543,0.0,20.85665361461421,0.0,19.672315572906,0.0,18.65475810617763,0.0,17.05872210923198,0.0,15.459624833740307,0.0,13.45362404707371,0.0,11.958260743101398,0.0,9.797958971132712,0.0,8.426149773176359,0.0,,,,,,,,,,,,,,,,,,,,,6.978461363489316,0.0,,,,,,,,,,,,,,,,,,,,,15.155771172679398,0.0,18.675809212586145,0.0,17.721162609335725,0.0,16.73135000533052,0.0,15.137293563413436,0.0,13.513495027995283,0.0,11.57043690508771,0.0,10.261984541892875,0.0,8.274008852282932,0.0,7.055901043832117,0.0
Svßhn,417.3019607843137,0.0,18.895967644801146,0.0,406.80994538528614,0.0,442.0,0.0,398.0,0.0,353.0,0.0,291.0,0.0,215.0,0.0,143.0,0.0,90.0,0.0,55.0,0.0,17.0,0.0,13.770689007339532,0.0,21.02379604162864,0.0,19.949937343260004,0.0,18.788294228055936,0.0,17.05872210923198,0.0,14.66287829861518,0.0,11.958260743101398,0.0,9.486832980505138,0.0,7.416198487095663,0.0,4.123105625617661,0.0,,,,,,,,,,,,,,,,,,,,,6.733758232485137,0.0,,,,,,,,,,,,,,,,,,,,,13.770822887079769,0.0,19.029768497972228,0.0,18.094026985349764,0.0,16.916034914899168,0.0,15.098432024946325,0.0,12.46604118957099,0.0,9.827063168423154,0.0,7.64599634533175,0.0,5.9555885243108255,0.0,2.645312694939515,0.0
Sxtyr,317.52156862745096,0.0,16.387775003037266,0.0,383.81526485301515,0.0,320.0,0.0,296.0,0.0,264.0,0.0,215.0,0.0,161.0,0.0,110.0,0.0,63.0,0.0,21.0,0.0,13.0,0.0,12.950144269568256,0.0,17.88854381999832,0.0,17.204650534085253,0.0,16.24807680927192,0.0,14.66287829861518,0.0,12.68857754044952,0.0,10.488088481701515,0.0,7.937253933193772,0.0,4.58257569495584,0.0,3.605551275463989,0.0,,,,,,,,,,,,,,,,,,,,,3.02678898962899,0.0,,,,,,,,,,,,,,,,,,,,,12.950280639753267,0.0,15.627272207197674,0.0,15.09304626709346,0.0,14.237613618288929,0.0,12.410560204472736,0.0,10.361578170743382,0.0,8.17085967626761,0.0,5.917050842800706,0.0,3.2281772976666363,0.0,2.6154595972461947,0.0
Syrer,311.64313725490194,0.0,16.286691873426314,0.0,361.71393795574136,0.0,309.0,0.0,284.0,0.0,243.0,0.0,194.0,0.0,136.0,0.0,88.0,0.0,54.0,0.0,18.0,0.0,12.0,0.0,12.17313630803978,0.0,17.578395831246947,0.0,16.852299546352718,0.0,15.588457268119896,0.0,13.92838827718412,0.0,11.661903789690601,0.0,9.38083151964686,0.0,7.3484692283495345,0.0,4.242640687119285,0.0,3.4641016151377544,0.0,,,,,,,,,,,,,,,,,,,,,4.158531521187867,0.0,,,,,,,,,,,,,,,,,,,,,12.173508272914589,0.0,15.430621692052146,0.0,14.7851838774101,0.0,13.434017811551586,0.0,11.693262910969374,0.0,9.4660686341332,0.0,7.342260745122077,0.0,5.567968554461817,0.0,3.0688534203353033,0.0,2.646533020615283,0.0
Syrmr,366.7686274509804,0.0,17.701380445194474,0.0,440.4975540815251,0.0,389.0,0.0,352.0,0.0,315.0,0.0,270.0,0.0,222.0,0.0,165.0,0.0,123.0,0.0,66.0,0.0,56.0,0.0,14.735146970237958,0.0,19.72308292331602,0.0,18.76166303929372,0.0,17.74823934929885,0.0,16.431676725154983,0.0,14.89966442575134,0.0,12.84523257866513,0.0,11.090536506409418,0.0,8.12403840463596,0.0,7.483314773547883,0.0,,,,,,,,,,,,,,,,,,,,,5.301729769178615,0.0,,,,,,,,,,,,,,,,,,,,,14.735069852182248,0.0,17.599004665183426,0.0,16.82090583240126,0.0,15.856340195364595,0.0,14.491578964558267,0.0,12.911177861753897,0.0,10.86335876334999,0.0,9.308571134529833,0.0,6.819950015593825,0.0,6.250156992248913,0.0
Szlzt,308.6862745098039,0.0,16.332637510776973,0.0,371.8476233285546,0.0,316.0,0.0,283.0,0.0,241.0,0.0,187.0,0.0,151.0,0.0,105.0,0.0,58.0,0.0,29.0,0.0,6.0,0.0,12.564142299622167,0.0,17.776388834631177,0.0,16.822603841260722,0.0,15.524174696260024,0.0,13.674794331177344,0.0,12.288205727444508,0.0,10.246950765959598,0.0,7.615773105863909,0.0,5.385164807134504,0.0,2.449489742783178,0.0,,,,,,,,,,,,,,,,,,,,,2.682512854070938,0.0,,,,,,,,,,,,,,,,,,,,,12.56451653155235,0.0,15.673076998838525,0.0,14.938711519747722,0.0,13.477190459613112,0.0,11.556288046563777,0.0,10.092769060127525,0.0,8.062850965750906,0.0,5.937744361140177,0.0,4.4149197496619506,0.0,1.795027716105734,0.0
Szwlb,385.3411764705882,0.0,18.128233898617044,0.0,423.7207201151149,0.0,415.0,0.0,383.0,0.0,338.0,0.0,267.0,0.0,211.0,0.0,153.0,0.0,102.0,0.0,67.0,0.0,33.0,0.0,14.22311737908931,0.0,20.37154878746336,0.0,19.570385790780925,0.0,18.384776310850235,0.0,16.34013463836819,0.0,14.52583904633395,0.0,12.36931687685298,0.0,10.099504938362077,0.0,8.18535277187245,0.0,5.744562646538029,0.0,,,,,,,,,,,,,,,,,,,,,5.794350273932058,0.0,,,,,,,,,,,,,,,,,,,,,14.222979705942164,0.0,18.566637393173913,0.0,17.87208365698965,0.0,16.513577506035663,0.0,14.391787407659479,0.0,12.430291166271038,0.0,10.434453242145693,0.0,8.258068782368696,0.0,6.7343019602178265,0.0,4.049382186093445,0.0
Säbel,366.9372549019608,0.0,17.615498139480405,0.0,357.96667638554754,0.0,378.0,0.0,347.0,0.0,291.0,0.0,212.0,0.0,139.0,0.0,88.0,0.0,51.0,0.0,37.0,0.0,15.0,0.0,12.095669840315335,0.0,19.44222209522358,0.0,18.627936010197157,0.0,17.05872210923198,0.0,14.560219778561036,0.0,11.789826122551595,0.0,9.38083151964686,0.0,7.14142842854285,0.0,6.082762530298219,0.0,3.872983346207417,0.0,,,,,,,,,,,,,,,,,,,,,4.916177509189191,0.0,,,,,,,,,,,,,,,,,,,,,12.095762692275407,0.0,17.545576413543444,0.0,16.850849787690265,0.0,15.10968375302433,0.0,12.52452349365089,0.0,9.767763222320976,0.0,7.811409532818132,0.0,5.887867182245437,0.0,5.153893189490979,0.0,2.944275047806057,0.0
Särge,373.18823529411765,0.0,17.768872385050688,0.0,350.5279272055785,0.0,386.0,0.0,340.0,0.0,285.0,0.0,212.0,0.0,141.0,0.0,86.0,0.0,50.0,0.0,28.0,0.0,21.0,0.0,11.781816481080595,0.0,19.6468827043885,0.0,18.439088914585774,0.0,16.881943016134134,0.0,14.560219778561036,0.0,11.874342087037917,0.0,9.273618495495704,0.0,7.0710678118654755,0.0,5.291502622129181,0.0,4.58257569495584,0.0,,,,,,,,,,,,,,,,,,,,,4.865606410600831,0.0,,,,,,,,,,,,,,,,,,,,,11.78169768254309,0.0,17.674125513999805,0.0,16.638379447288997,0.0,14.893234864471244,0.0,12.48822943210628,0.0,9.747374094523563,0.0,7.442450222870413,0.0,5.535130009776943,0.0,4.131783626838411,0.0,3.2353531904056236,0.0
Sätze,335.15294117647056,0.0,16.825156464125122,0.0,333.9103041739894,0.0,339.0,0.0,300.0,0.0,249.0,0.0,179.0,0.0,122.0,0.0,66.0,0.0,30.0,0.0,12.0,0.0,5.0,0.0,11.184521159078646,0.0,18.411952639521967,0.0,17.320508075688775,0.0,15.7797338380595,0.0,13.379088160259652,0.0,11.045361017187261,0.0,8.12403840463596,0.0,5.477225575051661,0.0,3.4641016151377544,0.0,2.23606797749979,0.0,,,,,,,,,,,,,,,,,,,,,2.5476710017958775,0.0,,,,,,,,,,,,,,,,,,,,,11.18463962940884,0.0,16.34920953600574,0.0,15.354648229696362,0.0,13.773167064917802,0.0,11.212488026639095,0.0,8.830181006496153,0.0,6.164416551344642,0.0,4.0527201422125385,0.0,2.6481494561021726,0.0,1.912422272232873,0.0
Säule,347.61960784313726,0.0,17.202195348215138,0.0,343.25667538666266,0.0,360.0,0.0,320.0,0.0,264.0,0.0,199.0,0.0,128.0,0.0,65.0,0.0,37.0,0.0,22.0,0.0,10.0,0.0,11.548151497313489,0.0,18.973665961010276,0.0,17.88854381999832,0.0,16.24807680927192,0.0,14.106735979665885,0.0,11.313708498984761,0.0,8.06225774829855,0.0,6.082762530298219,0.0,4.69041575982343,0.0,3.1622776601683795,0.0,,,,,,,,,,,,,,,,,,,,,3.2888686563070495,0.0,,,,,,,,,,,,,,,,,,,,,11.548106897624413,0.0,17.054725001838193,0.0,16.102898882643743,0.0,14.32231077682656,0.0,12.042910817952908,0.0,9.087645882808804,0.0,6.457901192039798,0.0,5.0698732723391915,0.0,4.423607754781984,0.0,2.563290358711856,0.0
Söhgs,409.2196078431373,0.0,18.627137665063664,0.0,364.53205611034105,0.0,443.0,0.0,378.0,0.0,318.0,0.0,243.0,0.0,160.0,0.0,95.0,0.0,59.0,0.0,46.0,0.0,22.0,0.0,12.269398245574124,0.0,21.047565179849187,0.0,19.44222209522358,0.0,17.832554500127006,0.0,15.588457268119896,0.0,12.649110640673518,0.0,9.746794344808963,0.0,7.681145747868608,0.0,6.782329983125268,0.0,4.69041575982343,0.0,,,,,,,,,,,,,,,,,,,,,5.5716533769210965,0.0,,,,,,,,,,,,,,,,,,,,,12.269589485417844,0.0,18.85490891002743,0.0,17.58505070416981,0.0,15.910636599708063,0.0,13.522421277042815,0.0,10.630112262946225,0.0,7.975939618881248,0.0,6.4554429281162795,0.0,5.8113036485146985,0.0,3.093901856231308,0.0
Söndö,406.99215686274505,0.0,18.550506510897268,0.0,357.4253147162757,0.0,426.0,0.0,381.0,0.0,324.0,0.0,251.0,0.0,159.0,0.0,92.0,0.0,54.0,0.0,33.0,0.0,16.0,0.0,12.058168236165535,0.0,20.639767440550294,0.0,19.519221295943137,0.0,18.0,0.0,15.84297951775486,0.0,12.609520212918492,0.0,9.591663046625438,0.0,7.3484692283495345,0.0,5.744562646538029,0.0,4.0,0.0,,,,,,,,,,,,,,,,,,,,,5.7471443202548125,0.0,,,,,,,,,,,,,,,,,,,,,12.057362529997413,0.0,18.654640972403076,0.0,17.637455899443506,0.0,16.110717172423335,0.0,13.868116201433034,0.0,10.49944473147644,0.0,7.56638666351339,0.0,6.200682036878365,0.0,5.30463371484685,0.0,3.246346607402772,0.0
Sönör,359.7607843137255,0.0,17.425941499372758,0.0,342.4863714286481,0.0,362.0,0.0,326.0,0.0,280.0,0.0,213.0,0.0,134.0,0.0,75.0,0.0,38.0,0.0,16.0,0.0,7.0,0.0,11.526412437869602,0.0,19.026297590440446,0.0,18.05547008526779,0.0,16.73320053068151,0.0,14.594519519326424,0.0,11.575836902790225,0.0,8.660254037844387,0.0,6.164414002968976,0.0,4.0,0.0,2.6457513110645907,0.0,,,,,,,,,,,,,,,,,,,,,3.7096094431889752,0.0,,,,,,,,,,,,,,,,,,,,,11.52644932623039,0.0,17.034347389922097,0.0,16.12890713139936,0.0,14.726287379460961,0.0,12.45143861680964,0.0,9.367167239639953,0.0,6.491835740287577,0.0,4.8676378860802485,0.0,3.8638613662136514,0.0,2.1087896002236026,0.0
Sühne,397.81176470588235,0.0,18.48194646815714,0.0,340.2876095061458,0.0,416.0,0.0,362.0,0.0,317.0,0.0,238.0,0.0,144.0,0.0,65.0,0.0,31.0,0.0,23.0,0.0,8.0,0.0,11.470128713302442,0.0,20.396078054371138,0.0,19.026297590440446,0.0,17.804493814764857,0.0,15.427248620541512,0.0,12.0,0.0,8.06225774829855,0.0,5.5677643628300215,0.0,4.795831523312719,0.0,2.8284271247461903,0.0,,,,,,,,,,,,,,,,,,,,,4.089992883338019,0.0,,,,,,,,,,,,,,,,,,,,,11.470437324712371,0.0,18.457289243280258,0.0,17.247679578124785,0.0,15.87563079852801,0.0,13.336054869166615,0.0,9.831206616850531,0.0,6.362050005732992,0.0,4.649792918637815,0.0,4.400158294113051,0.0,2.1612940189548366,0.0
Sünde,399.40784313725493,0.0,18.47521901902237,0.0,343.51964995828985,0.0,415.0,0.0,368.0,0.0,317.0,0.0,241.0,0.0,147.0,0.0,74.0,0.0,36.0,0.0,23.0,0.0,14.0,0.0,11.563399470016122,0.0,20.37154878746336,0.0,19.183326093250876,0.0,17.804493814764857,0.0,15.524174696260024,0.0,12.12435565298214,0.0,8.602325267042627,0.0,6.0,0.0,4.795831523312719,0.0,3.7416573867739413,0.0,,,,,,,,,,,,,,,,,,,,,4.2645130490148455,0.0,,,,,,,,,,,,,,,,,,,,,11.563506040652864,0.0,18.453797074471748,0.0,17.33202516533994,0.0,15.881906099403379,0.0,13.482189931538283,0.0,9.973389133503723,0.0,6.713251795725952,0.0,4.99258093578113,0.0,4.281357911624107,0.0,3.1297537085414855,0.0
Süßes,391.435294117647,0.0,18.153162711130058,0.0,367.6679233720199,0.0,415.0,0.0,369.0,0.0,305.0,0.0,239.0,0.0,156.0,0.0,101.0,0.0,62.0,0.0,39.0,0.0,18.0,0.0,12.400129780677858,0.0,20.37154878746336,0.0,19.209372712298546,0.0,17.46424919657298,0.0,15.459624833740307,0.0,12.489995996796797,0.0,10.04987562112089,0.0,7.874007874011811,0.0,6.244997998398398,0.0,4.242640687119285,0.0,,,,,,,,,,,,,,,,,,,,,5.732556795322044,0.0,,,,,,,,,,,,,,,,,,,,,12.400364122501713,0.0,18.25877152701173,0.0,17.240365387500557,0.0,15.58771000411926,0.0,13.486194696301133,0.0,10.54809374129403,0.0,8.32901108108113,0.0,6.403073508251622,0.0,4.917368869737925,0.0,3.113221614150772,0.0
Tabak,403.46274509803925,0.0,18.600889628280566,0.0,389.1283003026355,0.0,425.0,0.0,395.0,0.0,341.0,0.0,260.0,0.0,194.0,0.0,131.0,0.0,78.0,0.0,39.0,0.0,10.0,0.0,13.13216589306923,0.0,20.615528128088304,0.0,19.87460691435179,0.0,18.466185312619388,0.0,16.1245154965971,0.0,13.92838827718412,0.0,11.445523142259598,0.0,8.831760866327848,0.0,6.244997998398398,0.0,3.1622776601683795,0.0,,,,,,,,,,,,,,,,,,,,,5.9230958732262176,0.0,,,,,,,,,,,,,,,,,,,,,13.13208394101891,0.0,18.8883738523228,0.0,18.24643295591571,0.0,16.585286021276872,0.0,14.160206792090856,0.0,12.063226172966562,0.0,9.552331049725298,0.0,7.0408179643764095,0.0,5.068716750809504,0.0,1.8747741378815443,0.0
Tabus,370.8627450980392,0.0,17.776190721163267,0.0,361.3482056515297,0.0,389.0,0.0,363.0,0.0,300.0,0.0,219.0,0.0,146.0,0.0,91.0,0.0,48.0,0.0,21.0,0.0,5.0,0.0,12.092507527822779,0.0,19.72308292331602,0.0,19.05255888325765,0.0,17.320508075688775,0.0,14.798648586948742,0.0,12.083045973594572,0.0,9.539392014169456,0.0,6.928203230275509,0.0,4.58257569495584,0.0,2.23606797749979,0.0,,,,,,,,,,,,,,,,,,,,,4.283272275721871,0.0,,,,,,,,,,,,,,,,,,,,,12.092783001319535,0.0,17.784395283711955,0.0,17.151608269047088,0.0,15.344548846788882,0.0,12.623787232355337,0.0,10.267909552364126,0.0,7.6311155565424365,0.0,5.357694695128077,0.0,3.3067237532454863,0.0,1.1632348435882185,0.0
Tafel,327.6823529411765,0.0,16.86247742605612,0.0,388.47589231479515,0.0,330.0,0.0,303.0,0.0,260.0,0.0,210.0,0.0,161.0,0.0,120.0,0.0,87.0,0.0,48.0,0.0,18.0,0.0,13.230686528817202,0.0,18.16590212458495,0.0,17.406895185529212,0.0,16.1245154965971,0.0,14.491376746189438,0.0,12.68857754044952,0.0,10.954451150103322,0.0,9.327379053088816,0.0,6.928203230275509,0.0,4.242640687119285,0.0,,,,,,,,,,,,,,,,,,,,,3.5955689457745352,0.0,,,,,,,,,,,,,,,,,,,,,13.230822998158486,0.0,16.250221532459967,0.0,15.644114348322317,0.0,14.35013128706391,0.0,12.691695886985004,0.0,11.02750225202726,0.0,9.137787108538722,0.0,7.767030379834342,0.0,5.710312577768511,0.0,3.0666615162508757,0.0
Tango,397.36862745098034,0.0,18.474073606464554,0.0,377.7565174548414,0.0,414.0,0.0,377.0,0.0,326.0,0.0,255.0,0.0,183.0,0.0,108.0,0.0,71.0,0.0,35.0,0.0,19.0,0.0,12.760316563812864,0.0,20.346989949375804,0.0,19.4164878389476,0.0,18.05547008526779,0.0,15.968719422671311,0.0,13.527749258468683,0.0,10.392304845413264,0.0,8.426149773176359,0.0,5.916079783099616,0.0,4.358898943540674,0.0,,,,,,,,,,,,,,,,,,,,,6.145008479345332,0.0,,,,,,,,,,,,,,,,,,,,,12.760876641450674,0.0,18.470020033501417,0.0,17.705654069606346,0.0,16.24228408884178,0.0,14.052418137617426,0.0,11.668616480289042,0.0,8.321962864410365,0.0,6.567291221544547,0.0,4.207496113229257,0.0,2.777402347087447,0.0
Tanks,374.29803921568623,0.0,17.993258594915876,0.0,367.6926703436437,0.0,383.0,0.0,347.0,0.0,300.0,0.0,241.0,0.0,173.0,0.0,101.0,0.0,59.0,0.0,31.0,0.0,5.0,0.0,12.504878756802816,0.0,19.570385790780925,0.0,18.627936010197157,0.0,17.320508075688775,0.0,15.524174696260024,0.0,13.152946437965905,0.0,10.04987562112089,0.0,7.681145747868608,0.0,5.5677643628300215,0.0,2.23606797749979,0.0,,,,,,,,,,,,,,,,,,,,,4.476849368085345,0.0,,,,,,,,,,,,,,,,,,,,,12.504926889956884,0.0,17.73890583406523,0.0,16.970081419839875,0.0,15.471996734024,0.0,13.6221803453468,0.0,11.302078718261706,0.0,8.073228985342375,0.0,6.163169682288006,0.0,4.551497557204423,0.0,1.1598032426290947,0.0
Tanne,366.5882352941176,0.0,17.818919138859155,0.0,343.31210702648195,0.0,360.0,0.0,334.0,0.0,290.0,0.0,226.0,0.0,151.0,0.0,75.0,0.0,38.0,0.0,12.0,0.0,3.0,0.0,11.671317235202713,0.0,18.973665961010276,0.0,18.275666882497067,0.0,17.029386365926403,0.0,15.033296378372908,0.0,12.288205727444508,0.0,8.660254037844387,0.0,6.164414002968976,0.0,3.4641016151377544,0.0,1.7320508075688772,0.0,,,,,,,,,,,,,,,,,,,,,3.2615324742034377,0.0,,,,,,,,,,,,,,,,,,,,,11.671967464926052,0.0,17.26564916074294,0.0,16.631598605394657,0.0,15.243533868053454,0.0,13.128263744482298,0.0,10.331692202823735,0.0,6.595111814754603,0.0,4.650547199660091,0.0,2.3479624732351345,0.0,0.9523458615052233,0.0
Tante,341.9176470588235,0.0,17.161896852491214,0.0,352.21494520980707,0.0,342.0,0.0,312.0,0.0,266.0,0.0,210.0,0.0,151.0,0.0,78.0,0.0,48.0,0.0,15.0,0.0,3.0,0.0,11.931573237136883,0.0,18.49324200890693,0.0,17.663521732655695,0.0,16.30950643030009,0.0,14.491376746189438,0.0,12.288205727444508,0.0,8.831760866327848,0.0,6.928203230275509,0.0,3.872983346207417,0.0,1.7320508075688772,0.0,,,,,,,,,,,,,,,,,,,,,2.8737218775418483,0.0,,,,,,,,,,,,,,,,,,,,,11.931567884165455,0.0,16.64160256776991,0.0,15.9211828075897,0.0,14.578853936749306,0.0,12.627190002843891,0.0,10.446866134285122,0.0,6.914190060537489,0.0,5.395972394831458,0.0,2.5724821838654752,0.0,0.9523458615052233,0.0
Tapps,394.44705882352935,0.0,18.43360854188437,0.0,379.71221717380394,0.0,399.0,0.0,361.0,0.0,311.0,0.0,245.0,0.0,177.0,0.0,113.0,0.0,80.0,0.0,50.0,0.0,33.0,0.0,12.95145614992992,0.0,19.974984355438178,0.0,19.0,0.0,17.635192088548397,0.0,15.652475842498529,0.0,13.30413469565007,0.0,10.63014581273465,0.0,8.94427190999916,0.0,7.0710678118654755,0.0,5.744562646538029,0.0,,,,,,,,,,,,,,,,,,,,,5.276224021778225,0.0,,,,,,,,,,,,,,,,,,,,,12.951749770499758,0.0,18.08219233318287,0.0,17.238800539819533,0.0,15.819236100719015,0.0,13.817818223368183,0.0,11.572378081293992,0.0,8.906342272152045,0.0,7.550306560642996,0.0,5.909069430847764,0.0,4.873458897176788,0.0
Tasse,321.2549019607843,0.0,16.527418296744216,0.0,339.21817781773393,0.0,323.0,0.0,279.0,0.0,224.0,0.0,178.0,0.0,124.0,0.0,70.0,0.0,42.0,0.0,16.0,0.0,3.0,0.0,11.408196399056255,0.0,17.97220075561143,0.0,16.703293088490067,0.0,14.966629547095765,0.0,13.341664064126334,0.0,11.135528725660043,0.0,8.366600265340756,0.0,6.48074069840786,0.0,4.0,0.0,1.7320508075688772,0.0,,,,,,,,,,,,,,,,,,,,,2.925824209647398,0.0,,,,,,,,,,,,,,,,,,,,,11.407858536692807,0.0,15.92889764949195,0.0,14.836318193556309,0.0,13.087262907562764,0.0,11.413263043075993,0.0,9.146107600986674,0.0,6.358412852725231,0.0,4.877853992461438,0.0,2.583735985973829,0.0,0.9523458615052233,0.0
Taste,319.2509803921569,0.0,16.50307673480085,0.0,350.7812179918098,0.0,324.0,0.0,286.0,0.0,234.0,0.0,186.0,0.0,134.0,0.0,79.0,0.0,51.0,0.0,17.0,0.0,3.0,0.0,11.819667269367654,0.0,18.0,0.0,16.911534525287763,0.0,15.297058540778355,0.0,13.638181696985855,0.0,11.575836902790225,0.0,8.888194417315589,0.0,7.14142842854285,0.0,4.123105625617661,0.0,1.7320508075688772,0.0,,,,,,,,,,,,,,,,,,,,,3.1345167204882842,0.0,,,,,,,,,,,,,,,,,,,,,11.819346178856174,0.0,15.944333450127306,0.0,15.044068034597323,0.0,13.537275195481262,0.0,11.795037520892029,0.0,9.738148736024039,0.0,6.9675303394112955,0.0,5.517462930534462,0.0,2.6837494543319678,0.0,0.9523458615052233,0.0
Tasts,310.7960784313725,0.0,16.230949025451974,0.0,351.50267755181403,0.0,315.0,0.0,279.0,0.0,222.0,0.0,179.0,0.0,130.0,0.0,82.0,0.0,52.0,0.0,17.0,0.0,3.0,0.0,11.865156701914938,0.0,17.74823934929885,0.0,16.703293088490067,0.0,14.89966442575134,0.0,13.379088160259652,0.0,11.40175425099138,0.0,9.055385138137417,0.0,7.211102550927978,0.0,4.123105625617661,0.0,1.7320508075688772,0.0,,,,,,,,,,,,,,,,,,,,,3.9158960622013232,0.0,,,,,,,,,,,,,,,,,,,,,11.864694044313861,0.0,15.587996310094734,0.0,14.794623700681237,0.0,13.097138525829383,0.0,11.489989191651693,0.0,9.577358989455199,0.0,7.051903702892095,0.0,5.545890403055323,0.0,2.6837494543319678,0.0,0.9523458615052233,0.0
Tatal,322.7607843137255,0.0,16.667826487902804,0.0,382.1200387135443,0.0,326.0,0.0,300.0,0.0,254.0,0.0,203.0,0.0,158.0,0.0,118.0,0.0,80.0,0.0,36.0,0.0,11.0,0.0,13.006185176656478,0.0,18.05547008526779,0.0,17.320508075688775,0.0,15.937377450509228,0.0,14.247806848775006,0.0,12.569805089976535,0.0,10.862780491200215,0.0,8.94427190999916,0.0,6.0,0.0,3.3166247903554,0.0,,,,,,,,,,,,,,,,,,,,,3.2248462800361577,0.0,,,,,,,,,,,,,,,,,,,,,13.006403054461606,0.0,16.054428288221473,0.0,15.501915243134361,0.0,14.12718725534142,0.0,12.420624807004176,0.0,10.824454250929804,0.0,8.937304202416174,0.0,7.149084454420865,0.0,4.75830266069856,0.0,2.3386612504466235,0.0
Tatar,317.79215686274506,0.0,16.49141959975626,0.0,362.9600853641749,0.0,314.0,0.0,291.0,0.0,247.0,0.0,196.0,0.0,144.0,0.0,99.0,0.0,59.0,0.0,15.0,0.0,3.0,0.0,12.279569422563199,0.0,17.72004514666935,0.0,17.05872210923198,0.0,15.716233645501712,0.0,14.0,0.0,12.0,0.0,9.9498743710662,0.0,7.681145747868608,0.0,3.872983346207417,0.0,1.7320508075688772,0.0,,,,,,,,,,,,,,,,,,,,,3.6430712823511073,0.0,,,,,,,,,,,,,,,,,,,,,12.280053242380415,0.0,15.730052634383929,0.0,15.193931837524737,0.0,13.839290411688639,0.0,12.03469413014521,0.0,10.140522835814307,0.0,7.885006507390509,0.0,5.790651005484737,0.0,2.569563044217372,0.0,0.9523458615052233,0.0
Tatem,382.83137254901965,0.0,18.147779882074065,0.0,428.59222030544316,0.0,412.0,0.0,374.0,0.0,318.0,0.0,267.0,0.0,207.0,0.0,152.0,0.0,118.0,0.0,70.0,0.0,49.0,0.0,14.412938333996465,0.0,20.29778313018444,0.0,19.339079605813716,0.0,17.832554500127006,0.0,16.34013463836819,0.0,14.38749456993816,0.0,12.328828005937952,0.0,10.862780491200215,0.0,8.366600265340756,0.0,7.0,0.0,,,,,,,,,,,,,,,,,,,,,9.676086776056467,0.0,,,,,,,,,,,,,,,,,,,,,14.413043704228228,0.0,18.078286373964367,0.0,17.358600176212537,0.0,16.131853920903392,0.0,14.620669605394545,0.0,12.799540080016364,0.0,10.598891348610186,0.0,9.231120359917016,0.0,6.8502147810521645,0.0,5.900160279371803,0.0
Taten,341.9176470588235,0.0,17.161896852491214,0.0,354.49867391263336,0.0,340.0,0.0,316.0,0.0,268.0,0.0,210.0,0.0,146.0,0.0,83.0,0.0,49.0,0.0,16.0,0.0,3.0,0.0,11.991916912954101,0.0,18.439088914585774,0.0,17.776388834631177,0.0,16.3707055437449,0.0,14.491376746189438,0.0,12.083045973594572,0.0,9.1104335791443,0.0,7.0,0.0,4.0,0.0,1.7320508075688772,0.0,,,,,,,,,,,,,,,,,,,,,3.853988512157108,0.0,,,,,,,,,,,,,,,,,,,,,11.99215608395088,0.0,16.52806145600677,0.0,15.934696898249504,0.0,14.632010062432892,0.0,12.598404480780392,0.0,10.218576674521705,0.0,7.2031922671646855,0.0,5.319317835684789,0.0,2.6174380547550933,0.0,0.9523458615052233,0.0
Tatze,326.9843137254902,0.0,16.793718732027227,0.0,359.60243484974956,0.0,332.0,0.0,301.0,0.0,255.0,0.0,194.0,0.0,145.0,0.0,89.0,0.0,53.0,0.0,18.0,0.0,3.0,0.0,12.098498489380571,0.0,18.2208671582886,0.0,17.349351572897472,0.0,15.968719422671311,0.0,13.92838827718412,0.0,12.041594578792296,0.0,9.433981132056603,0.0,7.280109889280518,0.0,4.242640687119285,0.0,1.7320508075688772,0.0,,,,,,,,,,,,,,,,,,,,,2.6867193390538024,0.0,,,,,,,,,,,,,,,,,,,,,12.09871023431789,0.0,16.234765414419122,0.0,15.427831098316926,0.0,14.083393992600422,0.0,11.972117436783329,0.0,10.18114934473402,0.0,7.4162411434982145,0.0,5.521983468167843,0.0,2.7500560364302564,0.0,0.9523458615052233,0.0
Taube,379.31764705882347,0.0,18.025004632539645,0.0,359.77678888160045,0.0,400.0,0.0,369.0,0.0,311.0,0.0,231.0,0.0,153.0,0.0,81.0,0.0,47.0,0.0,21.0,0.0,5.0,0.0,12.013490718665507,0.0,20.0,0.0,19.209372712298546,0.0,17.635192088548397,0.0,15.198684153570664,0.0,12.36931687685298,0.0,9.0,0.0,6.855654600401044,0.0,4.58257569495584,0.0,2.23606797749979,0.0,,,,,,,,,,,,,,,,,,,,,4.547613017242024,0.0,,,,,,,,,,,,,,,,,,,,,12.013595605462438,0.0,18.1523182507207,0.0,17.339886410306615,0.0,15.680775523530933,0.0,13.122507245809048,0.0,10.413386046561218,0.0,7.2865234718116145,0.0,5.278324974012829,0.0,3.280546811364015,0.0,1.1598032426290947,0.0
Taxis,311.81960784313725,0.0,16.33524316212359,0.0,367.37483322669607,0.0,313.0,0.0,286.0,0.0,241.0,0.0,196.0,0.0,147.0,0.0,99.0,0.0,56.0,0.0,20.0,0.0,4.0,0.0,12.45316577720676,0.0,17.69180601295413,0.0,16.911534525287763,0.0,15.524174696260024,0.0,14.0,0.0,12.12435565298214,0.0,9.9498743710662,0.0,7.483314773547883,0.0,4.47213595499958,0.0,2.0,0.0,,,,,,,,,,,,,,,,,,,,,4.673925123267033,0.0,,,,,,,,,,,,,,,,,,,,,12.452830435872198,0.0,15.745177704539154,0.0,15.107689369407652,0.0,13.609514882232043,0.0,11.976010514154865,0.0,10.130841631363607,0.0,7.737169495428118,0.0,5.580668408554341,0.0,3.12012773939667,0.0,1.0260062208710075,0.0
Tbbkn,438.53725490196086,0.0,19.456250472016304,0.0,412.6734166997393,0.0,472.0,0.0,442.0,0.0,396.0,0.0,307.0,0.0,231.0,0.0,144.0,0.0,85.0,0.0,50.0,0.0,15.0,0.0,13.798113860345037,0.0,21.72556098240043,0.0,21.02379604162864,0.0,19.8997487421324,0.0,17.52141546793523,0.0,15.198684153570664,0.0,12.0,0.0,9.219544457292887,0.0,7.0710678118654755,0.0,3.872983346207417,0.0,,,,,,,,,,,,,,,,,,,,,4.15514164264486,0.0,,,,,,,,,,,,,,,,,,,,,13.79830006532552,0.0,20.08809299177526,0.0,19.385842317794626,0.0,18.018418811235264,0.0,15.560260011680935,0.0,13.26004865586005,0.0,10.12821357745502,0.0,7.37017547330998,0.0,5.699207517592953,0.0,2.4946979854368396,0.0
Tbrsb,370.8941176470588,0.0,17.782353697902124,0.0,392.70826266896836,0.0,394.0,0.0,365.0,0.0,311.0,0.0,243.0,0.0,189.0,0.0,122.0,0.0,76.0,0.0,34.0,0.0,15.0,0.0,13.108367073356138,0.0,19.849433241279208,0.0,19.1049731745428,0.0,17.635192088548397,0.0,15.588457268119896,0.0,13.74772708486752,0.0,11.045361017187261,0.0,8.717797887081348,0.0,5.830951894845301,0.0,3.872983346207417,0.0,,,,,,,,,,,,,,,,,,,,,5.167740366363862,0.0,,,,,,,,,,,,,,,,,,,,,13.10843515002252,0.0,18.123035206131753,0.0,17.350584344443718,0.0,15.705497142592423,0.0,13.646236572409233,0.0,11.801692241301309,0.0,9.153330794094929,0.0,6.746353075776087,0.0,4.274192693927089,0.0,2.6105524226081136,0.0
Tbxgn,421.11764705882354,0.0,19.04422542680279,0.0,412.33105236587414,0.0,452.0,0.0,416.0,0.0,369.0,0.0,294.0,0.0,224.0,0.0,144.0,0.0,85.0,0.0,47.0,0.0,28.0,0.0,13.806564867521717,0.0,21.2602916254693,0.0,20.396078054371138,0.0,19.209372712298546,0.0,17.146428199482248,0.0,14.966629547095765,0.0,12.0,0.0,9.219544457292887,0.0,6.855654600401044,0.0,5.291502622129181,0.0,,,,,,,,,,,,,,,,,,,,,4.93419604341859,0.0,,,,,,,,,,,,,,,,,,,,,13.806448339172714,0.0,19.449741885124464,0.0,18.673480131143318,0.0,17.327967570422967,0.0,15.085318291329258,0.0,12.853019263308815,0.0,9.828009767285764,0.0,7.120738466079499,0.0,4.970803437496931,0.0,3.5025340957322224,0.0
Tchbl,374.15686274509807,0.0,18.02449100661858,0.0,419.827262812051,0.0,404.0,0.0,366.0,0.0,332.0,0.0,271.0,0.0,203.0,0.0,137.0,0.0,98.0,0.0,61.0,0.0,16.0,0.0,14.048761994016292,0.0,20.09975124224178,0.0,19.131126469708992,0.0,18.2208671582886,0.0,16.46207763315433,0.0,14.247806848775006,0.0,11.704699910719626,0.0,9.899494936611665,0.0,7.810249675906654,0.0,4.0,0.0,,,,,,,,,,,,,,,,,,,,,5.695871376104937,0.0,,,,,,,,,,,,,,,,,,,,,14.049235682360067,0.0,18.237105417710843,0.0,17.403155566476403,0.0,16.35049485971679,0.0,14.509782528376842,0.0,12.43638507648213,0.0,9.866579579988159,0.0,8.112272332092715,0.0,6.4556998313869896,0.0,2.6310713307846645,0.0
Tchcr,327.9921568627451,0.0,16.85143533178267,0.0,386.621601563661,0.0,336.0,0.0,302.0,0.0,276.0,0.0,235.0,0.0,166.0,0.0,102.0,0.0,68.0,0.0,31.0,0.0,6.0,0.0,12.969600865239093,0.0,18.33030277982336,0.0,17.378147196982766,0.0,16.61324772583615,0.0,15.329709716755891,0.0,12.884098726725126,0.0,10.099504938362077,0.0,8.246211251235321,0.0,5.5677643628300215,0.0,2.449489742783178,0.0,,,,,,,,,,,,,,,,,,,,,5.045554498518766,0.0,,,,,,,,,,,,,,,,,,,,,12.96960092922789,0.0,16.40540217923076,0.0,15.573275500467425,0.0,14.723374565364582,0.0,13.316784142316063,0.0,10.94325878588452,0.0,8.10459527291041,0.0,6.590694004508219,0.0,4.531962767089704,0.0,1.3876284653976316,0.0
Tchfl,343.0705882352941,0.0,17.319831046570226,0.0,425.64633449690007,0.0,362.0,0.0,323.0,0.0,297.0,0.0,256.0,0.0,203.0,0.0,145.0,0.0,112.0,0.0,67.0,0.0,21.0,0.0,14.343559802128592,0.0,19.026297590440446,0.0,17.97220075561143,0.0,17.233687939614086,0.0,16.0,0.0,14.247806848775006,0.0,12.041594578792296,0.0,10.583005244258363,0.0,8.18535277187245,0.0,4.58257569495584,0.0,,,,,,,,,,,,,,,,,,,,,4.779229632383048,0.0,,,,,,,,,,,,,,,,,,,,,14.343528678971323,0.0,17.11212933568554,0.0,16.281366132363946,0.0,15.51623237632587,0.0,14.213569608289797,0.0,12.47936090641928,0.0,10.197916963944307,0.0,8.889510371992143,0.0,6.911723093100022,0.0,3.235889648480328,0.0
Tchgr,380.40784313725493,0.0,18.174414080840492,0.0,413.6679465893483,0.0,409.0,0.0,364.0,0.0,330.0,0.0,277.0,0.0,200.0,0.0,132.0,0.0,92.0,0.0,53.0,0.0,22.0,0.0,13.811605462837237,0.0,20.223748416156685,0.0,19.078784028338912,0.0,18.16590212458495,0.0,16.64331697709324,0.0,14.142135623730951,0.0,11.489125293076057,0.0,9.591663046625438,0.0,7.280109889280518,0.0,4.69041575982343,0.0,,,,,,,,,,,,,,,,,,,,,6.527948422902948,0.0,,,,,,,,,,,,,,,,,,,,,13.81160018579268,0.0,18.239395063571166,0.0,17.32761784022037,0.0,16.330559197762923,0.0,14.628800587912554,0.0,12.253363590580392,0.0,9.497414843359254,0.0,7.728804081161212,0.0,5.713376350700698,0.0,2.9556040443799736,0.0
Tchph,416.9568627450981,0.0,19.090484474274465,0.0,416.5824890055163,0.0,448.0,0.0,395.0,0.0,361.0,0.0,302.0,0.0,218.0,0.0,137.0,0.0,97.0,0.0,66.0,0.0,27.0,0.0,14.015585665464181,0.0,21.166010488516726,0.0,19.87460691435179,0.0,19.0,0.0,17.378147196982766,0.0,14.7648230602334,0.0,11.704699910719626,0.0,9.848857801796104,0.0,8.12403840463596,0.0,5.196152422706632,0.0,,,,,,,,,,,,,,,,,,,,,8.80066454232061,0.0,,,,,,,,,,,,,,,,,,,,,14.016106333626384,0.0,19.24954615156812,0.0,18.203112575033437,0.0,17.235295836823344,0.0,15.504880526891977,0.0,12.859734375703155,0.0,9.92366946137818,0.0,8.429062492448447,0.0,7.028582642400948,0.0,3.993529679437274,0.0
Tchpl,376.29019607843134,0.0,18.154603679393915,0.0,423.6856824679487,0.0,397.0,0.0,355.0,0.0,325.0,0.0,276.0,0.0,206.0,0.0,141.0,0.0,109.0,0.0,71.0,0.0,30.0,0.0,14.271429718824612,0.0,19.924858845171276,0.0,18.841443681416774,0.0,18.027756377319946,0.0,16.61324772583615,0.0,14.352700094407323,0.0,11.874342087037917,0.0,10.44030650891055,0.0,8.426149773176359,0.0,5.477225575051661,0.0,,,,,,,,,,,,,,,,,,,,,5.9587658613475805,0.0,,,,,,,,,,,,,,,,,,,,,14.27193969503119,0.0,18.030547800823157,0.0,17.127282373151186,0.0,16.233227900453965,0.0,14.745887333403452,0.0,12.550724260977642,0.0,10.07097774007941,0.0,8.806687944676343,0.0,7.156588583874214,0.0,4.283536830422785,0.0
Tchpr,371.32156862745103,0.0,17.99277953347547,0.0,404.5257291185793,0.0,385.0,0.0,346.0,0.0,318.0,0.0,269.0,0.0,192.0,0.0,122.0,0.0,88.0,0.0,50.0,0.0,22.0,0.0,13.612519185419748,0.0,19.621416870348583,0.0,18.601075237738275,0.0,17.832554500127006,0.0,16.401219466856727,0.0,13.856406460551018,0.0,11.045361017187261,0.0,9.38083151964686,0.0,7.0710678118654755,0.0,4.69041575982343,0.0,,,,,,,,,,,,,,,,,,,,,5.804983738866015,0.0,,,,,,,,,,,,,,,,,,,,,13.612911361815833,0.0,17.73049393705221,0.0,16.843210688108833,0.0,15.991030525414704,0.0,14.440184795676256,0.0,11.976997609333418,0.0,9.159619859861637,0.0,7.765734466607336,0.0,5.934755047565525,0.0,3.713446928661349,0.0
Tchsp,377.46666666666664,0.0,18.07108353079394,0.0,397.7301539092861,0.0,400.0,0.0,349.0,0.0,305.0,0.0,261.0,0.0,194.0,0.0,116.0,0.0,85.0,0.0,52.0,0.0,22.0,0.0,13.425837441816958,0.0,20.0,0.0,18.681541692269406,0.0,17.46424919657298,0.0,16.15549442140351,0.0,13.92838827718412,0.0,10.770329614269007,0.0,9.219544457292887,0.0,7.211102550927978,0.0,4.69041575982343,0.0,,,,,,,,,,,,,,,,,,,,,6.666905946976029,0.0,,,,,,,,,,,,,,,,,,,,,13.426072628720735,0.0,18.008809030145002,0.0,16.942522255632145,0.0,15.683669338364002,0.0,14.278122756462356,0.0,11.99153493628832,0.0,8.954353121075266,0.0,7.666170269172645,0.0,5.986887558305237,0.0,3.714738690357865,0.0
Tcnhn,381.9764705882353,0.0,18.25232264164445,0.0,381.99215821259065,0.0,389.0,0.0,356.0,0.0,325.0,0.0,270.0,0.0,190.0,0.0,108.0,0.0,61.0,0.0,31.0,0.0,5.0,0.0,12.956120728950326,0.0,19.72308292331602,0.0,18.867962264113206,0.0,18.027756377319946,0.0,16.431676725154983,0.0,13.784048752090222,0.0,10.392304845413264,0.0,7.810249675906654,0.0,5.5677643628300215,0.0,2.23606797749979,0.0,,,,,,,,,,,,,,,,,,,,,6.909685627000319,0.0,,,,,,,,,,,,,,,,,,,,,12.956573184264021,0.0,17.97073310879793,0.0,17.204936366308726,0.0,16.267826205932447,0.0,14.470481026790392,0.0,11.763204120120548,0.0,8.207072781568233,0.0,6.230832771290955,0.0,4.521953758870442,0.0,1.1598032426290947,0.0
Tctjs,293.4078431372549,0.0,15.837873810210226,0.0,395.0889517916496,0.0,301.0,0.0,276.0,0.0,242.0,0.0,205.0,0.0,155.0,0.0,113.0,0.0,77.0,0.0,32.0,0.0,9.0,0.0,13.255496404321088,0.0,17.349351572897472,0.0,16.61324772583615,0.0,15.556349186104045,0.0,14.317821063276353,0.0,12.449899597988733,0.0,10.63014581273465,0.0,8.774964387392123,0.0,5.656854249492381,0.0,3.0,0.0,,,,,,,,,,,,,,,,,,,,,3.5278465481748285,0.0,,,,,,,,,,,,,,,,,,,,,13.255136943603281,0.0,15.17885761180282,0.0,14.585124841565037,0.0,13.721658724897065,0.0,12.422717650589941,0.0,10.716936558327674,0.0,8.603607997809473,0.0,6.769713191075768,0.0,4.156249742441079,0.0,1.9763451096385591,0.0
Tdlhs,379.05882352941177,0.0,18.205564633421396,0.0,405.1575395571973,0.0,403.0,0.0,357.0,0.0,313.0,0.0,258.0,0.0,185.0,0.0,140.0,0.0,93.0,0.0,60.0,0.0,20.0,0.0,13.66590012319658,0.0,20.074859899884732,0.0,18.894443627691185,0.0,17.69180601295413,0.0,16.06237840420901,0.0,13.601470508735444,0.0,11.832159566199232,0.0,9.643650760992955,0.0,7.745966692414834,0.0,4.47213595499958,0.0,,,,,,,,,,,,,,,,,,,,,4.362888211568664,0.0,,,,,,,,,,,,,,,,,,,,,13.665861952851701,0.0,18.097962432296143,0.0,17.089055918260797,0.0,15.92824809738595,0.0,14.274446837457198,0.0,11.95103274878907,0.0,9.981415748120863,0.0,8.256670514629686,0.0,6.886911445788624,0.0,3.345708267630556,0.0
Tdmrr,392.0352941176471,0.0,18.48991495430147,0.0,456.67630590719085,0.0,417.0,0.0,381.0,0.0,348.0,0.0,302.0,0.0,242.0,0.0,184.0,0.0,138.0,0.0,77.0,0.0,57.0,0.0,15.17486202106655,0.0,20.42057785666214,0.0,19.519221295943137,0.0,18.65475810617763,0.0,17.378147196982766,0.0,15.556349186104045,0.0,13.564659966250536,0.0,11.74734012447073,0.0,8.774964387392123,0.0,7.54983443527075,0.0,,,,,,,,,,,,,,,,,,,,,8.010891974578822,0.0,,,,,,,,,,,,,,,,,,,,,15.174855158132527,0.0,18.49354494972734,0.0,17.71135174079171,0.0,16.94970732430151,0.0,15.652299435069532,0.0,13.863030091880827,0.0,11.610652351883278,0.0,10.01492451171963,0.0,7.4827357945338004,0.0,6.311091799158913,0.0
Tdntr,355.2627450980392,0.0,17.58083259520107,0.0,387.88671752881305,0.0,361.0,0.0,336.0,0.0,300.0,0.0,249.0,0.0,181.0,0.0,112.0,0.0,73.0,0.0,31.0,0.0,13.0,0.0,13.109764873394786,0.0,19.0,0.0,18.33030277982336,0.0,17.320508075688775,0.0,15.7797338380595,0.0,13.45362404707371,0.0,10.583005244258363,0.0,8.54400374531753,0.0,5.5677643628300215,0.0,3.605551275463989,0.0,,,,,,,,,,,,,,,,,,,,,7.086277506009713,0.0,,,,,,,,,,,,,,,,,,,,,13.109336758840616,0.0,17.147136397480647,0.0,16.529286842892308,0.0,15.594087361302133,0.0,13.913494995475746,0.0,11.629358575076717,0.0,8.595140699890237,0.0,6.87153880970694,0.0,4.447391728947103,0.0,2.786607993109439,0.0
Tdtds,379.8274509803922,0.0,18.0932133008745,0.0,395.890595902412,0.0,403.0,0.0,364.0,0.0,312.0,0.0,257.0,0.0,175.0,0.0,130.0,0.0,88.0,0.0,47.0,0.0,22.0,0.0,13.30736521383045,0.0,20.074859899884732,0.0,19.078784028338912,0.0,17.663521732655695,0.0,16.0312195418814,0.0,13.228756555322953,0.0,11.40175425099138,0.0,9.38083151964686,0.0,6.855654600401044,0.0,4.69041575982343,0.0,,,,,,,,,,,,,,,,,,,,,4.129480078276312,0.0,,,,,,,,,,,,,,,,,,,,,13.30753140261497,0.0,17.962013208368226,0.0,17.08006741515489,0.0,15.906243325486347,0.0,14.228887139388851,0.0,11.532669166040593,0.0,9.493328626424757,0.0,7.783881690363006,0.0,5.739130613548705,0.0,3.7279278798008657,0.0
Teams,384.8352941176471,0.0,18.169918230114373,0.0,417.79406473315,0.0,406.0,0.0,361.0,0.0,310.0,0.0,262.0,0.0,207.0,0.0,148.0,0.0,110.0,0.0,62.0,0.0,47.0,0.0,14.104307802367327,0.0,20.149441679609886,0.0,19.0,0.0,17.60681686165901,0.0,16.186414056238647,0.0,14.38749456993816,0.0,12.165525060596439,0.0,10.488088481701515,0.0,7.874007874011811,0.0,6.855654600401044,0.0,,,,,,,,,,,,,,,,,,,,,6.284932274968657,0.0,,,,,,,,,,,,,,,,,,,,,14.104670963820366,0.0,18.112512799507954,0.0,17.123033982413776,0.0,15.883020657728926,0.0,14.403197361685384,0.0,12.736831389314805,0.0,10.302789510117298,0.0,8.906232328689791,0.0,6.562682066445153,0.0,5.7410092388811105,0.0
Teddy,409.36470588235295,0.0,18.812070858790516,0.0,418.355153571825,0.0,441.0,0.0,403.0,0.0,356.0,0.0,296.0,0.0,209.0,0.0,149.0,0.0,106.0,0.0,57.0,0.0,27.0,0.0,13.978636086497467,0.0,21.0,0.0,20.074859899884732,0.0,18.867962264113206,0.0,17.204650534085253,0.0,14.45683229480096,0.0,12.206555615733702,0.0,10.295630140987,0.0,7.54983443527075,0.0,5.196152422706632,0.0,,,,,,,,,,,,,,,,,,,,,6.440434452909063,0.0,,,,,,,,,,,,,,,,,,,,,13.978777273744578,0.0,18.940227797514112,0.0,18.134427019753925,0.0,17.016494198958174,0.0,15.34917009008623,0.0,12.604708300032764,0.0,10.145859309203908,0.0,8.539026898462206,0.0,6.238982099501617,0.0,4.0309084470387555,0.0
Teich,333.9254901960784,0.0,17.032278196903118,0.0,383.69293869275805,0.0,345.0,0.0,308.0,0.0,273.0,0.0,225.0,0.0,166.0,0.0,111.0,0.0,67.0,0.0,33.0,0.0,8.0,0.0,12.931917351381657,0.0,18.57417562100671,0.0,17.549928774784245,0.0,16.522711641858304,0.0,15.0,0.0,12.884098726725126,0.0,10.535653752852738,0.0,8.18535277187245,0.0,5.744562646538029,0.0,2.8284271247461903,0.0,,,,,,,,,,,,,,,,,,,,,6.003996750459913,0.0,,,,,,,,,,,,,,,,,,,,,12.932415434976656,0.0,16.685461096165096,0.0,15.75911142684148,0.0,14.631492618787647,0.0,13.069486437855845,0.0,11.039000044562611,0.0,8.537500584781277,0.0,6.612865876048504,0.0,4.819479351711619,0.0,1.7515215367916965,0.0
Teile,304.2196078431373,0.0,16.313905541992824,0.0,382.06775707116265,0.0,310.0,0.0,275.0,0.0,241.0,0.0,200.0,0.0,154.0,0.0,107.0,0.0,73.0,0.0,33.0,0.0,8.0,0.0,12.904746339476745,0.0,17.60681686165901,0.0,16.583123951777,0.0,15.524174696260024,0.0,14.142135623730951,0.0,12.409673645990857,0.0,10.344080432788601,0.0,8.54400374531753,0.0,5.744562646538029,0.0,2.8284271247461903,0.0,,,,,,,,,,,,,,,,,,,,,4.064268176276624,0.0,,,,,,,,,,,,,,,,,,,,,12.905004641485311,0.0,15.750735809558382,0.0,14.741807588962274,0.0,13.715129819319621,0.0,12.328528856821299,0.0,10.74098829370926,0.0,8.478725573846347,0.0,6.877943382674674,0.0,4.863371892786272,0.0,1.955659419154027,0.0
Teint,317.60392156862747,0.0,16.600760579751178,0.0,373.4097726051743,0.0,316.0,0.0,292.0,0.0,257.0,0.0,211.0,0.0,153.0,0.0,103.0,0.0,61.0,0.0,20.0,0.0,3.0,0.0,12.65421673180208,0.0,17.776388834631177,0.0,17.08800749063506,0.0,16.0312195418814,0.0,14.52583904633395,0.0,12.36931687685298,0.0,10.14889156509222,0.0,7.810249675906654,0.0,4.47213595499958,0.0,1.7320508075688772,0.0,,,,,,,,,,,,,,,,,,,,,3.5076468516751698,0.0,,,,,,,,,,,,,,,,,,,,,12.654162359950476,0.0,15.777031322090833,0.0,15.238452335338428,0.0,14.17233219716825,0.0,12.580589168308203,0.0,10.556705414494045,0.0,7.99556209256097,0.0,5.890012145129572,0.0,3.1841631150313026,0.0,0.9523458615052233,0.0
Tempo,424.50980392156856,0.0,19.159699149802883,0.0,442.6969531306961,0.0,454.0,0.0,405.0,0.0,363.0,0.0,305.0,0.0,237.0,0.0,171.0,0.0,135.0,0.0,82.0,0.0,63.0,0.0,14.819682197338928,0.0,21.307275752662516,0.0,20.12461179749811,0.0,19.05255888325765,0.0,17.46424919657298,0.0,15.394804318340652,0.0,13.076696830622021,0.0,11.61895003862225,0.0,9.055385138137417,0.0,7.937253933193772,0.0,,,,,,,,,,,,,,,,,,,,,6.264612591955935,0.0,,,,,,,,,,,,,,,,,,,,,14.819790136473115,0.0,19.281802608991704,0.0,18.283820127299414,0.0,17.315838332216426,0.0,15.717918470464955,0.0,13.752310036256494,0.0,11.225769540956813,0.0,9.944619349932779,0.0,7.606467428660229,0.0,6.696516316916299,0.0
Tente,337.2313725490196,0.0,17.09068109346055,0.0,356.015289690158,0.0,339.0,0.0,306.0,0.0,265.0,0.0,214.0,0.0,152.0,0.0,79.0,0.0,49.0,0.0,16.0,0.0,3.0,0.0,12.027604641184308,0.0,18.411952639521967,0.0,17.4928556845359,0.0,16.278820596099706,0.0,14.628738838327793,0.0,12.328828005937952,0.0,8.888194417315589,0.0,7.0,0.0,4.0,0.0,1.7320508075688772,0.0,,,,,,,,,,,,,,,,,,,,,2.7503017874714897,0.0,,,,,,,,,,,,,,,,,,,,,12.028049702670979,0.0,16.521656510939522,0.0,15.626451660150218,0.0,14.507878505235537,0.0,12.725272689224326,0.0,10.479175389186143,0.0,6.955401633711199,0.0,5.425909906008928,0.0,2.6150082896152744,0.0,0.9523458615052233,0.0
Tenzt,336.5098039215686,0.0,17.113181817715322,0.0,368.05135915856187,0.0,338.0,0.0,311.0,0.0,272.0,0.0,218.0,0.0,166.0,0.0,95.0,0.0,54.0,0.0,19.0,0.0,3.0,0.0,12.443130119554908,0.0,18.384776310850235,0.0,17.635192088548397,0.0,16.492422502470642,0.0,14.7648230602334,0.0,12.884098726725126,0.0,9.746794344808963,0.0,7.3484692283495345,0.0,4.358898943540674,0.0,1.7320508075688772,0.0,,,,,,,,,,,,,,,,,,,,,3.381310604701872,0.0,,,,,,,,,,,,,,,,,,,,,12.443355818361773,0.0,16.469428863807458,0.0,15.791168133828965,0.0,14.57069564775634,0.0,12.781964744105306,0.0,10.951018413565308,0.0,7.494907372755212,0.0,5.523868852407624,0.0,2.793169440438763,0.0,0.9523458615052233,0.0
Teste,314.5647058823529,0.0,16.429005398305375,0.0,354.5815624721607,0.0,321.0,0.0,280.0,0.0,233.0,0.0,190.0,0.0,135.0,0.0,80.0,0.0,52.0,0.0,18.0,0.0,3.0,0.0,11.916600515668815,0.0,17.916472867168917,0.0,16.73320053068151,0.0,15.264337522473747,0.0,13.784048752090222,0.0,11.61895003862225,0.0,8.94427190999916,0.0,7.211102550927978,0.0,4.242640687119285,0.0,1.7320508075688772,0.0,,,,,,,,,,,,,,,,,,,,,3.0459971059153963,0.0,,,,,,,,,,,,,,,,,,,,,11.916705911136157,0.0,15.813835959089426,0.0,14.728430767866543,0.0,13.465898447558807,0.0,11.896823781365674,0.0,9.777423094985856,0.0,7.014797379887113,0.0,5.546591359702168,0.0,2.724483901963375,0.0,0.9523458615052233,0.0
Teten,337.2313725490196,0.0,17.09068109346055,0.0,358.2990183929843,0.0,337.0,0.0,310.0,0.0,267.0,0.0,214.0,0.0,147.0,0.0,84.0,0.0,50.0,0.0,17.0,0.0,3.0,0.0,12.087468913658965,0.0,18.35755975068582,0.0,17.60681686165901,0.0,16.34013463836819,0.0,14.628738838327793,0.0,12.12435565298214,0.0,9.16515138991168,0.0,7.0710678118654755,0.0,4.123105625617661,0.0,1.7320508075688772,0.0,,,,,,,,,,,,,,,,,,,,,4.080778852882867,0.0,,,,,,,,,,,,,,,,,,,,,12.087797884673138,0.0,16.413852296852372,0.0,15.682950488749512,0.0,14.574549697203185,0.0,12.677139987841661,0.0,10.264324246561772,0.0,7.252348141304612,0.0,5.348372103690792,0.0,2.6595640646665237,0.0,0.9523458615052233,0.0
Texas,331.4470588235294,0.0,16.83289332164422,0.0,356.9668464659726,0.0,334.0,0.0,298.0,0.0,252.0,0.0,203.0,0.0,144.0,0.0,96.0,0.0,49.0,0.0,16.0,0.0,4.0,0.0,12.074112064122312,0.0,18.275666882497067,0.0,17.26267650163207,0.0,15.874507866387544,0.0,14.247806848775006,0.0,12.0,0.0,9.797958971132712,0.0,7.0,0.0,4.0,0.0,2.0,0.0,,,,,,,,,,,,,,,,,,,,,2.4726928583864494,0.0,,,,,,,,,,,,,,,,,,,,,12.074120335072896,0.0,16.252513342228234,0.0,15.355533410178543,0.0,13.895698865454142,0.0,12.094944477097252,0.0,9.951720262763134,0.0,7.547933960916668,0.0,5.121616196498979,0.0,2.5468416872203563,0.0,1.0260062208710075,0.0
Texte,324.75686274509803,0.0,16.736276778299473,0.0,367.70626921841426,0.0,333.0,0.0,297.0,0.0,259.0,0.0,210.0,0.0,152.0,0.0,93.0,0.0,55.0,0.0,19.0,0.0,4.0,0.0,12.37835888331352,0.0,18.24828759089466,0.0,17.233687939614086,0.0,16.09347693943108,0.0,14.491376746189438,0.0,12.328828005937952,0.0,9.643650760992955,0.0,7.416198487095663,0.0,4.358898943540674,0.0,2.0,0.0,,,,,,,,,,,,,,,,,,,,,2.7366332887079645,0.0,,,,,,,,,,,,,,,,,,,,,12.378369675535632,0.0,16.23120688753115,0.0,15.233573990000872,0.0,14.194526719727742,0.0,12.43720175661911,0.0,10.318727854416519,0.0,7.531017227400159,0.0,5.605335366214807,0.0,2.7556639947253254,0.0,1.0260062208710075,0.0
Theke,394.89019607843136,0.0,18.599173169767532,0.0,388.08031170612367,0.0,415.0,0.0,374.0,0.0,329.0,0.0,266.0,0.0,189.0,0.0,115.0,0.0,75.0,0.0,49.0,0.0,17.0,0.0,13.098391272649463,0.0,20.37154878746336,0.0,19.339079605813716,0.0,18.138357147217054,0.0,16.30950643030009,0.0,13.74772708486752,0.0,10.723805294763608,0.0,8.660254037844387,0.0,7.0,0.0,4.123105625617661,0.0,,,,,,,,,,,,,,,,,,,,,3.5180925860623873,0.0,,,,,,,,,,,,,,,,,,,,,13.098596782826442,0.0,18.53656809574371,0.0,17.62954721454995,0.0,16.28295935045425,0.0,14.415990845152798,0.0,11.976207016324024,0.0,9.028140881681683,0.0,7.270635407458185,0.0,5.952614441382455,0.0,3.2170573037078887,0.0
Thmrs,396.58431372549023,0.0,18.57281688664807,0.0,444.7425724799084,0.0,424.0,0.0,382.0,0.0,339.0,0.0,291.0,0.0,232.0,0.0,173.0,0.0,132.0,0.0,78.0,0.0,59.0,0.0,14.887198768649444,0.0,20.591260281974,0.0,19.544820285692065,0.0,18.411952639521967,0.0,17.05872210923198,0.0,15.231546211727817,0.0,13.152946437965905,0.0,11.489125293076057,0.0,8.831760866327848,0.0,7.681145747868608,0.0,,,,,,,,,,,,,,,,,,,,,6.7961047142442395,0.0,,,,,,,,,,,,,,,,,,,,,14.887141032709005,0.0,18.622162201225947,0.0,17.770158334988114,0.0,16.686942569320717,0.0,15.300750013961848,0.0,13.575535710434265,0.0,11.309939830044929,0.0,9.902495709118359,0.0,7.569483410518527,0.0,6.478174717909461,0.0
Thpjs,378.2313725490196,0.0,18.146460832723175,0.0,412.2563184877429,0.0,393.0,0.0,359.0,0.0,320.0,0.0,263.0,0.0,197.0,0.0,136.0,0.0,97.0,0.0,62.0,0.0,35.0,0.0,13.919973902199807,0.0,19.82422760159901,0.0,18.947295321496416,0.0,17.88854381999832,0.0,16.217274740226856,0.0,14.035668847618199,0.0,11.661903789690601,0.0,9.848857801796104,0.0,7.874007874011811,0.0,5.916079783099616,0.0,,,,,,,,,,,,,,,,,,,,,6.440801671434276,0.0,,,,,,,,,,,,,,,,,,,,,13.919685424010982,0.0,17.98770689703474,0.0,17.202360449897494,0.0,16.097046549270768,0.0,14.363693357521232,0.0,12.327504547825189,0.0,9.882181194671977,0.0,8.254198089312922,0.0,6.671923421887281,0.0,4.887358867501183,0.0
Tibet,333.62745098039215,0.0,16.92553789813191,0.0,390.6542197493078,0.0,350.0,0.0,322.0,0.0,280.0,0.0,224.0,0.0,164.0,0.0,113.0,0.0,74.0,0.0,32.0,0.0,5.0,0.0,13.137185303209417,0.0,18.708286933869708,0.0,17.944358444926362,0.0,16.73320053068151,0.0,14.966629547095765,0.0,12.806248474865697,0.0,10.63014581273465,0.0,8.602325267042627,0.0,5.656854249492381,0.0,2.23606797749979,0.0,,,,,,,,,,,,,,,,,,,,,4.4805616143583205,0.0,,,,,,,,,,,,,,,,,,,,,13.13730905914721,0.0,16.66889246751869,0.0,16.03929222695462,0.0,14.833695044225689,0.0,13.003145775316122,0.0,11.037175946864439,0.0,8.755146554907904,0.0,6.658798682889097,0.0,4.039201777342303,0.0,1.1632348435882185,0.0
Ticks,324.81176470588235,0.0,16.75227150383656,0.0,393.8271645433621,0.0,340.0,0.0,299.0,0.0,267.0,0.0,224.0,0.0,172.0,0.0,120.0,0.0,80.0,0.0,38.0,0.0,5.0,0.0,13.310147102043988,0.0,18.439088914585774,0.0,17.291616465790582,0.0,16.34013463836819,0.0,14.966629547095765,0.0,13.114877048604,0.0,10.954451150103322,0.0,8.94427190999916,0.0,6.164414002968976,0.0,2.23606797749979,0.0,,,,,,,,,,,,,,,,,,,,,5.312031805446339,0.0,,,,,,,,,,,,,,,,,,,,,13.309933528105688,0.0,16.40950751774948,0.0,15.458061499411198,0.0,14.405687825224838,0.0,12.992028347306611,0.0,11.311736389503508,0.0,8.961811167965356,0.0,7.082397784219199,0.0,4.964815720222873,0.0,1.1598032426290947,0.0
Tiefe,313.0,0.0,16.47057843136963,0.0,385.65118043913276,0.0,319.0,0.0,284.0,0.0,247.0,0.0,208.0,0.0,165.0,0.0,110.0,0.0,78.0,0.0,35.0,0.0,10.0,0.0,13.084774390535001,0.0,17.86057109949175,0.0,16.852299546352718,0.0,15.716233645501712,0.0,14.422205101855956,0.0,12.84523257866513,0.0,10.488088481701515,0.0,8.831760866327848,0.0,5.916079783099616,0.0,3.1622776601683795,0.0,,,,,,,,,,,,,,,,,,,,,4.126479840297081,0.0,,,,,,,,,,,,,,,,,,,,,13.084364978300071,0.0,15.908362849846679,0.0,15.054030470074542,0.0,13.953182556072969,0.0,12.653089512827924,0.0,11.090273110150223,0.0,8.654766749287734,0.0,7.1411905023828,0.0,4.591151864841638,0.0,2.211444248883222,0.0
Tiere,299.25098039215686,0.0,16.133629307054715,0.0,373.6878038837743,0.0,301.0,0.0,271.0,0.0,234.0,0.0,198.0,0.0,152.0,0.0,94.0,0.0,62.0,0.0,20.0,0.0,3.0,0.0,12.6062650412992,0.0,17.349351572897472,0.0,16.46207763315433,0.0,15.297058540778355,0.0,14.071247279470288,0.0,12.328828005937952,0.0,9.695359714832659,0.0,7.874007874011811,0.0,4.47213595499958,0.0,1.7320508075688772,0.0,,,,,,,,,,,,,,,,,,,,,3.3205809870003633,0.0,,,,,,,,,,,,,,,,,,,,,12.606371025910926,0.0,15.40829554239609,0.0,14.585302432565866,0.0,13.429451386439204,0.0,12.237107516088184,0.0,10.494819015102845,0.0,7.770741470382064,0.0,6.120730343405553,0.0,3.129670320819462,0.0,0.9523458615052233,0.0
Tifil,283.74117647058824,0.0,15.77629756257075,0.0,431.5279369244611,0.0,292.0,0.0,266.0,0.0,242.0,0.0,215.0,0.0,189.0,0.0,157.0,0.0,118.0,0.0,59.0,0.0,18.0,0.0,14.597708809367159,0.0,17.08800749063506,0.0,16.30950643030009,0.0,15.556349186104045,0.0,14.66287829861518,0.0,13.74772708486752,0.0,12.529964086141668,0.0,10.862780491200215,0.0,7.681145747868608,0.0,4.242640687119285,0.0,,,,,,,,,,,,,,,,,,,,,4.472800672740956,0.0,,,,,,,,,,,,,,,,,,,,,14.597347665150744,0.0,15.158304741593756,0.0,14.548650575136847,0.0,13.828150427575139,0.0,12.95772789359105,0.0,12.07055595166173,0.0,10.506388505719503,0.0,8.855702056938558,0.0,6.303794625291327,0.0,3.0666615162508757,0.0
Tiger,340.70588235294116,0.0,17.19681577778399,0.0,402.5559645584803,0.0,357.0,0.0,323.0,0.0,284.0,0.0,242.0,0.0,175.0,0.0,124.0,0.0,83.0,0.0,42.0,0.0,19.0,0.0,13.521824233136128,0.0,18.894443627691185,0.0,17.97220075561143,0.0,16.852299546352718,0.0,15.556349186104045,0.0,13.228756555322953,0.0,11.135528725660043,0.0,9.1104335791443,0.0,6.48074069840786,0.0,4.358898943540674,0.0,,,,,,,,,,,,,,,,,,,,,5.899389949434975,0.0,,,,,,,,,,,,,,,,,,,,,13.522041205277308,0.0,16.897018045285275,0.0,16.128478366275978,0.0,15.00503853808118,0.0,13.610791672273649,0.0,11.403445312197436,0.0,9.088354471797743,0.0,7.063283199747703,0.0,4.671617072032969,0.0,2.777230959559004,0.0
Tings,361.0627450980392,0.0,17.65858839048684,0.0,395.4616838501896,0.0,381.0,0.0,339.0,0.0,295.0,0.0,246.0,0.0,184.0,0.0,122.0,0.0,81.0,0.0,41.0,0.0,19.0,0.0,13.386170501336576,0.0,19.519221295943137,0.0,18.411952639521967,0.0,17.175564037317667,0.0,15.684387141358123,0.0,13.564659966250536,0.0,11.045361017187261,0.0,9.0,0.0,6.4031242374328485,0.0,4.358898943540674,0.0,,,,,,,,,,,,,,,,,,,,,6.998430442917463,0.0,,,,,,,,,,,,,,,,,,,,,13.386442933281016,0.0,17.523600759259363,0.0,16.64871838147821,0.0,15.377276391690973,0.0,13.762865070200816,0.0,11.746769083126644,0.0,8.986542629145838,0.0,7.063142113001879,0.0,4.6534573087816655,0.0,2.777402347087447,0.0
Tinni,322.6470588235294,0.0,16.794710450487816,0.0,389.09565835972376,0.0,321.0,0.0,301.0,0.0,272.0,0.0,232.0,0.0,174.0,0.0,113.0,0.0,71.0,0.0,28.0,0.0,5.0,0.0,13.297799475532027,0.0,17.916472867168917,0.0,17.349351572897472,0.0,16.492422502470642,0.0,15.231546211727817,0.0,13.19090595827292,0.0,10.63014581273465,0.0,8.426149773176359,0.0,5.291502622129181,0.0,2.23606797749979,0.0,,,,,,,,,,,,,,,,,,,,,4.149276282445875,0.0,,,,,,,,,,,,,,,,,,,,,13.29850567450111,0.0,16.10068453511049,0.0,15.631013601208545,0.0,14.65950848641626,0.0,13.321443281838423,0.0,11.239481380392927,0.0,8.396331781357581,0.0,6.411637046277262,0.0,3.8075121017156155,0.0,1.3532833777013693,0.0
Tippi,358.9607843137255,0.0,17.698988082991097,0.0,424.7743089470415,0.0,369.0,0.0,335.0,0.0,305.0,0.0,258.0,0.0,204.0,0.0,148.0,0.0,112.0,0.0,66.0,0.0,35.0,0.0,14.397035531241897,0.0,19.209372712298546,0.0,18.303005217723125,0.0,17.46424919657298,0.0,16.06237840420901,0.0,14.2828568570857,0.0,12.165525060596439,0.0,10.583005244258363,0.0,8.12403840463596,0.0,5.916079783099616,0.0,,,,,,,,,,,,,,,,,,,,,6.251834142369721,0.0,,,,,,,,,,,,,,,,,,,,,14.397238196457304,0.0,17.290266840622095,0.0,16.490528939017647,0.0,15.617004140047161,0.0,14.240206926717915,0.0,12.500407912004244,0.0,10.253968352401156,0.0,8.718091611666896,0.0,6.62422891970327,0.0,4.966811292928802,0.0
Tirms,345.92156862745094,0.0,17.305163872530436,0.0,447.51443091900194,0.0,372.0,0.0,329.0,0.0,291.0,0.0,263.0,0.0,220.0,0.0,172.0,0.0,132.0,0.0,68.0,0.0,47.0,0.0,14.973848679725508,0.0,19.28730152198591,0.0,18.138357147217054,0.0,17.05872210923198,0.0,16.217274740226856,0.0,14.832396974191326,0.0,13.114877048604,0.0,11.489125293076057,0.0,8.246211251235321,0.0,6.855654600401044,0.0,,,,,,,,,,,,,,,,,,,,,7.409002866518009,0.0,,,,,,,,,,,,,,,,,,,,,14.973404113865866,0.0,17.206521868057745,0.0,16.27675114505188,0.0,15.337959310947145,0.0,14.540050194867511,0.0,13.160098816592862,0.0,11.174748559159381,0.0,9.636403924924315,0.0,6.845467718755662,0.0,5.7410092388811105,0.0
Titel,293.7607843137255,0.0,16.013483841573297,0.0,403.02244008714683,0.0,304.0,0.0,275.0,0.0,240.0,0.0,207.0,0.0,160.0,0.0,123.0,0.0,91.0,0.0,44.0,0.0,11.0,0.0,13.635591605082835,0.0,17.435595774162696,0.0,16.583123951777,0.0,15.491933384829668,0.0,14.38749456993816,0.0,12.649110640673518,0.0,11.090536506409418,0.0,9.539392014169456,0.0,6.6332495807108,0.0,3.3166247903554,0.0,,,,,,,,,,,,,,,,,,,,,3.6075983756533954,0.0,,,,,,,,,,,,,,,,,,,,,13.635630041039601,0.0,15.29624426002295,0.0,14.608369161349833,0.0,13.696178409022462,0.0,12.559509589375175,0.0,10.966356450914072,0.0,9.232869100199203,0.0,7.639113828316973,0.0,5.185981362404202,0.0,2.3386612504466235,0.0
Titim,338.89019607843136,0.0,17.143229989903762,0.0,471.64426491510915,0.0,374.0,0.0,337.0,0.0,300.0,0.0,272.0,0.0,235.0,0.0,189.0,0.0,149.0,0.0,81.0,0.0,49.0,0.0,15.677207272943589,0.0,19.339079605813716,0.0,18.35755975068582,0.0,17.320508075688775,0.0,16.492422502470642,0.0,15.329709716755891,0.0,13.74772708486752,0.0,12.206555615733702,0.0,9.0,0.0,7.0,0.0,,,,,,,,,,,,,,,,,,,,,11.112366635499107,0.0,,,,,,,,,,,,,,,,,,,,,15.676783703817048,0.0,17.10376911154885,0.0,16.377172966871814,0.0,15.664352232844248,0.0,14.83644602615343,0.0,13.70093780020635,0.0,11.792886001287883,0.0,10.164604236974322,0.0,7.3582841268392825,0.0,5.900160279371803,0.0
Titin,297.9764705882353,0.0,16.09593499657822,0.0,397.55071852229935,0.0,302.0,0.0,279.0,0.0,250.0,0.0,215.0,0.0,174.0,0.0,120.0,0.0,80.0,0.0,27.0,0.0,3.0,0.0,13.48510688524363,0.0,17.378147196982766,0.0,16.703293088490067,0.0,15.811388300841896,0.0,14.66287829861518,0.0,13.19090595827292,0.0,10.954451150103322,0.0,8.94427190999916,0.0,5.196152422706632,0.0,1.7320508075688772,0.0,,,,,,,,,,,,,,,,,,,,,5.415758739992207,0.0,,,,,,,,,,,,,,,,,,,,,13.48521795120513,0.0,15.455723880679471,0.0,14.881049336455897,0.0,14.136120350837174,0.0,12.894992288519605,0.0,11.361279766452869,0.0,8.882767214307721,0.0,6.828463391008338,0.0,3.751841326838759,0.0,0.9523458615052233,0.0
Tlttm,358.05490196078426,0.0,17.643936107153802,0.0,480.8291666329211,0.0,400.0,0.0,363.0,0.0,320.0,0.0,286.0,0.0,245.0,0.0,197.0,0.0,160.0,0.0,89.0,0.0,56.0,0.0,15.905103459062348,0.0,20.0,0.0,19.05255888325765,0.0,17.88854381999832,0.0,16.911534525287763,0.0,15.652475842498529,0.0,14.035668847618199,0.0,12.649110640673518,0.0,9.433981132056603,0.0,7.483314773547883,0.0,,,,,,,,,,,,,,,,,,,,,10.595079097212077,0.0,,,,,,,,,,,,,,,,,,,,,15.904759887275953,0.0,17.69208128065469,0.0,17.014194640341298,0.0,16.278875616765102,0.0,15.273445799733455,0.0,14.064607726694552,0.0,12.197850520231508,0.0,10.742201904175516,0.0,7.840501644690083,0.0,6.3061745810621925,0.0
Tnlgn,393.7254901960784,0.0,18.564179851225184,0.0,409.17173236360605,0.0,412.0,0.0,382.0,0.0,345.0,0.0,274.0,0.0,208.0,0.0,142.0,0.0,92.0,0.0,52.0,0.0,24.0,0.0,13.800599670952142,0.0,20.29778313018444,0.0,19.544820285692065,0.0,18.57417562100671,0.0,16.55294535724685,0.0,14.422205101855956,0.0,11.916375287812984,0.0,9.591663046625438,0.0,7.211102550927978,0.0,4.898979485566356,0.0,,,,,,,,,,,,,,,,,,,,,6.07901543904026,0.0,,,,,,,,,,,,,,,,,,,,,13.800683698627708,0.0,18.581439789605913,0.0,17.945823645956978,0.0,16.89447862261873,0.0,14.607611095327085,0.0,12.555040292492649,0.0,9.81386350073884,0.0,7.751307554750852,0.0,5.727925036354536,0.0,3.27046568021026,0.0
Tnrfn,346.45098039215685,0.0,17.395314168398944,0.0,385.7942250946928,0.0,342.0,0.0,324.0,0.0,296.0,0.0,238.0,0.0,184.0,0.0,120.0,0.0,78.0,0.0,29.0,0.0,10.0,0.0,13.117990752998752,0.0,18.49324200890693,0.0,18.0,0.0,17.204650534085253,0.0,15.427248620541512,0.0,13.564659966250536,0.0,10.954451150103322,0.0,8.831760866327848,0.0,5.385164807134504,0.0,3.1622776601683795,0.0,,,,,,,,,,,,,,,,,,,,,4.217292979767458,0.0,,,,,,,,,,,,,,,,,,,,,13.117887396762788,0.0,16.938223039399354,0.0,16.427863609572462,0.0,15.515293746210311,0.0,13.498932911394583,0.0,11.63543825670272,0.0,8.785267283865963,0.0,7.008030179482047,0.0,4.161098855216591,0.0,2.211444248883222,0.0
Toast,322.7882352941176,0.0,16.551855067935044,0.0,355.9885103924544,0.0,325.0,0.0,291.0,0.0,239.0,0.0,188.0,0.0,139.0,0.0,89.0,0.0,55.0,0.0,17.0,0.0,3.0,0.0,12.019781408371314,0.0,18.027756377319946,0.0,17.05872210923198,0.0,15.459624833740307,0.0,13.711309200802088,0.0,11.789826122551595,0.0,9.433981132056603,0.0,7.416198487095663,0.0,4.123105625617661,0.0,1.7320508075688772,0.0,,,,,,,,,,,,,,,,,,,,,3.8273742534993316,0.0,,,,,,,,,,,,,,,,,,,,,12.01953518325526,0.0,15.865292009459417,0.0,15.073021990066021,0.0,13.562757897800111,0.0,11.7837419279321,0.0,9.928631497973996,0.0,7.270645430747517,0.0,5.569333561513284,0.0,2.685466623503036,0.0,0.9523458615052233,0.0
Todes,361.19215686274504,0.0,17.60575209209142,0.0,361.0037182820263,0.0,377.0,0.0,338.0,0.0,278.0,0.0,224.0,0.0,144.0,0.0,87.0,0.0,59.0,0.0,29.0,0.0,12.0,0.0,12.108192657641823,0.0,19.4164878389476,0.0,18.384776310850235,0.0,16.673332000533065,0.0,14.966629547095765,0.0,12.0,0.0,9.327379053088816,0.0,7.681145747868608,0.0,5.385164807134504,0.0,3.4641016151377544,0.0,,,,,,,,,,,,,,,,,,,,,4.350838806200566,0.0,,,,,,,,,,,,,,,,,,,,,12.10858009362119,0.0,17.328265199483216,0.0,16.40057066006113,0.0,14.808557793147957,0.0,13.07987438727501,0.0,10.239387107835435,0.0,7.46000104001029,0.0,6.245756406516099,0.0,4.3417920366101175,0.0,2.6903571392691257,0.0
Toigo,362.38039215686274,0.0,17.62631504115443,0.0,393.54829528121405,0.0,387.0,0.0,346.0,0.0,299.0,0.0,237.0,0.0,174.0,0.0,124.0,0.0,83.0,0.0,39.0,0.0,19.0,0.0,13.176951245630221,0.0,19.672315572906,0.0,18.601075237738275,0.0,17.291616465790582,0.0,15.394804318340652,0.0,13.19090595827292,0.0,11.135528725660043,0.0,9.1104335791443,0.0,6.244997998398398,0.0,4.358898943540674,0.0,,,,,,,,,,,,,,,,,,,,,5.642929342212462,0.0,,,,,,,,,,,,,,,,,,,,,13.177116069775288,0.0,17.632086434976387,0.0,16.68456714402669,0.0,15.426928398812358,0.0,13.487897293970551,0.0,11.463044067426475,0.0,8.989162035979634,0.0,7.0462286453417065,0.0,4.581341841650626,0.0,2.777402347087447,0.0
Tokio,351.30196078431374,0.0,17.426219931458945,0.0,391.80296128915654,0.0,368.0,0.0,334.0,0.0,293.0,0.0,240.0,0.0,182.0,0.0,121.0,0.0,80.0,0.0,37.0,0.0,6.0,0.0,13.191835833349781,0.0,19.183326093250876,0.0,18.275666882497067,0.0,17.11724276862369,0.0,15.491933384829668,0.0,13.490737563232042,0.0,11.0,0.0,8.94427190999916,0.0,6.082762530298219,0.0,2.449489742783178,0.0,,,,,,,,,,,,,,,,,,,,,3.981737948781793,0.0,,,,,,,,,,,,,,,,,,,,,13.192146470625632,0.0,17.27611824698655,0.0,16.463195041385326,0.0,15.311041947337811,0.0,13.68030319868171,0.0,11.7188836614975,0.0,8.895888541027661,0.0,7.042185196042296,0.0,4.929718406741364,0.0,1.3876284653976316,0.0
Tolid,340.38823529411764,0.0,17.21865131463447,0.0,409.01405701203885,0.0,355.0,0.0,329.0,0.0,285.0,0.0,241.0,0.0,185.0,0.0,140.0,0.0,96.0,0.0,50.0,0.0,17.0,0.0,13.768036548278568,0.0,18.841443681416774,0.0,18.138357147217054,0.0,16.881943016134134,0.0,15.524174696260024,0.0,13.601470508735444,0.0,11.832159566199232,0.0,9.797958971132712,0.0,7.0710678118654755,0.0,4.123105625617661,0.0,,,,,,,,,,,,,,,,,,,,,5.839494385392888,0.0,,,,,,,,,,,,,,,,,,,,,13.768194136479288,0.0,16.967037521547585,0.0,16.347959991241385,0.0,15.153252333925872,0.0,13.808921122798065,0.0,11.927305467789768,0.0,9.815647275915685,0.0,8.070303182168377,0.0,6.047771104426785,0.0,3.0559620505463725,0.0
Tolle,317.7529411764706,0.0,16.68471594758034,0.0,392.15029197139506,0.0,330.0,0.0,295.0,0.0,256.0,0.0,208.0,0.0,164.0,0.0,121.0,0.0,85.0,0.0,44.0,0.0,13.0,0.0,13.238259886750017,0.0,18.16590212458495,0.0,17.175564037317667,0.0,16.0,0.0,14.422205101855956,0.0,12.806248474865697,0.0,11.0,0.0,9.219544457292887,0.0,6.6332495807108,0.0,3.605551275463989,0.0,,,,,,,,,,,,,,,,,,,,,3.5862183031922155,0.0,,,,,,,,,,,,,,,,,,,,,13.23814004277621,0.0,16.303521052639756,0.0,15.382960677294081,0.0,14.279662342431175,0.0,12.748762909723533,0.0,11.204743609026567,0.0,9.196429122549713,0.0,7.690612988846723,0.0,5.90411156715392,0.0,2.6079213468009326,0.0
Tondo,387.39607843137253,0.0,18.268936287157118,0.0,374.3158979301488,0.0,403.0,0.0,368.0,0.0,319.0,0.0,258.0,0.0,174.0,0.0,107.0,0.0,67.0,0.0,29.0,0.0,12.0,0.0,12.603399564064263,0.0,20.074859899884732,0.0,19.183326093250876,0.0,17.86057109949175,0.0,16.06237840420901,0.0,13.19090595827292,0.0,10.344080432788601,0.0,8.18535277187245,0.0,5.385164807134504,0.0,3.4641016151377544,0.0,,,,,,,,,,,,,,,,,,,,,5.1714878027349,0.0,,,,,,,,,,,,,,,,,,,,,12.603824706046161,0.0,18.172298917313636,0.0,17.31196186022154,0.0,16.028687790910272,0.0,14.209982128984208,0.0,11.324764976218178,0.0,8.156022212982652,0.0,6.530258532096275,0.0,4.330013333654201,0.0,2.6538944434693295,0.0
Tonne,365.43921568627445,0.0,17.79569949215891,0.0,346.8750192352869,0.0,364.0,0.0,335.0,0.0,292.0,0.0,229.0,0.0,151.0,0.0,78.0,0.0,39.0,0.0,12.0,0.0,3.0,0.0,11.740974328111324,0.0,19.078784028338912,0.0,18.303005217723125,0.0,17.08800749063506,0.0,15.132745950421556,0.0,12.288205727444508,0.0,8.831760866327848,0.0,6.244997998398398,0.0,3.4641016151377544,0.0,1.7320508075688772,0.0,,,,,,,,,,,,,,,,,,,,,3.1994738414181563,0.0,,,,,,,,,,,,,,,,,,,,,11.741519834809113,0.0,17.29604824461075,0.0,16.5399650828184,0.0,15.286092700597354,0.0,13.217463614397916,0.0,10.357474368483219,0.0,6.686361464704134,0.0,4.6624061993139705,0.0,2.3479624732351345,0.0,0.9523458615052233,0.0
Tools,322.46666666666664,0.0,16.642311616710955,0.0,371.80264596544976,0.0,333.0,0.0,301.0,0.0,249.0,0.0,200.0,0.0,147.0,0.0,101.0,0.0,68.0,0.0,28.0,0.0,8.0,0.0,12.517416450868735,0.0,18.24828759089466,0.0,17.349351572897472,0.0,15.7797338380595,0.0,14.142135623730951,0.0,12.12435565298214,0.0,10.04987562112089,0.0,8.246211251235321,0.0,5.291502622129181,0.0,2.8284271247461903,0.0,,,,,,,,,,,,,,,,,,,,,3.8277530105826694,0.0,,,,,,,,,,,,,,,,,,,,,12.517041594039272,0.0,16.231611380644992,0.0,15.407250943507801,0.0,13.931200306008021,0.0,12.318289371898485,0.0,10.446437760547992,0.0,8.055305424222981,0.0,6.614984985443702,0.0,4.4900389227885915,0.0,1.955659419154027,0.0
Torso,317.4980392156863,0.0,16.465631373624973,0.0,358.4570587425395,0.0,322.0,0.0,288.0,0.0,241.0,0.0,193.0,0.0,138.0,0.0,89.0,0.0,58.0,0.0,15.0,0.0,3.0,0.0,12.014198398951539,0.0,17.944358444926362,0.0,16.97056274847714,0.0,15.524174696260024,0.0,13.892443989449804,0.0,11.74734012447073,0.0,9.433981132056603,0.0,7.615773105863909,0.0,3.872983346207417,0.0,1.7320508075688772,0.0,,,,,,,,,,,,,,,,,,,,,3.46899434704953,0.0,,,,,,,,,,,,,,,,,,,,,12.014201987245135,0.0,15.923921177519784,0.0,14.955185844329554,0.0,13.560036745249144,0.0,11.967562680906108,0.0,9.84459757665011,0.0,7.247963578856695,0.0,5.675394398253666,0.0,2.487325029309825,0.0,0.9523458615052233,0.0
Tosto,321.6392156862745,0.0,16.52685533693421,0.0,362.2334807363679,0.0,334.0,0.0,296.0,0.0,245.0,0.0,197.0,0.0,142.0,0.0,90.0,0.0,60.0,0.0,18.0,0.0,3.0,0.0,12.151344380278868,0.0,18.275666882497067,0.0,17.204650534085253,0.0,15.652475842498529,0.0,14.035668847618199,0.0,11.916375287812984,0.0,9.486832980505138,0.0,7.745966692414834,0.0,4.242640687119285,0.0,1.7320508075688772,0.0,,,,,,,,,,,,,,,,,,,,,3.0312671803636895,0.0,,,,,,,,,,,,,,,,,,,,,12.151248942945914,0.0,16.114303849381507,0.0,15.181286074394094,0.0,13.856916583598123,0.0,12.21262317627025,0.0,10.087726796494048,0.0,7.342915796097154,0.0,5.864610563709194,0.0,2.70015407075458,0.0,0.9523458615052233,0.0
Toter,311.956862745098,0.0,16.392090721322607,0.0,362.5523415754854,0.0,314.0,0.0,289.0,0.0,245.0,0.0,197.0,0.0,133.0,0.0,88.0,0.0,54.0,0.0,16.0,0.0,3.0,0.0,12.14828739134286,0.0,17.72004514666935,0.0,17.0,0.0,15.652475842498529,0.0,14.035668847618199,0.0,11.532562594670797,0.0,9.38083151964686,0.0,7.3484692283495345,0.0,4.0,0.0,1.7320508075688772,0.0,,,,,,,,,,,,,,,,,,,,,4.130635890905581,0.0,,,,,,,,,,,,,,,,,,,,,12.148653784012929,0.0,15.593494040207194,0.0,14.906735204698208,0.0,13.754886372325466,0.0,12.065869384088108,0.0,9.769534065049152,0.0,7.38793958813835,0.0,5.5587206594538126,0.0,2.6174380547550933,0.0,0.9523458615052233,0.0
Toton,344.3058823529411,0.0,17.18476386770483,0.0,365.1868533231832,0.0,351.0,0.0,322.0,0.0,279.0,0.0,219.0,0.0,152.0,0.0,97.0,0.0,58.0,0.0,15.0,0.0,3.0,0.0,12.28529794537483,0.0,18.734993995195193,0.0,17.944358444926362,0.0,16.703293088490067,0.0,14.798648586948742,0.0,12.328828005937952,0.0,9.848857801796104,0.0,7.615773105863909,0.0,3.872983346207417,0.0,1.7320508075688772,0.0,,,,,,,,,,,,,,,,,,,,,4.0134821305032835,0.0,,,,,,,,,,,,,,,,,,,,,12.28527941721093,0.0,16.744416781237454,0.0,15.917878581684553,0.0,14.877317866118723,0.0,12.89137899838627,0.0,10.409671334036972,0.0,7.676380042996922,0.0,5.680812282661179,0.0,2.569563044217372,0.0,0.9523458615052233,0.0
Tpkth,416.8,0.0,19.107188692904337,0.0,429.94549516350787,0.0,452.0,0.0,407.0,0.0,367.0,0.0,306.0,0.0,238.0,0.0,160.0,0.0,110.0,0.0,70.0,0.0,27.0,0.0,14.448290744144284,0.0,21.2602916254693,0.0,20.174241001832016,0.0,19.157244060668017,0.0,17.4928556845359,0.0,15.427248620541512,0.0,12.649110640673518,0.0,10.488088481701515,0.0,8.366600265340756,0.0,5.196152422706632,0.0,,,,,,,,,,,,,,,,,,,,,4.225163211944446,0.0,,,,,,,,,,,,,,,,,,,,,14.448806238841572,0.0,19.331555222768557,0.0,18.528370174309895,0.0,17.402704272869553,0.0,15.665701749448944,0.0,13.556616698624813,0.0,10.73917665737053,0.0,8.914692518348785,0.0,7.143463918791629,0.0,3.9948696198813667,0.0
Tpsrs,334.33725490196076,0.0,16.966193402463052,0.0,377.50929611001874,0.0,340.0,0.0,305.0,0.0,258.0,0.0,215.0,0.0,161.0,0.0,109.0,0.0,74.0,0.0,34.0,0.0,19.0,0.0,12.774751251577815,0.0,18.439088914585774,0.0,17.46424919657298,0.0,16.06237840420901,0.0,14.66287829861518,0.0,12.68857754044952,0.0,10.44030650891055,0.0,8.602325267042627,0.0,5.830951894845301,0.0,4.358898943540674,0.0,,,,,,,,,,,,,,,,,,,,,6.701044274592526,0.0,,,,,,,,,,,,,,,,,,,,,12.774750324495125,0.0,16.42224783984352,0.0,15.611349571010985,0.0,14.20052386447607,0.0,12.805278987690619,0.0,10.834398081913658,0.0,8.43930739715033,0.0,6.977443745359638,0.0,4.586301550220448,0.0,3.5742463185352786,0.0
Tqtkm,438.243137254902,0.0,19.518626047535847,0.0,481.2791265425353,0.0,493.0,0.0,442.0,0.0,396.0,0.0,337.0,0.0,267.0,0.0,204.0,0.0,158.0,0.0,103.0,0.0,62.0,0.0,15.882010477156845,0.0,22.20360331117452,0.0,21.02379604162864,0.0,19.8997487421324,0.0,18.35755975068582,0.0,16.34013463836819,0.0,14.2828568570857,0.0,12.569805089976535,0.0,10.14889156509222,0.0,7.874007874011811,0.0,,,,,,,,,,,,,,,,,,,,,9.126489224289156,0.0,,,,,,,,,,,,,,,,,,,,,15.881715774723205,0.0,20.025295242611143,0.0,19.109858132419543,0.0,18.189490245996268,0.0,16.605754412916912,0.0,14.705340251848469,0.0,12.390503840294574,0.0,10.749206446483983,0.0,8.571200904080737,0.0,6.463522176255721,0.0
Trakt,343.4823529411765,0.0,17.261235023172084,0.0,399.49984017839586,0.0,352.0,0.0,324.0,0.0,288.0,0.0,240.0,0.0,186.0,0.0,132.0,0.0,87.0,0.0,42.0,0.0,5.0,0.0,13.514647223071234,0.0,18.76166303929372,0.0,18.0,0.0,16.97056274847714,0.0,15.491933384829668,0.0,13.638181696985855,0.0,11.489125293076057,0.0,9.327379053088816,0.0,6.48074069840786,0.0,2.23606797749979,0.0,,,,,,,,,,,,,,,,,,,,,5.258524698362868,0.0,,,,,,,,,,,,,,,,,,,,,13.514351817270017,0.0,16.769200067305377,0.0,16.1998022144276,0.0,15.072543986759575,0.0,13.58962843376016,0.0,11.801328086158968,0.0,9.374079011717757,0.0,7.3692486085363935,0.0,4.999785149920949,0.0,1.1598032426290947,0.0
Trass,306.65490196078434,0.0,16.168604623497128,0.0,359.8335385097181,0.0,302.0,0.0,272.0,0.0,223.0,0.0,185.0,0.0,136.0,0.0,92.0,0.0,58.0,0.0,22.0,0.0,3.0,0.0,12.198367818434054,0.0,17.378147196982766,0.0,16.492422502470642,0.0,14.933184523068078,0.0,13.601470508735444,0.0,11.661903789690601,0.0,9.591663046625438,0.0,7.615773105863909,0.0,4.69041575982343,0.0,1.7320508075688772,0.0,,,,,,,,,,,,,,,,,,,,,2.932472976790153,0.0,,,,,,,,,,,,,,,,,,,,,12.198333267045188,0.0,15.344532124122553,0.0,14.553551123756256,0.0,13.014821215284694,0.0,11.587133726368583,0.0,9.747628778450574,0.0,7.450799783905077,0.0,5.762474880904598,0.0,3.0532174838306156,0.0,0.9523458615052233,0.0
Traum,389.6078431372549,0.0,18.360055601121644,0.0,446.546557761202,0.0,421.0,0.0,390.0,0.0,337.0,0.0,285.0,0.0,225.0,0.0,171.0,0.0,126.0,0.0,74.0,0.0,49.0,0.0,14.93250363528729,0.0,20.518284528683193,0.0,19.748417658131498,0.0,18.35755975068582,0.0,16.881943016134134,0.0,15.0,0.0,13.076696830622021,0.0,11.224972160321824,0.0,8.602325267042627,0.0,7.0,0.0,,,,,,,,,,,,,,,,,,,,,11.897598604462734,0.0,,,,,,,,,,,,,,,,,,,,,14.932459470413542,0.0,18.389454302988764,0.0,17.755756686609757,0.0,16.533082315281085,0.0,14.916508037533456,0.0,13.283164380557492,0.0,11.054245197701551,0.0,9.443370474038483,0.0,6.98584877774635,0.0,5.900160279371803,0.0
Trege,360.33333333333337,0.0,17.670217919063408,0.0,388.7146247566916,0.0,376.0,0.0,341.0,0.0,292.0,0.0,239.0,0.0,174.0,0.0,114.0,0.0,76.0,0.0,43.0,0.0,19.0,0.0,13.050381354662651,0.0,19.390719429665317,0.0,18.466185312619388,0.0,17.08800749063506,0.0,15.459624833740307,0.0,13.19090595827292,0.0,10.677078252031311,0.0,8.717797887081348,0.0,6.557438524302,0.0,4.358898943540674,0.0,,,,,,,,,,,,,,,,,,,,,6.762216606663073,0.0,,,,,,,,,,,,,,,,,,,,,13.050033962864552,0.0,17.39270074583302,0.0,16.61879756950747,0.0,15.226452931810991,0.0,13.519371337496054,0.0,11.36051825284109,0.0,8.752887160982176,0.0,6.867812094379188,0.0,4.5970238465123705,0.0,2.777402347087447,0.0
Trehe,349.91372549019604,0.0,17.48641830299395,0.0,377.8490795409457,0.0,360.0,0.0,323.0,0.0,280.0,0.0,234.0,0.0,163.0,0.0,104.0,0.0,64.0,0.0,37.0,0.0,5.0,0.0,12.731225376401175,0.0,18.973665961010276,0.0,17.97220075561143,0.0,16.73320053068151,0.0,15.297058540778355,0.0,12.767145334803704,0.0,10.198039027185569,0.0,8.0,0.0,6.082762530298219,0.0,2.23606797749979,0.0,,,,,,,,,,,,,,,,,,,,,5.403943590192668,0.0,,,,,,,,,,,,,,,,,,,,,12.730988691871417,0.0,17.020348777796904,0.0,16.12758159219315,0.0,14.82839206917501,0.0,13.372302642483199,0.0,10.890874172872781,0.0,8.27356232185613,0.0,6.519707854295744,0.0,4.805624475383867,0.0,1.1598032426290947,0.0
Tremm,429.1294117647059,0.0,19.312306905203453,0.0,516.8034186165177,0.0,479.0,0.0,435.0,0.0,386.0,0.0,353.0,0.0,302.0,0.0,234.0,0.0,189.0,0.0,124.0,0.0,93.0,0.0,16.858305906307898,0.0,21.88606862823929,0.0,20.85665361461421,0.0,19.6468827043885,0.0,18.788294228055936,0.0,17.378147196982766,0.0,15.297058540778355,0.0,13.74772708486752,0.0,11.135528725660043,0.0,9.643650760992955,0.0,,,,,,,,,,,,,,,,,,,,,14.01875260132373,0.0,,,,,,,,,,,,,,,,,,,,,16.8577156555209,0.0,19.70346494930189,0.0,18.97607134512044,0.0,17.994309522111678,0.0,17.14658898926903,0.0,15.703047459350001,0.0,13.385729464209351,0.0,11.912744247408794,0.0,9.296711520529081,0.0,8.178414851908608,0.0
Trend,365.72156862745095,0.0,17.854901960784314,0.0,390.0994827395375,0.0,369.0,0.0,352.0,0.0,306.0,0.0,261.0,0.0,182.0,0.0,119.0,0.0,74.0,0.0,38.0,0.0,12.0,0.0,13.188866819950682,0.0,19.209372712298546,0.0,18.76166303929372,0.0,17.4928556845359,0.0,16.15549442140351,0.0,13.490737563232042,0.0,10.908712114635714,0.0,8.602325267042627,0.0,6.164414002968976,0.0,3.4641016151377544,0.0,,,,,,,,,,,,,,,,,,,,,9.215951870249638,0.0,,,,,,,,,,,,,,,,,,,,,13.188826185895364,0.0,17.35455549016829,0.0,17.011073650122576,0.0,15.682786428226871,0.0,14.262881205717967,0.0,11.584544447969385,0.0,8.81560306475988,0.0,6.872929420461153,0.0,4.685913318764817,0.0,2.519617547476508,0.0
Trepf,350.39607843137253,0.0,17.462003568532765,0.0,408.29550069787064,0.0,351.0,0.0,328.0,0.0,288.0,0.0,244.0,0.0,189.0,0.0,136.0,0.0,101.0,0.0,60.0,0.0,28.0,0.0,13.840894288271631,0.0,18.734993995195193,0.0,18.110770276274835,0.0,16.97056274847714,0.0,15.620499351813308,0.0,13.74772708486752,0.0,11.661903789690601,0.0,10.04987562112089,0.0,7.745966692414834,0.0,5.291502622129181,0.0,,,,,,,,,,,,,,,,,,,,,6.001538455603748,0.0,,,,,,,,,,,,,,,,,,,,,13.840410045617828,0.0,16.83617294557324,0.0,16.283252322720987,0.0,15.083662512993765,0.0,13.745721218271253,0.0,11.965735882882411,0.0,9.761857604351281,0.0,8.267305829342906,0.0,6.099401080212899,0.0,4.250014011346498,0.0
Trfmf,372.30196078431374,0.0,17.98307590038223,0.0,484.79143793549423,0.0,396.0,0.0,361.0,0.0,331.0,0.0,297.0,0.0,260.0,0.0,215.0,0.0,171.0,0.0,103.0,0.0,63.0,0.0,16.092870419178443,0.0,19.8997487421324,0.0,19.0,0.0,18.193405398660254,0.0,17.233687939614086,0.0,16.1245154965971,0.0,14.66287829861518,0.0,13.076696830622021,0.0,10.14889156509222,0.0,7.937253933193772,0.0,,,,,,,,,,,,,,,,,,,,,8.112612350044852,0.0,,,,,,,,,,,,,,,,,,,,,16.09240720143207,0.0,17.910331587867912,0.0,17.226232092918217,0.0,16.532585768761283,0.0,15.57505940152177,0.0,14.435909636119348,0.0,12.657813499112752,0.0,11.142209487146268,0.0,8.386548100117706,0.0,6.494932888008159,0.0
Trhqs,371.18039215686275,0.0,17.95880072957969,0.0,401.0084837735179,0.0,394.0,0.0,353.0,0.0,304.0,0.0,263.0,0.0,183.0,0.0,122.0,0.0,87.0,0.0,51.0,0.0,17.0,0.0,13.487025120977746,0.0,19.849433241279208,0.0,18.788294228055936,0.0,17.435595774162696,0.0,16.217274740226856,0.0,13.527749258468683,0.0,11.045361017187261,0.0,9.327379053088816,0.0,7.14142842854285,0.0,4.123105625617661,0.0,,,,,,,,,,,,,,,,,,,,,5.693415028760182,0.0,,,,,,,,,,,,,,,,,,,,,13.487222381049534,0.0,17.86876617102361,0.0,16.946515607375837,0.0,15.604826026451121,0.0,14.30628768675208,0.0,11.637147796152304,0.0,9.062623818625028,0.0,7.700077802922098,0.0,5.8689393041942095,0.0,2.9072470272420756,0.0
Trias,295.4823529411765,0.0,15.931901409019833,0.0,374.45932432177125,0.0,292.0,0.0,266.0,0.0,225.0,0.0,191.0,0.0,145.0,0.0,111.0,0.0,67.0,0.0,24.0,0.0,3.0,0.0,12.70472472351185,0.0,17.08800749063506,0.0,16.30950643030009,0.0,15.0,0.0,13.820274961085254,0.0,12.041594578792296,0.0,10.535653752852738,0.0,8.18535277187245,0.0,4.898979485566356,0.0,1.7320508075688772,0.0,,,,,,,,,,,,,,,,,,,,,3.7252058718926935,0.0,,,,,,,,,,,,,,,,,,,,,12.70496984252429,0.0,15.114111968575614,0.0,14.456417566969872,0.0,13.095236995486719,0.0,11.846548394493135,0.0,10.232931833610133,0.0,8.377377305092994,0.0,6.214850688898238,0.0,3.4683798529347403,0.0,0.9523458615052233,0.0
Trick,318.66666666666663,0.0,16.66777297366317,0.0,409.24956116551107,0.0,327.0,0.0,303.0,0.0,273.0,0.0,235.0,0.0,185.0,0.0,137.0,0.0,90.0,0.0,42.0,0.0,8.0,0.0,13.766371725864142,0.0,18.083141320025124,0.0,17.406895185529212,0.0,16.522711641858304,0.0,15.329709716755891,0.0,13.601470508735444,0.0,11.704699910719626,0.0,9.486832980505138,0.0,6.48074069840786,0.0,2.8284271247461903,0.0,,,,,,,,,,,,,,,,,,,,,7.518349843371172,0.0,,,,,,,,,,,,,,,,,,,,,13.76631335419475,0.0,16.250327299218107,0.0,15.627460313743144,0.0,14.616668328305263,0.0,13.423578895498842,0.0,11.75189228687515,0.0,9.609904080025714,0.0,7.516795415277669,0.0,5.175626371248327,0.0,1.7515215367916965,0.0
Trieb,329.48627450980393,0.0,16.86576124416718,0.0,392.99316087718427,0.0,340.0,0.0,319.0,0.0,278.0,0.0,226.0,0.0,168.0,0.0,118.0,0.0,74.0,0.0,35.0,0.0,7.0,0.0,13.18715832216696,0.0,18.439088914585774,0.0,17.86057109949175,0.0,16.673332000533065,0.0,15.033296378372908,0.0,12.96148139681572,0.0,10.862780491200215,0.0,8.602325267042627,0.0,5.916079783099616,0.0,2.6457513110645907,0.0,,,,,,,,,,,,,,,,,,,,,8.018671540127281,0.0,,,,,,,,,,,,,,,,,,,,,13.187113854545201,0.0,16.634937127660514,0.0,16.052965861102674,0.0,14.824179742954646,0.0,13.10598896437204,0.0,11.175215530119369,0.0,8.905849440455688,0.0,6.649651877582741,0.0,4.242923151132177,0.0,1.5390059304346664,0.0
Trips,323.1647058823529,0.0,16.74077135634844,0.0,394.4302108727295,0.0,324.0,0.0,296.0,0.0,259.0,0.0,220.0,0.0,165.0,0.0,123.0,0.0,85.0,0.0,43.0,0.0,19.0,0.0,13.36453120377698,0.0,18.0,0.0,17.204650534085253,0.0,16.09347693943108,0.0,14.832396974191326,0.0,12.84523257866513,0.0,11.090536506409418,0.0,9.219544457292887,0.0,6.557438524302,0.0,4.358898943540674,0.0,,,,,,,,,,,,,,,,,,,,,5.09003513839801,0.0,,,,,,,,,,,,,,,,,,,,,13.364151139555165,0.0,16.06781485820634,0.0,15.345183360127775,0.0,14.217764400082817,0.0,12.930038512802357,0.0,11.11327194360204,0.0,9.088195427559011,0.0,7.411443490618199,0.0,5.171032718786373,0.0,3.5740646058482386,0.0
Tritt,278.3333333333333,0.0,15.519996650772338,0.0,399.26720255498674,0.0,281.0,0.0,261.0,0.0,229.0,0.0,200.0,0.0,163.0,0.0,122.0,0.0,84.0,0.0,30.0,0.0,3.0,0.0,13.464130319265667,0.0,16.76305461424021,0.0,16.15549442140351,0.0,15.132745950421556,0.0,14.142135623730951,0.0,12.767145334803704,0.0,11.045361017187261,0.0,9.16515138991168,0.0,5.477225575051661,0.0,1.7320508075688772,0.0,,,,,,,,,,,,,,,,,,,,,4.1921305272794545,0.0,,,,,,,,,,,,,,,,,,,,,13.463858094907494,0.0,14.596053647406043,0.0,14.174401828213027,0.0,13.304379053648823,0.0,12.316218501824473,0.0,11.008635931681132,0.0,8.920048420072073,0.0,7.075301988910878,0.0,3.7762238995620745,0.0,0.9523458615052233,0.0
Trkll,329.9921568627451,0.0,17.130622847368766,0.0,444.127887790116,0.0,347.0,0.0,320.0,0.0,293.0,0.0,259.0,0.0,217.0,0.0,169.0,0.0,125.0,0.0,76.0,0.0,19.0,0.0,14.90092033057629,0.0,18.627936010197157,0.0,17.88854381999832,0.0,17.11724276862369,0.0,16.09347693943108,0.0,14.730919862656235,0.0,13.0,0.0,11.180339887498949,0.0,8.717797887081348,0.0,4.358898943540674,0.0,,,,,,,,,,,,,,,,,,,,,4.933791924021498,0.0,,,,,,,,,,,,,,,,,,,,,14.900645100896647,0.0,16.81468110812176,0.0,16.25678234814266,0.0,15.371697219958834,0.0,14.377618960966975,0.0,12.989493516446522,0.0,11.02723146945359,0.0,9.29778781700419,0.0,7.389733883762118,0.0,3.0672567585039854,0.0
Trmnx,389.9529411764705,0.0,18.423813218291674,0.0,452.05209131429035,0.0,409.0,0.0,382.0,0.0,347.0,0.0,305.0,0.0,245.0,0.0,182.0,0.0,128.0,0.0,72.0,0.0,47.0,0.0,15.130078019619505,0.0,20.223748416156685,0.0,19.544820285692065,0.0,18.627936010197157,0.0,17.46424919657298,0.0,15.652475842498529,0.0,13.490737563232042,0.0,11.313708498984761,0.0,8.48528137423857,0.0,6.855654600401044,0.0,,,,,,,,,,,,,,,,,,,,,5.450252188651162,0.0,,,,,,,,,,,,,,,,,,,,,15.130159325345556,0.0,18.238950675509006,0.0,17.793873552406655,0.0,16.841417758920656,0.0,15.557787839720486,0.0,13.756795292163995,0.0,11.333214570510542,0.0,9.419376123024078,0.0,6.841830781515857,0.0,5.741395148732295,0.0
Trntt,312.1725490196078,0.0,16.45137534873762,0.0,387.03833693741905,0.0,312.0,0.0,293.0,0.0,258.0,0.0,221.0,0.0,172.0,0.0,109.0,0.0,73.0,0.0,26.0,0.0,3.0,0.0,13.118966121680451,0.0,17.663521732655695,0.0,17.11724276862369,0.0,16.06237840420901,0.0,14.866068747318506,0.0,13.114877048604,0.0,10.44030650891055,0.0,8.54400374531753,0.0,5.0990195135927845,0.0,1.7320508075688772,0.0,,,,,,,,,,,,,,,,,,,,,3.6481213775683154,0.0,,,,,,,,,,,,,,,,,,,,,13.118419254058045,0.0,15.630049004242288,0.0,15.254187084567675,0.0,14.287738024033862,0.0,13.036021166326853,0.0,11.245769098736183,0.0,8.326864401926601,0.0,6.609197712256291,0.0,3.314632228135702,0.0,0.9523458615052233,0.0
Tronk,367.00392156862745,0.0,17.891518978690982,0.0,398.99170790442076,0.0,377.0,0.0,357.0,0.0,317.0,0.0,264.0,0.0,193.0,0.0,131.0,0.0,83.0,0.0,38.0,0.0,8.0,0.0,13.473028201104484,0.0,19.4164878389476,0.0,18.894443627691185,0.0,17.804493814764857,0.0,16.24807680927192,0.0,13.892443989449804,0.0,11.445523142259598,0.0,9.1104335791443,0.0,6.164414002968976,0.0,2.8284271247461903,0.0,,,,,,,,,,,,,,,,,,,,,8.450674870887328,0.0,,,,,,,,,,,,,,,,,,,,,13.473300378471135,0.0,17.603486363830825,0.0,17.13608776136046,0.0,15.915627425449152,0.0,14.30703823635112,0.0,11.968220466538046,0.0,9.292034844729605,0.0,7.16965059484028,0.0,4.848142949157604,0.0,1.7515215367916965,0.0
Tropf,353.9333333333333,0.0,17.50811049492928,0.0,411.682706330502,0.0,357.0,0.0,334.0,0.0,296.0,0.0,248.0,0.0,190.0,0.0,141.0,0.0,107.0,0.0,59.0,0.0,28.0,0.0,13.928272750688938,0.0,18.894443627691185,0.0,18.275666882497067,0.0,17.204650534085253,0.0,15.748015748023622,0.0,13.784048752090222,0.0,11.874342087037917,0.0,10.344080432788601,0.0,7.681145747868608,0.0,5.291502622129181,0.0,,,,,,,,,,,,,,,,,,,,,6.042480730053535,0.0,,,,,,,,,,,,,,,,,,,,,13.928196215191178,0.0,17.002571849534398,0.0,16.40207691315922,0.0,15.30364709603424,0.0,13.870039269628009,0.0,12.02389592582396,0.0,9.867659822406436,0.0,8.448616846552593,0.0,6.0781950765305774,0.0,4.250014011346498,0.0
Trost,303.5019607843137,0.0,16.118089302648936,0.0,376.95502398673955,0.0,305.0,0.0,280.0,0.0,236.0,0.0,200.0,0.0,151.0,0.0,102.0,0.0,69.0,0.0,25.0,0.0,3.0,0.0,12.707125741634137,0.0,17.46424919657298,0.0,16.73320053068151,0.0,15.362291495737216,0.0,14.142135623730951,0.0,12.288205727444508,0.0,10.099504938362077,0.0,8.306623862918075,0.0,5.0,0.0,1.7320508075688772,0.0,,,,,,,,,,,,,,,,,,,,,3.1393533823986335,0.0,,,,,,,,,,,,,,,,,,,,,12.706639495446472,0.0,15.285827684068137,0.0,14.711520537664656,0.0,13.399778028795579,0.0,12.206622411395154,0.0,10.370692942815742,0.0,7.912676779020501,0.0,6.295249066234567,0.0,3.2313212696243148,0.0,0.9523458615052233,0.0
Trott,301.4980392156863,0.0,16.093128624581848,0.0,388.51806416081547,0.0,306.0,0.0,287.0,0.0,246.0,0.0,208.0,0.0,161.0,0.0,111.0,0.0,78.0,0.0,26.0,0.0,3.0,0.0,13.077791629048917,0.0,17.4928556845359,0.0,16.941074346097416,0.0,15.684387141358123,0.0,14.422205101855956,0.0,12.68857754044952,0.0,10.535653752852738,0.0,8.831760866327848,0.0,5.0990195135927845,0.0,1.7320508075688772,0.0,,,,,,,,,,,,,,,,,,,,,3.340323265944735,0.0,,,,,,,,,,,,,,,,,,,,,13.077110071005947,0.0,15.30751695965857,0.0,14.905348071691105,0.0,13.80833227164838,0.0,12.57339667682335,0.0,10.89135332391559,0.0,8.41148830106513,0.0,6.808259516427608,0.0,3.314632228135702,0.0,0.9523458615052233,0.0
Trotz,311.2352941176471,0.0,16.415549028402403,0.0,389.2410517449447,0.0,319.0,0.0,301.0,0.0,259.0,0.0,214.0,0.0,165.0,0.0,114.0,0.0,74.0,0.0,27.0,0.0,4.0,0.0,13.071523668599182,0.0,17.86057109949175,0.0,17.349351572897472,0.0,16.09347693943108,0.0,14.628738838327793,0.0,12.84523257866513,0.0,10.677078252031311,0.0,8.602325267042627,0.0,5.196152422706632,0.0,2.0,0.0,,,,,,,,,,,,,,,,,,,,,2.9340076166132674,0.0,,,,,,,,,,,,,,,,,,,,,13.071011594084863,0.0,15.83993238465905,0.0,15.358336092624986,0.0,14.16232766007161,0.0,12.707147423775927,0.0,10.982039093982548,0.0,8.477113465373519,0.0,6.592271352959377,0.0,3.3928792334559197,0.0,1.0708212939365844,0.0
Trpxm,408.10980392156864,0.0,18.842314972570836,0.0,476.36739504283105,0.0,440.0,0.0,404.0,0.0,367.0,0.0,321.0,0.0,269.0,0.0,201.0,0.0,148.0,0.0,96.0,0.0,64.0,0.0,15.82518701937976,0.0,20.97617696340303,0.0,20.09975124224178,0.0,19.157244060668017,0.0,17.916472867168917,0.0,16.401219466856727,0.0,14.177446878757825,0.0,12.165525060596439,0.0,9.797958971132712,0.0,8.0,0.0,,,,,,,,,,,,,,,,,,,,,10.607507741546979,0.0,,,,,,,,,,,,,,,,,,,,,15.824833830084083,0.0,18.942624430620782,0.0,18.231804753951337,0.0,17.383203163806673,0.0,16.05024504816469,0.0,14.505174601098325,0.0,12.124217247156121,0.0,10.27802124802815,0.0,8.01573385692676,0.0,6.777170498120712,0.0
Trsfb,339.80784313725496,0.0,17.067699741656963,0.0,405.2327626190235,0.0,354.0,0.0,326.0,0.0,285.0,0.0,234.0,0.0,188.0,0.0,136.0,0.0,93.0,0.0,47.0,0.0,14.0,0.0,13.644417990916667,0.0,18.81488772222678,0.0,18.05547008526779,0.0,16.881943016134134,0.0,15.297058540778355,0.0,13.711309200802088,0.0,11.661903789690601,0.0,9.643650760992955,0.0,6.855654600401044,0.0,3.7416573867739413,0.0,,,,,,,,,,,,,,,,,,,,,8.00077116736105,0.0,,,,,,,,,,,,,,,,,,,,,13.644184860771222,0.0,16.99056328419457,0.0,16.3306381946501,0.0,15.142763429093348,0.0,13.503081896701744,0.0,11.84701407328513,0.0,9.654026534276017,0.0,7.703170372778688,0.0,5.132484671571359,0.0,2.5219206412879664,0.0
Truff,328.09411764705885,0.0,16.884257140225017,0.0,415.0738902252357,0.0,337.0,0.0,316.0,0.0,279.0,0.0,238.0,0.0,187.0,0.0,138.0,0.0,104.0,0.0,55.0,0.0,19.0,0.0,14.025807117832063,0.0,18.35755975068582,0.0,17.776388834631177,0.0,16.703293088490067,0.0,15.427248620541512,0.0,13.674794331177344,0.0,11.74734012447073,0.0,10.198039027185569,0.0,7.416198487095663,0.0,4.358898943540674,0.0,,,,,,,,,,,,,,,,,,,,,3.9163375860563248,0.0,,,,,,,,,,,,,,,,,,,,,14.025447649104557,0.0,16.453129199502712,0.0,15.924733348114831,0.0,14.864764866449786,0.0,13.500978002351024,0.0,11.756800734562544,0.0,9.811622346587658,0.0,8.35122459351115,0.0,5.785475458657844,0.0,3.189305834083903,0.0
Truhe,360.83137254901965,0.0,17.763571794298457,0.0,382.66681703935944,0.0,381.0,0.0,343.0,0.0,299.0,0.0,248.0,0.0,164.0,0.0,102.0,0.0,64.0,0.0,36.0,0.0,5.0,0.0,12.851965165465964,0.0,19.519221295943137,0.0,18.520259177452136,0.0,17.291616465790582,0.0,15.748015748023622,0.0,12.806248474865697,0.0,10.099504938362077,0.0,8.0,0.0,6.0,0.0,2.23606797749979,0.0,,,,,,,,,,,,,,,,,,,,,5.634746892466011,0.0,,,,,,,,,,,,,,,,,,,,,12.852239132361055,0.0,17.570744782016416,0.0,16.611530218362937,0.0,15.373069008157724,0.0,13.691343817453099,0.0,10.777701145879591,0.0,8.187975096600711,0.0,6.5236621558076004,0.0,4.7788157392410815,0.0,1.1598032426290947,0.0
Trupp,394.5333333333333,0.0,18.555438925702894,0.0,410.45376080213293,0.0,412.0,0.0,382.0,0.0,332.0,0.0,278.0,0.0,202.0,0.0,129.0,0.0,96.0,0.0,58.0,0.0,35.0,0.0,13.849240635757594,0.0,20.29778313018444,0.0,19.544820285692065,0.0,18.2208671582886,0.0,16.673332000533065,0.0,14.212670403551895,0.0,11.357816691600547,0.0,9.797958971132712,0.0,7.615773105863909,0.0,5.916079783099616,0.0,,,,,,,,,,,,,,,,,,,,,9.802446485497438,0.0,,,,,,,,,,,,,,,,,,,,,13.849486709251178,0.0,18.422268765634847,0.0,17.72353495673642,0.0,16.359270451108543,0.0,14.700688511350924,0.0,12.24094326296973,0.0,9.564281161452337,0.0,8.188534905495215,0.0,6.178496704433532,0.0,4.964577648141188,0.0
Trure,315.19607843137254,0.0,16.578238771622726,0.0,374.38742025792925,0.0,320.0,0.0,298.0,0.0,258.0,0.0,215.0,0.0,151.0,0.0,90.0,0.0,59.0,0.0,20.0,0.0,3.0,0.0,12.55835159016787,0.0,17.88854381999832,0.0,17.26267650163207,0.0,16.06237840420901,0.0,14.66287829861518,0.0,12.288205727444508,0.0,9.486832980505138,0.0,7.681145747868608,0.0,4.47213595499958,0.0,1.7320508075688772,0.0,,,,,,,,,,,,,,,,,,,,,3.225263506410905,0.0,,,,,,,,,,,,,,,,,,,,,12.558795535190171,0.0,16.014347956288532,0.0,15.30037031174593,0.0,14.151936970193102,0.0,12.628824440932814,0.0,10.24686076210909,0.0,7.539338030033574,0.0,5.961899371204815,0.0,2.959701471614539,0.0,0.9523458615052233,0.0
Träne,349.2039215686275,0.0,17.35769692226516,0.0,369.860859365088,0.0,345.0,0.0,322.0,0.0,282.0,0.0,229.0,0.0,158.0,0.0,103.0,0.0,62.0,0.0,26.0,0.0,9.0,0.0,12.580452607357634,0.0,18.57417562100671,0.0,17.944358444926362,0.0,16.792855623746664,0.0,15.132745950421556,0.0,12.569805089976535,0.0,10.14889156509222,0.0,7.874007874011811,0.0,5.0990195135927845,0.0,3.0,0.0,,,,,,,,,,,,,,,,,,,,,4.328789458532669,0.0,,,,,,,,,,,,,,,,,,,,,12.580709874100055,0.0,16.808418612187964,0.0,16.18422536497084,0.0,14.976948669144544,0.0,13.208159012502088,0.0,10.687674078888014,0.0,8.094705420432469,0.0,6.069061015129507,0.0,3.6984303050186056,0.0,2.4111279276372506,0.0
Tschm,400.22352941176473,0.0,18.59514267292747,0.0,451.22266200160425,0.0,438.0,0.0,388.0,0.0,347.0,0.0,295.0,0.0,233.0,0.0,175.0,0.0,131.0,0.0,84.0,0.0,52.0,0.0,15.056495169292484,0.0,20.92844953645635,0.0,19.697715603592208,0.0,18.627936010197157,0.0,17.175564037317667,0.0,15.264337522473747,0.0,13.228756555322953,0.0,11.445523142259598,0.0,9.16515138991168,0.0,7.211102550927978,0.0,,,,,,,,,,,,,,,,,,,,,12.542198199380186,0.0,,,,,,,,,,,,,,,,,,,,,15.056136767915715,0.0,18.726879315349304,0.0,17.757352277464776,0.0,16.803937780809612,0.0,15.3209394464455,0.0,13.535773083389682,0.0,11.256132267557605,0.0,9.797543075911054,0.0,7.752840596202461,0.0,5.950915370149814,0.0
Tubke,405.0078431372549,0.0,18.731900760815318,0.0,388.0917934845711,0.0,437.0,0.0,396.0,0.0,353.0,0.0,265.0,0.0,186.0,0.0,115.0,0.0,70.0,0.0,41.0,0.0,7.0,0.0,12.997244108735064,0.0,20.904544960366874,0.0,19.8997487421324,0.0,18.788294228055936,0.0,16.278820596099706,0.0,13.638181696985855,0.0,10.723805294763608,0.0,8.366600265340756,0.0,6.4031242374328485,0.0,2.6457513110645907,0.0,,,,,,,,,,,,,,,,,,,,,4.685775485807423,0.0,,,,,,,,,,,,,,,,,,,,,12.997340200776394,0.0,19.0849408191564,0.0,18.105360261210546,0.0,16.85725590968907,0.0,14.277056758478235,0.0,11.827041679724209,0.0,8.932140226392393,0.0,6.7283156487411135,0.0,5.129004406921655,0.0,1.338678608811748,0.0
Tulpe,367.1333333333333,0.0,17.92446837998587,0.0,389.4650649410267,0.0,381.0,0.0,342.0,0.0,303.0,0.0,236.0,0.0,173.0,0.0,116.0,0.0,83.0,0.0,48.0,0.0,24.0,0.0,13.17975572046303,0.0,19.519221295943137,0.0,18.49324200890693,0.0,17.406895185529212,0.0,15.362291495737216,0.0,13.152946437965905,0.0,10.770329614269007,0.0,9.1104335791443,0.0,6.928203230275509,0.0,4.898979485566356,0.0,,,,,,,,,,,,,,,,,,,,,4.083697715864379,0.0,,,,,,,,,,,,,,,,,,,,,13.17957964966828,0.0,17.636937451041927,0.0,16.660391002839557,0.0,15.60488675857819,0.0,13.528495497861908,0.0,11.465509623496937,0.0,9.035511078718601,0.0,7.666443331193727,0.0,5.926443293201044,0.0,3.9702977703976465,0.0
Tumor,388.4588235294118,0.0,18.33752117420188,0.0,433.16841228574685,0.0,418.0,0.0,376.0,0.0,338.0,0.0,281.0,0.0,214.0,0.0,160.0,0.0,118.0,0.0,62.0,0.0,47.0,0.0,14.464335537852733,0.0,20.445048300260872,0.0,19.390719429665317,0.0,18.384776310850235,0.0,16.76305461424021,0.0,14.628738838327793,0.0,12.649110640673518,0.0,10.862780491200215,0.0,7.874007874011811,0.0,6.855654600401044,0.0,,,,,,,,,,,,,,,,,,,,,6.394653778837752,0.0,,,,,,,,,,,,,,,,,,,,,14.464528620464831,0.0,18.367858568119683,0.0,17.425969464252898,0.0,16.537821847691408,0.0,14.8886425871053,0.0,12.875167412927395,0.0,10.627988766321714,0.0,9.122528021322115,0.0,6.561144330509402,0.0,5.741395148732295,0.0
Tusch,356.0156862745098,0.0,17.5347213084457,0.0,372.4212840802036,0.0,376.0,0.0,331.0,0.0,286.0,0.0,227.0,0.0,161.0,0.0,99.0,0.0,59.0,0.0,31.0,0.0,8.0,0.0,12.537762384786436,0.0,19.390719429665317,0.0,18.193405398660254,0.0,16.911534525287763,0.0,15.066519173319364,0.0,12.68857754044952,0.0,9.9498743710662,0.0,7.681145747868608,0.0,5.5677643628300215,0.0,2.8284271247461903,0.0,,,,,,,,,,,,,,,,,,,,,4.968384441792864,0.0,,,,,,,,,,,,,,,,,,,,,12.537593538464655,0.0,17.39194410830937,0.0,16.37121995439553,0.0,15.043298365608935,0.0,13.126598826385907,0.0,10.72665152509296,0.0,7.945959975934761,0.0,6.227960751898306,0.0,4.529316790677,0.0,1.7515215367916965,0.0
Tutor,322.87450980392157,0.0,16.687429281947075,0.0,372.30597927178655,0.0,332.0,0.0,304.0,0.0,267.0,0.0,209.0,0.0,143.0,0.0,97.0,0.0,62.0,0.0,16.0,0.0,3.0,0.0,12.47144610691496,0.0,18.2208671582886,0.0,17.435595774162696,0.0,16.34013463836819,0.0,14.45683229480096,0.0,11.958260743101398,0.0,9.848857801796104,0.0,7.874007874011811,0.0,4.0,0.0,1.7320508075688772,0.0,,,,,,,,,,,,,,,,,,,,,4.206599977036719,0.0,,,,,,,,,,,,,,,,,,,,,12.471698820448585,0.0,16.115397861419044,0.0,15.30909263444686,0.0,14.369276399781665,0.0,12.40706468179444,0.0,10.086047335522501,0.0,7.703802619051073,0.0,5.920667867815516,0.0,2.6130582283018238,0.0,0.9523458615052233,0.0
Tvthn,362.77647058823527,0.0,17.775232132235672,0.0,400.3509971302311,0.0,379.0,0.0,344.0,0.0,310.0,0.0,257.0,0.0,193.0,0.0,127.0,0.0,82.0,0.0,39.0,0.0,7.0,0.0,13.53290415117802,0.0,19.467922333931785,0.0,18.547236990991408,0.0,17.60681686165901,0.0,16.0312195418814,0.0,13.892443989449804,0.0,11.269427669584644,0.0,9.055385138137417,0.0,6.244997998398398,0.0,2.6457513110645907,0.0,,,,,,,,,,,,,,,,,,,,,6.681314275319417,0.0,,,,,,,,,,,,,,,,,,,,,13.532632043509794,0.0,17.435421308869156,0.0,16.622091630296204,0.0,15.789220039093967,0.0,14.082594842297794,0.0,11.926858967012606,0.0,9.10768181069203,0.0,7.155288240472722,0.0,4.850851316085935,0.0,1.3667611896248615,0.0
Typos,371.55294117647065,0.0,17.8329373992633,0.0,402.31565333830156,0.0,389.0,0.0,351.0,0.0,306.0,0.0,250.0,0.0,187.0,0.0,132.0,0.0,95.0,0.0,48.0,0.0,29.0,0.0,13.572462294315523,0.0,19.72308292331602,0.0,18.734993995195193,0.0,17.4928556845359,0.0,15.811388300841896,0.0,13.674794331177344,0.0,11.489125293076057,0.0,9.746794344808963,0.0,6.928203230275509,0.0,5.385164807134504,0.0,,,,,,,,,,,,,,,,,,,,,4.742280866960014,0.0,,,,,,,,,,,,,,,,,,,,,13.572733355273964,0.0,17.620901851227536,0.0,16.706155634080016,0.0,15.548468509961868,0.0,13.86436839229935,0.0,11.832536535729947,0.0,9.48137798157369,0.0,7.872095350862526,0.0,5.420012574594994,0.0,4.347822039726298,0.0
Typus,378.93333333333334,0.0,18.06020347711387,0.0,404.1044253306452,0.0,402.0,0.0,368.0,0.0,316.0,0.0,254.0,0.0,190.0,0.0,129.0,0.0,88.0,0.0,48.0,0.0,29.0,0.0,13.61342156860063,0.0,20.049937655763422,0.0,19.183326093250876,0.0,17.776388834631177,0.0,15.937377450509228,0.0,13.784048752090222,0.0,11.357816691600547,0.0,9.38083151964686,0.0,6.928203230275509,0.0,5.385164807134504,0.0,,,,,,,,,,,,,,,,,,,,,4.594644374990641,0.0,,,,,,,,,,,,,,,,,,,,,13.613553045399444,0.0,17.91012206770208,0.0,17.14286873751268,0.0,15.813116764118595,0.0,13.832590617442133,0.0,11.969858335612615,0.0,9.39818743317558,0.0,7.665048725897393,0.0,5.420012574594994,0.0,4.347822039726298,0.0
Tztvn,331.01960784313724,0.0,16.96330707748339,0.0,391.74837195238933,0.0,339.0,0.0,315.0,0.0,279.0,0.0,232.0,0.0,179.0,0.0,118.0,0.0,74.0,0.0,25.0,0.0,4.0,0.0,13.237580049492877,0.0,18.411952639521967,0.0,17.74823934929885,0.0,16.703293088490067,0.0,15.231546211727817,0.0,13.379088160259652,0.0,10.862780491200215,0.0,8.602325267042627,0.0,5.0,0.0,2.0,0.0,,,,,,,,,,,,,,,,,,,,,3.9374507823747695,0.0,,,,,,,,,,,,,,,,,,,,,13.237454567185168,0.0,16.478487864510097,0.0,15.871649060492327,0.0,14.928151052848126,0.0,13.293281864459015,0.0,11.346335378402923,0.0,8.559250165459858,0.0,6.366490366270261,0.0,3.235541394158296,0.0,1.0675294248087681,0.0
Töbön,407.85490196078433,0.0,18.63537210322363,0.0,386.55313420425387,0.0,432.0,0.0,400.0,0.0,350.0,0.0,265.0,0.0,183.0,0.0,120.0,0.0,74.0,0.0,37.0,0.0,12.0,0.0,12.974786779543416,0.0,20.784609690826528,0.0,20.0,0.0,18.708286933869708,0.0,16.278820596099706,0.0,13.527749258468683,0.0,10.954451150103322,0.0,8.602325267042627,0.0,6.082762530298219,0.0,3.4641016151377544,0.0,,,,,,,,,,,,,,,,,,,,,3.8649302749183914,0.0,,,,,,,,,,,,,,,,,,,,,12.974991843456284,0.0,18.99622540523282,0.0,18.143206546606756,0.0,16.841469884337208,0.0,14.301442822342059,0.0,11.636325641979242,0.0,8.965728179426304,0.0,6.898395894305039,0.0,5.083976460025131,0.0,2.4084074653119703,0.0
Töböt,383.18431372549026,0.0,18.00816253047357,0.0,392.3261983245733,0.0,411.0,0.0,377.0,0.0,325.0,0.0,247.0,0.0,173.0,0.0,124.0,0.0,82.0,0.0,40.0,0.0,12.0,0.0,13.124636490662,0.0,20.273134932713294,0.0,19.4164878389476,0.0,18.027756377319946,0.0,15.716233645501712,0.0,13.152946437965905,0.0,11.135528725660043,0.0,9.055385138137417,0.0,6.324555320336759,0.0,3.4641016151377544,0.0,,,,,,,,,,,,,,,,,,,,,4.668441928638757,0.0,,,,,,,,,,,,,,,,,,,,,13.124716409147712,0.0,18.222612283497583,0.0,17.409757977777172,0.0,16.066220772570194,0.0,13.767044206312399,0.0,11.36551840073413,0.0,9.168953483960612,0.0,7.28272885768504,0.0,5.191816344457418,0.0,2.4084074653119703,0.0
Töckt,357.4,0.0,17.521349639651763,0.0,393.55326324940074,0.0,377.0,0.0,338.0,0.0,300.0,0.0,240.0,0.0,181.0,0.0,123.0,0.0,82.0,0.0,42.0,0.0,8.0,0.0,13.244988320518425,0.0,19.4164878389476,0.0,18.384776310850235,0.0,17.320508075688775,0.0,15.491933384829668,0.0,13.45362404707371,0.0,11.090536506409418,0.0,9.055385138137417,0.0,6.48074069840786,0.0,2.8284271247461903,0.0,,,,,,,,,,,,,,,,,,,,,3.8203597330547323,0.0,,,,,,,,,,,,,,,,,,,,,13.244700371510659,0.0,17.32439659720456,0.0,16.484648051790536,0.0,15.364968119610346,0.0,13.554739596326929,0.0,11.67714372917738,0.0,9.104366087303898,0.0,7.330244806303839,0.0,5.412719641777815,0.0,1.758187493373998,0.0
Töpfe,379.96078431372547,0.0,18.09171984078312,0.0,392.2035697991172,0.0,393.0,0.0,350.0,0.0,309.0,0.0,245.0,0.0,186.0,0.0,125.0,0.0,91.0,0.0,54.0,0.0,27.0,0.0,13.313414500716119,0.0,19.82422760159901,0.0,18.708286933869708,0.0,17.578395831246947,0.0,15.652475842498529,0.0,13.638181696985855,0.0,11.180339887498949,0.0,9.539392014169456,0.0,7.3484692283495345,0.0,5.196152422706632,0.0,,,,,,,,,,,,,,,,,,,,,4.145256223086002,0.0,,,,,,,,,,,,,,,,,,,,,13.31342158207548,0.0,17.977131511410597,0.0,16.901320521218928,0.0,15.862548025954657,0.0,13.8838545179743,0.0,11.916768105993357,0.0,9.428433595067958,0.0,8.083871292753933,0.0,6.247041949014159,0.0,4.200562846828311,0.0
Töten,352.19607843137254,0.0,17.399665465856568,0.0,365.7508340689996,0.0,360.0,0.0,330.0,0.0,282.0,0.0,223.0,0.0,154.0,0.0,94.0,0.0,58.0,0.0,24.0,0.0,6.0,0.0,12.342052833141748,0.0,18.973665961010276,0.0,18.16590212458495,0.0,16.792855623746664,0.0,14.933184523068078,0.0,12.409673645990857,0.0,9.695359714832659,0.0,7.615773105863909,0.0,4.898979485566356,0.0,2.449489742783178,0.0,,,,,,,,,,,,,,,,,,,,,3.663210496573185,0.0,,,,,,,,,,,,,,,,,,,,,12.342359733570138,0.0,16.991514119925682,0.0,16.202747413164094,0.0,15.0418801744422,0.0,13.04219475446085,0.0,10.58962212360752,0.0,7.784938994814593,0.0,5.995902777200669,0.0,3.790347054347704,0.0,1.6288032354358777,0.0
Tücke,375.2392156862745,0.0,18.016074671221137,0.0,382.5168806170424,0.0,399.0,0.0,353.0,0.0,317.0,0.0,247.0,0.0,175.0,0.0,107.0,0.0,69.0,0.0,38.0,0.0,10.0,0.0,12.8602443538423,0.0,19.974984355438178,0.0,18.788294228055936,0.0,17.804493814764857,0.0,15.716233645501712,0.0,13.228756555322953,0.0,10.344080432788601,0.0,8.306623862918075,0.0,6.164414002968976,0.0,3.1622776601683795,0.0,,,,,,,,,,,,,,,,,,,,,3.5764447399062127,0.0,,,,,,,,,,,,,,,,,,,,,12.860014772222382,0.0,18.07492796861349,0.0,16.944156213221763,0.0,15.87328630195489,0.0,13.722338923299612,0.0,11.43714900166835,0.0,8.546676464404264,0.0,6.730557357565708,0.0,5.0921232773396214,0.0,2.236195582654171,0.0
Türme,396.34901960784316,0.0,18.531299001308405,0.0,436.2041469926823,0.0,431.0,0.0,383.0,0.0,341.0,0.0,286.0,0.0,223.0,0.0,159.0,0.0,121.0,0.0,68.0,0.0,52.0,0.0,14.575390672150101,0.0,20.760539492026695,0.0,19.570385790780925,0.0,18.466185312619388,0.0,16.911534525287763,0.0,14.933184523068078,0.0,12.609520212918492,0.0,11.0,0.0,8.246211251235321,0.0,7.211102550927978,0.0,,,,,,,,,,,,,,,,,,,,,5.043177654735285,0.0,,,,,,,,,,,,,,,,,,,,,14.575151796471573,0.0,18.82907109440015,0.0,17.714771701326484,0.0,16.718629350738073,0.0,15.178453069060996,0.0,13.261153816180748,0.0,10.82950920260296,0.0,9.367781538150663,0.0,6.93347338753902,0.0,6.051094493011214,0.0
Uhmst,420.09411764705885,0.0,18.977446700640822,0.0,424.0782448240204,0.0,446.0,0.0,397.0,0.0,341.0,0.0,289.0,0.0,222.0,0.0,164.0,0.0,113.0,0.0,73.0,0.0,56.0,0.0,14.350348931389759,0.0,21.118712081942874,0.0,19.924858845171276,0.0,18.466185312619388,0.0,17.0,0.0,14.89966442575134,0.0,12.806248474865697,0.0,10.63014581273465,0.0,8.54400374531753,0.0,7.483314773547883,0.0,,,,,,,,,,,,,,,,,,,,,6.980838240924309,0.0,,,,,,,,,,,,,,,,,,,,,14.350651242440478,0.0,18.91120955130942,0.0,18.099922014440935,0.0,16.74319636196868,0.0,15.18270118998395,0.0,13.133512662664574,0.0,11.048388692807466,0.0,9.136770558845658,0.0,7.342254871922394,0.0,6.4086049113081005,0.0
Uhran,388.1803921568627,0.0,18.29370110699947,0.0,354.4779208613086,0.0,382.0,0.0,356.0,0.0,305.0,0.0,241.0,0.0,166.0,0.0,106.0,0.0,50.0,0.0,19.0,0.0,12.0,0.0,12.111620808668446,0.0,19.544820285692065,0.0,18.867962264113206,0.0,17.46424919657298,0.0,15.524174696260024,0.0,12.884098726725126,0.0,10.295630140987,0.0,7.0710678118654755,0.0,4.358898943540674,0.0,3.4641016151377544,0.0,,,,,,,,,,,,,,,,,,,,,3.766131991984491,0.0,,,,,,,,,,,,,,,,,,,,,12.111689204091189,0.0,17.81508661838763,0.0,17.21311375534529,0.0,15.657545175155606,0.0,13.523807379641271,0.0,10.873463910572385,0.0,8.27666312160809,0.0,5.430271221721927,0.0,3.8433033762494992,0.0,3.000484787208892,0.0
Uhren,383.49411764705883,0.0,18.226908044291434,0.0,350.5072648638141,0.0,378.0,0.0,353.0,0.0,301.0,0.0,239.0,0.0,155.0,0.0,92.0,0.0,44.0,0.0,20.0,0.0,12.0,0.0,11.91023038330712,0.0,19.44222209522358,0.0,18.788294228055936,0.0,17.349351572897472,0.0,15.459624833740307,0.0,12.449899597988733,0.0,9.591663046625438,0.0,6.6332495807108,0.0,4.47213595499958,0.0,3.4641016151377544,0.0,,,,,,,,,,,,,,,,,,,,,4.128403269908429,0.0,,,,,,,,,,,,,,,,,,,,,11.910314277043486,0.0,17.66240550945651,0.0,17.064754022355427,0.0,15.550312624307919,0.0,13.457801852033136,0.0,10.48811546971797,0.0,7.734215669744455,0.0,5.169591409655838,0.0,3.8751293145112227,0.0,3.000484787208892,0.0
Umbau,453.8117647058824,0.0,19.650886872187577,0.0,431.8695480450196,0.0,494.0,0.0,463.0,0.0,387.0,0.0,315.0,0.0,234.0,0.0,168.0,0.0,105.0,0.0,62.0,0.0,50.0,0.0,14.497770428774498,0.0,22.22611077089287,0.0,21.517434791350013,0.0,19.672315572906,0.0,17.74823934929885,0.0,15.297058540778355,0.0,12.96148139681572,0.0,10.246950765959598,0.0,7.874007874011811,0.0,7.0710678118654755,0.0,,,,,,,,,,,,,,,,,,,,,4.915907581150693,0.0,,,,,,,,,,,,,,,,,,,,,14.497900603743686,0.0,20.16808849258302,0.0,19.529966884719528,0.0,17.861058599689507,0.0,15.739337251997041,0.0,13.389518238302806,0.0,11.084609857941885,0.0,8.600377346283546,0.0,6.679717229864327,0.0,6.056997598371887,0.0
Umken,452.5607843137255,0.0,19.78591493549588,0.0,436.06503146487836,0.0,482.0,0.0,444.0,0.0,383.0,0.0,332.0,0.0,250.0,0.0,169.0,0.0,112.0,0.0,73.0,0.0,51.0,0.0,14.722558979952634,0.0,21.95449840010015,0.0,21.071307505705477,0.0,19.570385790780925,0.0,18.2208671582886,0.0,15.811388300841896,0.0,13.0,0.0,10.583005244258363,0.0,8.54400374531753,0.0,7.14142842854285,0.0,,,,,,,,,,,,,,,,,,,,,4.951554387982988,0.0,,,,,,,,,,,,,,,,,,,,,14.722773810982083,0.0,19.924204732819813,0.0,19.236944521088237,0.0,17.925676479755282,0.0,16.372392287857977,0.0,13.93528317583932,0.0,11.14073512593757,0.0,9.017121478936739,0.0,7.395208679892829,0.0,6.104275811681482,0.0
Unarm,412.2705882352941,0.0,18.808703720356128,0.0,415.33573794656184,0.0,428.0,0.0,397.0,0.0,344.0,0.0,282.0,0.0,217.0,0.0,156.0,0.0,103.0,0.0,58.0,0.0,46.0,0.0,14.095946255339365,0.0,20.688160865577203,0.0,19.924858845171276,0.0,18.547236990991408,0.0,16.792855623746664,0.0,14.730919862656235,0.0,12.489995996796797,0.0,10.14889156509222,0.0,7.615773105863909,0.0,6.782329983125268,0.0,,,,,,,,,,,,,,,,,,,,,4.892708842600741,0.0,,,,,,,,,,,,,,,,,,,,,14.0959435128051,0.0,18.727047355322778,0.0,18.15324089556285,0.0,16.852981665260014,0.0,14.916358567023433,0.0,12.926432919469232,0.0,10.473512545126566,0.0,8.511245628524831,0.0,6.398248885188932,0.0,5.823196449690414,0.0
Unmut,422.64313725490194,0.0,19.05564485717348,0.0,414.56754784524253,0.0,449.0,0.0,413.0,0.0,357.0,0.0,289.0,0.0,213.0,0.0,154.0,0.0,95.0,0.0,56.0,0.0,44.0,0.0,13.993786309677349,0.0,21.18962010041709,0.0,20.322401432901575,0.0,18.894443627691185,0.0,17.0,0.0,14.594519519326424,0.0,12.409673645990857,0.0,9.746794344808963,0.0,7.483314773547883,0.0,6.6332495807108,0.0,,,,,,,,,,,,,,,,,,,,,4.9944985951951075,0.0,,,,,,,,,,,,,,,,,,,,,13.993873637932422,0.0,19.005603590949264,0.0,18.39720509877023,0.0,17.104746209383375,0.0,14.939294553674392,0.0,12.751311776606622,0.0,10.416907011711581,0.0,8.24285338349964,0.0,6.275005180513616,0.0,5.662553709140418,0.0
Unrat,346.6862745098039,0.0,17.203864358504482,0.0,345.69474694462616,0.0,337.0,0.0,315.0,0.0,266.0,0.0,207.0,0.0,143.0,0.0,97.0,0.0,43.0,0.0,7.0,0.0,0.0,0.0,11.734049236046836,0.0,18.35755975068582,0.0,17.74823934929885,0.0,16.30950643030009,0.0,14.38749456993816,0.0,11.958260743101398,0.0,9.848857801796104,0.0,6.557438524302,0.0,2.6457513110645907,0.0,0.0,0.0,,,,,,,,,,,,,,,,,,,,,5.59663602910951,0.0,,,,,,,,,,,,,,,,,,,,,11.73443474216932,0.0,16.40357843447963,0.0,15.979238871085675,0.0,14.425279434168203,0.0,12.334429534433923,0.0,9.937212762819454,0.0,7.598692139411129,0.0,4.575645584318069,0.0,1.4048772576622348,0.0,0.0,0.0
Untat,350.8274509803922,0.0,17.262470265337708,0.0,348.7617316346882,0.0,347.0,0.0,322.0,0.0,271.0,0.0,209.0,0.0,144.0,0.0,97.0,0.0,44.0,0.0,10.0,0.0,0.0,0.0,11.848149023872677,0.0,18.627936010197157,0.0,17.944358444926362,0.0,16.46207763315433,0.0,14.45683229480096,0.0,12.0,0.0,9.848857801796104,0.0,6.6332495807108,0.0,3.1622776601683795,0.0,0.0,0.0,,,,,,,,,,,,,,,,,,,,,5.410276877071124,0.0,,,,,,,,,,,,,,,,,,,,,11.848360636806673,0.0,16.49934275796159,0.0,16.069095576972448,0.0,14.673727415327383,0.0,12.42255393665144,0.0,10.078161250142061,0.0,7.689358927386442,0.0,4.722959005812224,0.0,1.7607939242792228,0.0,0.0,0.0
Unzen,380.5490196078432,0.0,18.13885864663737,0.0,336.9504636716314,0.0,375.0,0.0,352.0,0.0,301.0,0.0,229.0,0.0,146.0,0.0,78.0,0.0,25.0,0.0,8.0,0.0,0.0,0.0,11.3779712116141,0.0,19.364916731037084,0.0,18.76166303929372,0.0,17.349351572897472,0.0,15.132745950421556,0.0,12.083045973594572,0.0,8.831760866327848,0.0,5.0,0.0,2.8284271247461903,0.0,0.0,0.0,,,,,,,,,,,,,,,,,,,,,2.7555298197972777,0.0,,,,,,,,,,,,,,,,,,,,,11.377871477109085,0.0,17.624554258327418,0.0,17.05258842338519,0.0,15.57674495929819,0.0,12.935034029834519,0.0,9.942851288356591,0.0,6.5170258816259325,0.0,3.0985103517940287,0.0,1.4484567683361664,0.0,0.0,0.0
Ursel,320.16078431372546,0.0,16.588672408833133,0.0,364.109712402102,0.0,316.0,0.0,288.0,0.0,235.0,0.0,200.0,0.0,137.0,0.0,102.0,0.0,58.0,0.0,34.0,0.0,8.0,0.0,12.395988236469845,0.0,17.776388834631177,0.0,16.97056274847714,0.0,15.329709716755891,0.0,14.142135623730951,0.0,11.704699910719626,0.0,10.099504938362077,0.0,7.615773105863909,0.0,5.830951894845301,0.0,2.8284271247461903,0.0,,,,,,,,,,,,,,,,,,,,,4.485254654003671,0.0,,,,,,,,,,,,,,,,,,,,,12.395703177132177,0.0,15.703320039644243,0.0,15.133536969500609,0.0,13.401893746642457,0.0,12.075406315423566,0.0,9.770658545364766,0.0,8.128152312565957,0.0,5.906543430233914,0.0,4.519926406312794,0.0,2.1360381094173597,0.0
Vasen,348.1411764705882,0.0,17.218701777082963,0.0,331.2852704953659,0.0,343.0,0.0,307.0,0.0,253.0,0.0,198.0,0.0,131.0,0.0,68.0,0.0,32.0,0.0,6.0,0.0,0.0,0.0,11.17225966383158,0.0,18.520259177452136,0.0,17.52141546793523,0.0,15.905973720586866,0.0,14.071247279470288,0.0,11.445523142259598,0.0,8.246211251235321,0.0,5.656854249492381,0.0,2.449489742783178,0.0,0.0,0.0,,,,,,,,,,,,,,,,,,,,,3.3239758409987785,0.0,,,,,,,,,,,,,,,,,,,,,11.171777977210143,0.0,16.56313787324837,0.0,15.766585779478506,0.0,14.06427560868042,0.0,11.960377371494078,0.0,9.148225652420637,0.0,5.98815460872332,0.0,3.6927655809531417,0.0,1.1673157216502161,0.0,0.0,0.0
Vater,317.3254901960784,0.0,16.45225123044833,0.0,346.6296288197226,0.0,312.0,0.0,285.0,0.0,239.0,0.0,188.0,0.0,125.0,0.0,78.0,0.0,44.0,0.0,7.0,0.0,0.0,0.0,11.657507243883396,0.0,17.663521732655695,0.0,16.881943016134134,0.0,15.459624833740307,0.0,13.711309200802088,0.0,11.180339887498949,0.0,8.831760866327848,0.0,6.6332495807108,0.0,2.6457513110645907,0.0,0.0,0.0,,,,,,,,,,,,,,,,,,,,,4.427600950034226,0.0,,,,,,,,,,,,,,,,,,,,,11.657688532721764,0.0,15.533223832891238,0.0,14.912059925263495,0.0,13.52306765251889,0.0,11.554665042755088,0.0,9.063317014208014,0.0,6.724646473487972,0.0,4.6374143362888764,0.0,1.3712427517380164,0.0,0.0,0.0
Vchsm,404.44313725490196,0.0,18.62601150268811,0.0,441.695675097796,0.0,446.0,0.0,384.0,0.0,340.0,0.0,299.0,0.0,232.0,0.0,161.0,0.0,124.0,0.0,78.0,0.0,49.0,0.0,14.791537405559316,0.0,21.118712081942874,0.0,19.595917942265423,0.0,18.439088914585774,0.0,17.291616465790582,0.0,15.231546211727817,0.0,12.68857754044952,0.0,11.135528725660043,0.0,8.831760866327848,0.0,7.0,0.0,,,,,,,,,,,,,,,,,,,,,9.02465198925508,0.0,,,,,,,,,,,,,,,,,,,,,14.791793725187027,0.0,18.856736695864857,0.0,17.74277406192463,0.0,16.68080547193418,0.0,15.31613115368889,0.0,13.217654327090623,0.0,10.752350348406486,0.0,9.370147678561274,0.0,7.490836111608681,0.0,5.909250860390504,0.0
Vdlvr,340.6078431372549,0.0,17.195514109728894,0.0,401.21791540793663,0.0,347.0,0.0,318.0,0.0,287.0,0.0,238.0,0.0,178.0,0.0,134.0,0.0,88.0,0.0,38.0,0.0,15.0,0.0,13.549752618804984,0.0,18.627936010197157,0.0,17.832554500127006,0.0,16.941074346097416,0.0,15.427248620541512,0.0,13.341664064126334,0.0,11.575836902790225,0.0,9.38083151964686,0.0,6.164414002968976,0.0,3.872983346207417,0.0,,,,,,,,,,,,,,,,,,,,,6.736206125958227,0.0,,,,,,,,,,,,,,,,,,,,,13.550038859922125,0.0,16.667472787550352,0.0,15.962892476405704,0.0,15.133358800837627,0.0,13.386972393094586,0.0,11.317088417702706,0.0,9.382196731360875,0.0,7.371327284431176,0.0,5.4224943534163055,0.0,3.138859283496775,0.0
Vekel,358.44313725490196,0.0,17.669783625276533,0.0,385.5583554032935,0.0,370.0,0.0,330.0,0.0,289.0,0.0,239.0,0.0,173.0,0.0,117.0,0.0,77.0,0.0,45.0,0.0,11.0,0.0,13.073851733391704,0.0,19.235384061671343,0.0,18.16590212458495,0.0,17.0,0.0,15.459624833740307,0.0,13.152946437965905,0.0,10.816653826391969,0.0,8.774964387392123,0.0,6.708203932499369,0.0,3.3166247903554,0.0,,,,,,,,,,,,,,,,,,,,,4.412557129564344,0.0,,,,,,,,,,,,,,,,,,,,,13.074228632572703,0.0,17.237356688384256,0.0,16.42572185536024,0.0,15.156106191775681,0.0,13.390247621618983,0.0,11.16192310980618,0.0,8.875205980162091,0.0,7.02327717552164,0.0,5.67396045743162,0.0,2.3615486160808588,0.0
Vemps,416.73725490196074,0.0,18.913562463470292,0.0,423.1692616079895,0.0,441.0,0.0,386.0,0.0,338.0,0.0,284.0,0.0,217.0,0.0,159.0,0.0,119.0,0.0,72.0,0.0,60.0,0.0,14.294334775664764,0.0,21.0,0.0,19.6468827043885,0.0,18.384776310850235,0.0,16.852299546352718,0.0,14.730919862656235,0.0,12.609520212918492,0.0,10.908712114635714,0.0,8.48528137423857,0.0,7.745966692414834,0.0,,,,,,,,,,,,,,,,,,,,,5.805338354649139,0.0,,,,,,,,,,,,,,,,,,,,,14.294306784530965,0.0,18.867780970214994,0.0,17.790585898661515,0.0,16.590276287080002,0.0,14.94306108852215,0.0,12.919600808439535,0.0,10.744801254993007,0.0,9.28149778723307,0.0,7.267290356814417,0.0,6.629501576958397,0.0
Venen,366.121568627451,0.0,17.782674979084693,0.0,336.5193421937141,0.0,358.0,0.0,327.0,0.0,284.0,0.0,226.0,0.0,149.0,0.0,68.0,0.0,30.0,0.0,5.0,0.0,0.0,0.0,11.39202023532944,0.0,18.920887928424502,0.0,18.083141320025124,0.0,16.852299546352718,0.0,15.033296378372908,0.0,12.206555615733702,0.0,8.246211251235321,0.0,5.477225575051661,0.0,2.23606797749979,0.0,0.0,0.0,,,,,,,,,,,,,,,,,,,,,3.168297431993117,0.0,,,,,,,,,,,,,,,,,,,,,11.392376574635861,0.0,17.120420830667044,0.0,16.361355032483598,0.0,15.04805325825568,0.0,12.882577981665296,0.0,9.949070213813895,0.0,5.976089949566095,0.0,3.541263963783791,0.0,0.9993014183063296,0.0,0.0,0.0
Venus,354.37254901960785,0.0,17.430261770118538,0.0,337.8594495873525,0.0,358.0,0.0,323.0,0.0,269.0,0.0,209.0,0.0,134.0,0.0,69.0,0.0,29.0,0.0,4.0,0.0,0.0,0.0,11.355108678466783,0.0,18.920887928424502,0.0,17.97220075561143,0.0,16.401219466856727,0.0,14.45683229480096,0.0,11.575836902790225,0.0,8.306623862918075,0.0,5.385164807134504,0.0,2.0,0.0,0.0,0.0,,,,,,,,,,,,,,,,,,,,,2.751151690364855,0.0,,,,,,,,,,,,,,,,,,,,,11.355408196406115,0.0,16.86798433701342,0.0,16.04349444298858,0.0,14.413098272694048,0.0,12.083922987130297,0.0,9.371405816827338,0.0,5.938153415203572,0.0,3.520013250904166,0.0,0.8627135690071098,0.0,0.0,0.0
Verse,314.64313725490194,0.0,16.40247728403978,0.0,338.44533993137463,0.0,311.0,0.0,269.0,0.0,225.0,0.0,180.0,0.0,123.0,0.0,72.0,0.0,41.0,0.0,6.0,0.0,0.0,0.0,11.34189497123106,0.0,17.635192088548397,0.0,16.401219466856727,0.0,15.0,0.0,13.416407864998739,0.0,11.090536506409418,0.0,8.48528137423857,0.0,6.4031242374328485,0.0,2.449489742783178,0.0,0.0,0.0,,,,,,,,,,,,,,,,,,,,,3.445813137930338,0.0,,,,,,,,,,,,,,,,,,,,,11.341861046762894,0.0,15.60151397956953,0.0,14.452545533472092,0.0,12.988728888123328,0.0,11.223593768976398,0.0,8.828410014797967,0.0,6.319231543384607,0.0,4.369558435641966,0.0,1.159858537145513,0.0,0.0,0.0
Veter,312.6392156862745,0.0,16.377950030837514,0.0,350.4299733000736,0.0,309.0,0.0,279.0,0.0,238.0,0.0,192.0,0.0,126.0,0.0,79.0,0.0,45.0,0.0,8.0,0.0,0.0,0.0,11.75577767026372,0.0,17.578395831246947,0.0,16.703293088490067,0.0,15.427248620541512,0.0,13.856406460551018,0.0,11.224972160321824,0.0,8.888194417315589,0.0,6.708203932499369,0.0,2.8284271247461903,0.0,0.0,0.0,,,,,,,,,,,,,,,,,,,,,4.271948808550828,0.0,,,,,,,,,,,,,,,,,,,,,11.755820615821523,0.0,15.39937592335094,0.0,14.65986676856667,0.0,13.49189324639097,0.0,11.637264963374436,0.0,9.138750841044493,0.0,6.780436940022823,0.0,4.671164134570954,0.0,1.4505376795058555,0.0,0.0,0.0
Vfzlz,325.7725490196078,0.0,16.869855318124117,0.0,410.63088093560447,0.0,341.0,0.0,309.0,0.0,273.0,0.0,225.0,0.0,187.0,0.0,143.0,0.0,95.0,0.0,43.0,0.0,15.0,0.0,13.861803971127276,0.0,18.466185312619388,0.0,17.578395831246947,0.0,16.522711641858304,0.0,15.0,0.0,13.674794331177344,0.0,11.958260743101398,0.0,9.746794344808963,0.0,6.557438524302,0.0,3.872983346207417,0.0,,,,,,,,,,,,,,,,,,,,,3.371828844356411,0.0,,,,,,,,,,,,,,,,,,,,,13.861755850083618,0.0,16.555389517120705,0.0,15.782276470709803,0.0,14.626518231749237,0.0,12.90402643492751,0.0,11.577559837717768,0.0,9.69059387823187,0.0,7.694697997972039,0.0,5.467392998501957,0.0,3.0850152291914945,0.0
Vglvg,405.48627450980393,0.0,18.69664054184446,0.0,436.5274310026921,0.0,448.0,0.0,396.0,0.0,342.0,0.0,283.0,0.0,223.0,0.0,170.0,0.0,121.0,0.0,66.0,0.0,39.0,0.0,14.586410892436707,0.0,21.166010488516726,0.0,19.8997487421324,0.0,18.49324200890693,0.0,16.822603841260722,0.0,14.933184523068078,0.0,13.038404810405298,0.0,11.0,0.0,8.12403840463596,0.0,6.244997998398398,0.0,,,,,,,,,,,,,,,,,,,,,5.7427232705142615,0.0,,,,,,,,,,,,,,,,,,,,,14.586061005660756,0.0,19.060480751500997,0.0,18.137497820033563,0.0,16.65251486916361,0.0,14.835402307196125,0.0,12.958114775638753,0.0,10.821834284167016,0.0,8.741656309607825,0.0,6.361924363197231,0.0,4.266907645049265,0.0
Vikar,338.5333333333333,0.0,17.09692746880299,0.0,391.4417709421646,0.0,347.0,0.0,308.0,0.0,277.0,0.0,236.0,0.0,182.0,0.0,130.0,0.0,78.0,0.0,29.0,0.0,3.0,0.0,13.292696688011281,0.0,18.627936010197157,0.0,17.549928774784245,0.0,16.64331697709324,0.0,15.362291495737216,0.0,13.490737563232042,0.0,11.40175425099138,0.0,8.831760866327848,0.0,5.385164807134504,0.0,1.7320508075688772,0.0,,,,,,,,,,,,,,,,,,,,,4.514780793935811,0.0,,,,,,,,,,,,,,,,,,,,,13.293295869549997,0.0,16.633735640658113,0.0,15.823429670865913,0.0,14.725267741189077,0.0,13.236627263935825,0.0,11.329323417574903,0.0,9.117702536168117,0.0,6.640883715823038,0.0,4.444265408806618,0.0,1.0076972804339992,0.0
Villa,303.49411764705883,0.0,16.243446376093047,0.0,404.7851179629225,0.0,311.0,0.0,272.0,0.0,245.0,0.0,211.0,0.0,177.0,0.0,142.0,0.0,95.0,0.0,42.0,0.0,10.0,0.0,13.778312377944802,0.0,17.635192088548397,0.0,16.492422502470642,0.0,15.652475842498529,0.0,14.52583904633395,0.0,13.30413469565007,0.0,11.916375287812984,0.0,9.746794344808963,0.0,6.48074069840786,0.0,3.1622776601683795,0.0,,,,,,,,,,,,,,,,,,,,,4.550748402575225,0.0,,,,,,,,,,,,,,,,,,,,,13.778252487917708,0.0,15.720500665742108,0.0,14.839969209352613,0.0,13.916368844288597,0.0,12.66967521916667,0.0,11.406130722413668,0.0,9.83840773590431,0.0,7.789769275116017,0.0,5.820660345891916,0.0,2.4288058989325174,0.0
Viren,317.6823529411764,0.0,16.574507368308556,0.0,363.9449460467106,0.0,314.0,0.0,284.0,0.0,249.0,0.0,208.0,0.0,150.0,0.0,95.0,0.0,56.0,0.0,11.0,0.0,0.0,0.0,12.355931555211821,0.0,17.72004514666935,0.0,16.852299546352718,0.0,15.7797338380595,0.0,14.422205101855956,0.0,12.24744871391589,0.0,9.746794344808963,0.0,7.483314773547883,0.0,3.3166247903554,0.0,0.0,0.0,,,,,,,,,,,,,,,,,,,,,5.7883779033320115,0.0,,,,,,,,,,,,,,,,,,,,,12.35641587831983,0.0,15.791881973279866,0.0,15.024178352506869,0.0,13.89816260439716,0.0,12.33770746448279,0.0,10.053100220824081,0.0,7.541402183951273,0.0,5.310696706720556,0.0,2.189740577782896,0.0,0.0,0.0
Virus,305.93333333333334,0.0,16.19582632857014,0.0,365.285053440349,0.0,314.0,0.0,280.0,0.0,234.0,0.0,191.0,0.0,135.0,0.0,96.0,0.0,55.0,0.0,10.0,0.0,0.0,0.0,12.321907833396397,0.0,17.72004514666935,0.0,16.73320053068151,0.0,15.297058540778355,0.0,13.820274961085254,0.0,11.61895003862225,0.0,9.797958971132712,0.0,7.416198487095663,0.0,3.1622776601683795,0.0,0.0,0.0,,,,,,,,,,,,,,,,,,,,,3.72086817650678,0.0,,,,,,,,,,,,,,,,,,,,,12.322388935056408,0.0,15.523236870954795,0.0,14.658801308128803,0.0,13.178261634164263,0.0,11.452413780264438,0.0,9.440707918473874,0.0,7.4964884076061535,0.0,5.293792226915651,0.0,2.131377401509219,0.0,0.0,0.0
Vitim,343.10980392156864,0.0,17.176708298113393,0.0,459.2844643681513,0.0,376.0,0.0,334.0,0.0,296.0,0.0,266.0,0.0,227.0,0.0,182.0,0.0,140.0,0.0,72.0,0.0,46.0,0.0,15.353248797762594,0.0,19.390719429665317,0.0,18.275666882497067,0.0,17.204650534085253,0.0,16.30950643030009,0.0,15.066519173319364,0.0,13.490737563232042,0.0,11.832159566199232,0.0,8.48528137423857,0.0,6.782329983125268,0.0,,,,,,,,,,,,,,,,,,,,,10.247877239259807,0.0,,,,,,,,,,,,,,,,,,,,,15.352947593153104,0.0,17.088899203081905,0.0,16.275726490701604,0.0,15.489113180793817,0.0,14.457227830359939,0.0,13.213233730590796,0.0,11.441384063949588,0.0,9.698102208358597,0.0,7.009509445639166,0.0,5.823196449690414,0.0
Vlies,299.9843137254902,0.0,16.07434764016572,0.0,374.1793395480182,0.0,304.0,0.0,269.0,0.0,225.0,0.0,191.0,0.0,138.0,0.0,104.0,0.0,67.0,0.0,25.0,0.0,7.0,0.0,12.69223363245681,0.0,17.435595774162696,0.0,16.401219466856727,0.0,15.0,0.0,13.820274961085254,0.0,11.74734012447073,0.0,10.198039027185569,0.0,8.18535277187245,0.0,5.0,0.0,2.6457513110645907,0.0,,,,,,,,,,,,,,,,,,,,,3.7494978706661937,0.0,,,,,,,,,,,,,,,,,,,,,12.692192425143757,0.0,15.276036606447281,0.0,14.441137791237404,0.0,13.094881804602585,0.0,11.71838002144266,0.0,9.787519336402537,0.0,8.203719173039284,0.0,6.334376267975914,0.0,4.20628872366661,0.0,2.2271431221184588,0.0
Vmnst,388.121568627451,0.0,18.23225317254533,0.0,431.89949245841797,0.0,413.0,0.0,372.0,0.0,319.0,0.0,284.0,0.0,228.0,0.0,154.0,0.0,115.0,0.0,59.0,0.0,48.0,0.0,14.588316010962478,0.0,20.322401432901575,0.0,19.28730152198591,0.0,17.86057109949175,0.0,16.852299546352718,0.0,15.0996688705415,0.0,12.409673645990857,0.0,10.723805294763608,0.0,7.681145747868608,0.0,6.928203230275509,0.0,,,,,,,,,,,,,,,,,,,,,7.776752368389411,0.0,,,,,,,,,,,,,,,,,,,,,14.588381119208611,0.0,18.0866170765556,0.0,17.331373214158365,0.0,16.11127939730007,0.0,14.960978144110006,0.0,13.06947602256545,0.0,10.36212736682483,0.0,8.865723789553371,0.0,6.40850789417571,0.0,6.020022767762582,0.0
Vngst,374.4509803921569,0.0,17.88208591131897,0.0,378.93425473727973,0.0,390.0,0.0,349.0,0.0,302.0,0.0,241.0,0.0,173.0,0.0,112.0,0.0,68.0,0.0,32.0,0.0,16.0,0.0,12.790971725847678,0.0,19.748417658131498,0.0,18.681541692269406,0.0,17.378147196982766,0.0,15.524174696260024,0.0,13.152946437965905,0.0,10.583005244258363,0.0,8.246211251235321,0.0,5.656854249492381,0.0,4.0,0.0,,,,,,,,,,,,,,,,,,,,,5.324543161669797,0.0,,,,,,,,,,,,,,,,,,,,,12.791428466093192,0.0,17.636362467347585,0.0,16.910750201678326,0.0,15.579947549020629,0.0,13.376890705398882,0.0,10.983313929312724,0.0,8.298800293635336,0.0,6.040266401795758,0.0,3.8592457969646228,0.0,2.6099998410952274,0.0
Vogel,373.0588235294118,0.0,17.91221534790553,0.0,388.0459721985998,0.0,393.0,0.0,352.0,0.0,299.0,0.0,240.0,0.0,168.0,0.0,120.0,0.0,79.0,0.0,47.0,0.0,24.0,0.0,13.08375843452119,0.0,19.82422760159901,0.0,18.76166303929372,0.0,17.291616465790582,0.0,15.491933384829668,0.0,12.96148139681572,0.0,10.954451150103322,0.0,8.888194417315589,0.0,6.855654600401044,0.0,4.898979485566356,0.0,,,,,,,,,,,,,,,,,,,,,5.219353852623342,0.0,,,,,,,,,,,,,,,,,,,,,13.084272229570916,0.0,17.716514159099003,0.0,16.892092986571164,0.0,15.45419973784364,0.0,13.458742063068062,0.0,11.002957388574382,0.0,8.90470003547788,0.0,6.9248425958370605,0.0,5.374304440202958,0.0,3.3738329492262906,0.0
Vokal,366.6666666666667,0.0,17.784064247985345,0.0,389.291579129242,0.0,381.0,0.0,340.0,0.0,296.0,0.0,240.0,0.0,183.0,0.0,133.0,0.0,83.0,0.0,43.0,0.0,11.0,0.0,13.23228508812366,0.0,19.519221295943137,0.0,18.439088914585774,0.0,17.204650534085253,0.0,15.491933384829668,0.0,13.527749258468683,0.0,11.532562594670797,0.0,9.1104335791443,0.0,6.557438524302,0.0,3.3166247903554,0.0,,,,,,,,,,,,,,,,,,,,,4.2716068342091855,0.0,,,,,,,,,,,,,,,,,,,,,13.232684739928152,0.0,17.517393582331778,0.0,16.71049105477744,0.0,15.340168492750474,0.0,13.484931987054267,0.0,11.501988605946321,0.0,9.37687586293819,0.0,7.200181852877794,0.0,5.6317907205348625,0.0,2.3615486160808588,0.0
Votum,396.81960784313725,0.0,18.423723485818268,0.0,428.70937116137895,0.0,438.0,0.0,394.0,0.0,335.0,0.0,274.0,0.0,208.0,0.0,156.0,0.0,111.0,0.0,60.0,0.0,46.0,0.0,14.349780507729331,0.0,20.92844953645635,0.0,19.849433241279208,0.0,18.303005217723125,0.0,16.55294535724685,0.0,14.422205101855956,0.0,12.489995996796797,0.0,10.535653752852738,0.0,7.745966692414834,0.0,6.782329983125268,0.0,,,,,,,,,,,,,,,,,,,,,9.59250976784192,0.0,,,,,,,,,,,,,,,,,,,,,14.349836686884219,0.0,18.509768869225567,0.0,17.6636741885724,0.0,16.447767734976797,0.0,14.45161896177745,0.0,12.561859252113766,0.0,10.45610212212838,0.0,8.758501701296126,0.0,6.456938527715961,0.0,5.823196449690414,0.0
Vssbg,392.478431372549,0.0,18.20608666615376,0.0,385.87123481087355,0.0,424.0,0.0,375.0,0.0,316.0,0.0,244.0,0.0,179.0,0.0,122.0,0.0,74.0,0.0,38.0,0.0,19.0,0.0,12.937445401470116,0.0,20.591260281974,0.0,19.364916731037084,0.0,17.776388834631177,0.0,15.620499351813308,0.0,13.379088160259652,0.0,11.045361017187261,0.0,8.602325267042627,0.0,6.164414002968976,0.0,4.358898943540674,0.0,,,,,,,,,,,,,,,,,,,,,10.132210689467248,0.0,,,,,,,,,,,,,,,,,,,,,12.936899903770058,0.0,18.46924042539329,0.0,17.514915210931974,0.0,15.760053349842863,0.0,13.451967156687429,0.0,11.289177598720524,0.0,8.840522863544708,0.0,6.345625595276822,0.0,4.339561792475364,0.0,2.7184894867124485,0.0
Vsvvt,307.80392156862746,0.0,16.15075174742403,0.0,377.44580265811425,0.0,310.0,0.0,280.0,0.0,245.0,0.0,204.0,0.0,153.0,0.0,106.0,0.0,68.0,0.0,14.0,0.0,2.0,0.0,12.785382331859497,0.0,17.60681686165901,0.0,16.73320053068151,0.0,15.652475842498529,0.0,14.2828568570857,0.0,12.36931687685298,0.0,10.295630140987,0.0,8.246211251235321,0.0,3.7416573867739413,0.0,1.4142135623730951,0.0,,,,,,,,,,,,,,,,,,,,,3.399017116547223,0.0,,,,,,,,,,,,,,,,,,,,,12.785538763991473,0.0,15.252396492734288,0.0,14.627223967311204,0.0,13.714149294650415,0.0,12.076689182348732,0.0,10.06140127954949,0.0,7.650157583092119,0.0,5.6348273312620165,0.0,2.0297166756452016,0.0,0.5467681159461834,0.0
Vögel,384.48627450980393,0.0,18.16293126893047,0.0,395.73522014616105,0.0,409.0,0.0,365.0,0.0,311.0,0.0,250.0,0.0,176.0,0.0,128.0,0.0,87.0,0.0,55.0,0.0,27.0,0.0,13.344440771090513,0.0,20.223748416156685,0.0,19.1049731745428,0.0,17.635192088548397,0.0,15.811388300841896,0.0,13.2664991614216,0.0,11.313708498984761,0.0,9.327379053088816,0.0,7.416198487095663,0.0,5.196152422706632,0.0,,,,,,,,,,,,,,,,,,,,,5.342372724556893,0.0,,,,,,,,,,,,,,,,,,,,,13.344961574499033,0.0,18.11825546567718,0.0,17.237254088005106,0.0,15.80920555793539,0.0,13.791202479972561,0.0,11.331286957058152,0.0,9.311296438819662,0.0,7.446710025864947,0.0,6.031472486217341,0.0,3.6240464230542693,0.0
Vörnö,367.2392156862745,0.0,17.678641890285785,0.0,365.495095204542,0.0,376.0,0.0,342.0,0.0,295.0,0.0,232.0,0.0,156.0,0.0,104.0,0.0,64.0,0.0,20.0,0.0,7.0,0.0,12.342986344143997,0.0,19.390719429665317,0.0,18.49324200890693,0.0,17.175564037317667,0.0,15.231546211727817,0.0,12.489995996796797,0.0,10.198039027185569,0.0,8.0,0.0,4.47213595499958,0.0,2.6457513110645907,0.0,,,,,,,,,,,,,,,,,,,,,3.710221926234444,0.0,,,,,,,,,,,,,,,,,,,,,12.341868574652052,0.0,17.456308003908436,0.0,16.61830796947584,0.0,15.227762193929202,0.0,13.166306845036983,0.0,10.372979731655796,0.0,7.946236467923655,0.0,6.074718167317693,0.0,3.9459415358923455,0.0,2.097147226131457,0.0
Waban,459.98823529411766,0.0,19.740783452895233,0.0,409.3203227208551,0.0,485.0,0.0,450.0,0.0,391.0,0.0,297.0,0.0,229.0,0.0,156.0,0.0,100.0,0.0,66.0,0.0,38.0,0.0,13.88606480807131,0.0,22.02271554554524,0.0,21.213203435596427,0.0,19.77371993328519,0.0,17.233687939614086,0.0,15.132745950421556,0.0,12.489995996796797,0.0,10.0,0.0,8.12403840463596,0.0,6.164414002968976,0.0,,,,,,,,,,,,,,,,,,,,,6.309250406372068,0.0,,,,,,,,,,,,,,,,,,,,,13.885807834290583,0.0,20.233556715692096,0.0,19.563409266818272,0.0,18.014226694636267,0.0,15.251323505624129,0.0,13.107820483889098,0.0,10.674119959558634,0.0,8.201597036521386,0.0,6.36340812982452,0.0,4.094262961586592,0.0
Wache,430.9294117647059,0.0,19.18073772645027,0.0,405.6046269974331,0.0,459.0,0.0,404.0,0.0,354.0,0.0,278.0,0.0,207.0,0.0,142.0,0.0,100.0,0.0,73.0,0.0,38.0,0.0,13.725010845061556,0.0,21.42428528562855,0.0,20.09975124224178,0.0,18.81488772222678,0.0,16.673332000533065,0.0,14.38749456993816,0.0,11.916375287812984,0.0,10.0,0.0,8.54400374531753,0.0,6.164414002968976,0.0,,,,,,,,,,,,,,,,,,,,,7.129292901886468,0.0,,,,,,,,,,,,,,,,,,,,,13.724639394842303,0.0,19.388838161648906,0.0,18.269278080427622,0.0,16.96560025731068,0.0,14.755823608915248,0.0,12.444966044351279,0.0,10.226058700009034,0.0,8.524963365609109,0.0,7.023932532339133,0.0,4.093912988865403,0.0
Wachs,422.4745098039216,0.0,18.94710701619031,0.0,406.3260865574373,0.0,450.0,0.0,397.0,0.0,342.0,0.0,271.0,0.0,203.0,0.0,145.0,0.0,101.0,0.0,73.0,0.0,38.0,0.0,13.76420473182135,0.0,21.213203435596427,0.0,19.924858845171276,0.0,18.49324200890693,0.0,16.46207763315433,0.0,14.247806848775006,0.0,12.041594578792296,0.0,10.04987562112089,0.0,8.54400374531753,0.0,6.164414002968976,0.0,,,,,,,,,,,,,,,,,,,,,8.426950027747294,0.0,,,,,,,,,,,,,,,,,,,,,13.764041509257424,0.0,19.1079957020802,0.0,18.072954474505742,0.0,16.615602125795878,0.0,14.528329944447917,0.0,12.338307999165366,0.0,10.284236147327096,0.0,8.544411457697114,0.0,7.023932532339133,0.0,4.093912988865403,0.0
Wacht,420.4705882352941,0.0,18.925877798457265,0.0,419.67308247820677,0.0,449.0,0.0,400.0,0.0,351.0,0.0,280.0,0.0,217.0,0.0,156.0,0.0,111.0,0.0,76.0,0.0,38.0,0.0,14.17071314874062,0.0,21.18962010041709,0.0,20.0,0.0,18.734993995195193,0.0,16.73320053068151,0.0,14.730919862656235,0.0,12.489995996796797,0.0,10.535653752852738,0.0,8.717797887081348,0.0,6.164414002968976,0.0,,,,,,,,,,,,,,,,,,,,,8.850655382341337,0.0,,,,,,,,,,,,,,,,,,,,,14.170475506270652,0.0,19.01702967737955,0.0,18.11903148807267,0.0,16.839077071364876,0.0,14.834978166446561,0.0,12.80016242196786,0.0,10.674948557325724,0.0,8.893588389424163,0.0,7.105645293306936,0.0,4.093912988865403,0.0
Wackt,419.81176470588235,0.0,18.911287260564666,0.0,427.6426715585038,0.0,449.0,0.0,404.0,0.0,358.0,0.0,286.0,0.0,230.0,0.0,164.0,0.0,118.0,0.0,79.0,0.0,38.0,0.0,14.416177492436255,0.0,21.18962010041709,0.0,20.09975124224178,0.0,18.920887928424502,0.0,16.911534525287763,0.0,15.165750888103101,0.0,12.806248474865697,0.0,10.862780491200215,0.0,8.888194417315589,0.0,6.164414002968976,0.0,,,,,,,,,,,,,,,,,,,,,8.998218257444403,0.0,,,,,,,,,,,,,,,,,,,,,14.415924843761598,0.0,19.0623487975834,0.0,18.27696116213724,0.0,17.020927324490508,0.0,14.994587912051543,0.0,13.236351790527412,0.0,10.994094072439468,0.0,9.062770581481832,0.0,7.178237685629918,0.0,4.093912988865403,0.0
Wagen,466.52156862745096,0.0,19.963360903082247,0.0,418.5337201988055,0.0,497.0,0.0,453.0,0.0,391.0,0.0,311.0,0.0,232.0,0.0,155.0,0.0,107.0,0.0,80.0,0.0,52.0,0.0,14.142352203080291,0.0,22.293496809607955,0.0,21.283796653792763,0.0,19.77371993328519,0.0,17.635192088548397,0.0,15.231546211727817,0.0,12.449899597988733,0.0,10.344080432788601,0.0,8.94427190999916,0.0,7.211102550927978,0.0,,,,,,,,,,,,,,,,,,,,,6.400071980318664,0.0,,,,,,,,,,,,,,,,,,,,,14.142079769457517,0.0,20.35609325115659,0.0,19.55685019112542,0.0,18.062402588020053,0.0,15.727914225302895,0.0,13.206697541503075,0.0,10.625693586764296,0.0,8.526087130449493,0.0,6.875187332832848,0.0,4.802844831428432,0.0
Wagon,470.0588235294117,0.0,20.003703232699554,0.0,425.65898740055036,0.0,504.0,0.0,458.0,0.0,400.0,0.0,317.0,0.0,238.0,0.0,166.0,0.0,115.0,0.0,79.0,0.0,52.0,0.0,14.335193337614148,0.0,22.44994432064365,0.0,21.400934559032695,0.0,20.0,0.0,17.804493814764857,0.0,15.427248620541512,0.0,12.884098726725126,0.0,10.723805294763608,0.0,8.888194417315589,0.0,7.211102550927978,0.0,,,,,,,,,,,,,,,,,,,,,6.112113710531391,0.0,,,,,,,,,,,,,,,,,,,,,14.334894785759348,0.0,20.49764510147224,0.0,19.619512137968083,0.0,18.22524611401484,0.0,15.88884395256342,0.0,13.34719409720529,0.0,10.903066628329096,0.0,8.750825324767039,0.0,6.85563799570203,0.0,4.802844831428432,0.0
Wahan,460.7882352941176,0.0,19.862359518546207,0.0,410.7105104302494,0.0,489.0,0.0,437.0,0.0,383.0,0.0,307.0,0.0,236.0,0.0,152.0,0.0,104.0,0.0,73.0,0.0,39.0,0.0,13.993260537071224,0.0,22.11334438749598,0.0,20.904544960366874,0.0,19.570385790780925,0.0,17.52141546793523,0.0,15.362291495737216,0.0,12.328828005937952,0.0,10.198039027185569,0.0,8.54400374531753,0.0,6.244997998398398,0.0,,,,,,,,,,,,,,,,,,,,,6.281073522052994,0.0,,,,,,,,,,,,,,,,,,,,,13.993038042548772,0.0,20.232569848750327,0.0,19.29456930233753,0.0,17.888876520904468,0.0,15.618657120139304,0.0,13.28346585783408,0.0,10.56984195285089,0.0,8.600207991161104,0.0,7.022128646598562,0.0,4.165370481346127,0.0
Wahsa,438.121568627451,0.0,19.295962369966425,0.0,405.99744258435834,0.0,468.0,0.0,406.0,0.0,351.0,0.0,285.0,0.0,218.0,0.0,145.0,0.0,102.0,0.0,75.0,0.0,39.0,0.0,13.81723748204665,0.0,21.633307652783937,0.0,20.149441679609886,0.0,18.734993995195193,0.0,16.881943016134134,0.0,14.7648230602334,0.0,12.041594578792296,0.0,10.099504938362077,0.0,8.660254037844387,0.0,6.244997998398398,0.0,,,,,,,,,,,,,,,,,,,,,8.927146687955819,0.0,,,,,,,,,,,,,,,,,,,,,13.816908730273838,0.0,19.605836540103528,0.0,18.439661778244453,0.0,16.992704818616545,0.0,14.989197959401306,0.0,12.732285513788504,0.0,10.304960543189607,0.0,8.534451825694553,0.0,7.058713243443245,0.0,4.165370481346127,0.0
Wahst,422.9764705882353,0.0,18.97848758877396,0.0,416.3814166889389,0.0,457.0,0.0,399.0,0.0,343.0,0.0,281.0,0.0,220.0,0.0,147.0,0.0,110.0,0.0,78.0,0.0,39.0,0.0,14.095450965690828,0.0,21.37755832643195,0.0,19.974984355438178,0.0,18.520259177452136,0.0,16.76305461424021,0.0,14.832396974191326,0.0,12.12435565298214,0.0,10.488088481701515,0.0,8.831760866327848,0.0,6.244997998398398,0.0,,,,,,,,,,,,,,,,,,,,,11.519871694172805,0.0,,,,,,,,,,,,,,,,,,,,,14.09500261995296,0.0,19.177564701668917,0.0,18.173852167684352,0.0,16.731414036313843,0.0,14.896794510346657,0.0,12.823234598988567,0.0,10.423693450084762,0.0,8.849970623312734,0.0,7.140081837997622,0.0,4.165370481346127,0.0
Wahta,436.11764705882354,0.0,19.27511737817256,0.0,417.5604827584343,0.0,469.0,0.0,413.0,0.0,361.0,0.0,293.0,0.0,228.0,0.0,154.0,0.0,111.0,0.0,76.0,0.0,39.0,0.0,14.158871456242402,0.0,21.656407827707714,0.0,20.322401432901575,0.0,19.0,0.0,17.11724276862369,0.0,15.0996688705415,0.0,12.409673645990857,0.0,10.535653752852738,0.0,8.717797887081348,0.0,6.244997998398398,0.0,,,,,,,,,,,,,,,,,,,,,9.199288747284205,0.0,,,,,,,,,,,,,,,,,,,,,14.158454525415568,0.0,19.630396592782635,0.0,18.61655522979471,0.0,17.332209602102292,0.0,15.268956945106073,0.0,13.1515554123011,0.0,10.687743485408795,0.0,8.9073640473368,0.0,7.095970982874525,0.0,4.165370481346127,0.0
Walle,391.5921568627451,0.0,18.386501910865544,0.0,433.9289482280593,0.0,418.0,0.0,374.0,0.0,326.0,0.0,264.0,0.0,221.0,0.0,170.0,0.0,129.0,0.0,89.0,0.0,46.0,0.0,14.647093480691964,0.0,20.445048300260872,0.0,19.339079605813716,0.0,18.05547008526779,0.0,16.24807680927192,0.0,14.866068747318506,0.0,13.038404810405298,0.0,11.357816691600547,0.0,9.433981132056603,0.0,6.782329983125268,0.0,,,,,,,,,,,,,,,,,,,,,11.253529107913025,0.0,,,,,,,,,,,,,,,,,,,,,14.647305602309938,0.0,18.531871851223016,0.0,17.66128618147956,0.0,16.38979463177063,0.0,14.542741293439807,0.0,13.102347769940552,0.0,11.378526535621281,0.0,9.721284329494075,0.0,8.01996252239091,0.0,4.708759359945317,0.0
Walöl,406.556862745098,0.0,18.67405768984379,0.0,451.9127841085491,0.0,438.0,0.0,397.0,0.0,347.0,0.0,282.0,0.0,230.0,0.0,191.0,0.0,147.0,0.0,102.0,0.0,53.0,0.0,15.17513236775715,0.0,20.92844953645635,0.0,19.924858845171276,0.0,18.627936010197157,0.0,16.792855623746664,0.0,15.165750888103101,0.0,13.820274961085254,0.0,12.12435565298214,0.0,10.099504938362077,0.0,7.280109889280518,0.0,,,,,,,,,,,,,,,,,,,,,10.415134720252714,0.0,,,,,,,,,,,,,,,,,,,,,15.175295059028182,0.0,18.906513660525313,0.0,18.099744921447037,0.0,16.84709312166396,0.0,15.02678542864736,0.0,13.336827607764368,0.0,12.006906812758299,0.0,10.346202071042672,0.0,8.559762744675016,0.0,5.152614492316091,0.0
Wanst,406.15294117647056,0.0,18.5601620556634,0.0,400.0619289819741,0.0,423.0,0.0,381.0,0.0,325.0,0.0,263.0,0.0,208.0,0.0,135.0,0.0,95.0,0.0,62.0,0.0,36.0,0.0,13.643851870073085,0.0,20.566963801203133,0.0,19.519221295943137,0.0,18.027756377319946,0.0,16.217274740226856,0.0,14.422205101855956,0.0,11.61895003862225,0.0,9.746794344808963,0.0,7.874007874011811,0.0,6.0,0.0,,,,,,,,,,,,,,,,,,,,,11.974522028740928,0.0,,,,,,,,,,,,,,,,,,,,,13.643410070297834,0.0,18.464149658846782,0.0,17.728352712217642,0.0,16.242144370157504,0.0,14.339068395355866,0.0,12.384889551318075,0.0,9.765035041598688,0.0,8.02726726704123,0.0,6.061341073282436,0.0,4.039653891595433,0.0
Waren,410.46666666666664,0.0,18.744799817137135,0.0,396.7732576880406,0.0,422.0,0.0,389.0,0.0,335.0,0.0,267.0,0.0,202.0,0.0,135.0,0.0,93.0,0.0,58.0,0.0,36.0,0.0,13.49192359157487,0.0,20.54263858417414,0.0,19.72308292331602,0.0,18.303005217723125,0.0,16.34013463836819,0.0,14.212670403551895,0.0,11.61895003862225,0.0,9.643650760992955,0.0,7.615773105863909,0.0,6.0,0.0,,,,,,,,,,,,,,,,,,,,,8.226157323286616,0.0,,,,,,,,,,,,,,,,,,,,,13.491734861367718,0.0,18.65585858659524,0.0,17.945352942385572,0.0,16.55273735380394,0.0,14.469740083807588,0.0,12.22092106737126,0.0,9.848111059631957,0.0,7.950669173953994,0.0,5.9437937229152045,0.0,4.039653891595433,0.0
Warte,385.7960784313725,0.0,18.121378106614607,0.0,403.9094046375267,0.0,405.0,0.0,365.0,0.0,312.0,0.0,249.0,0.0,197.0,0.0,139.0,0.0,103.0,0.0,60.0,0.0,36.0,0.0,13.669841671743704,0.0,20.12461179749811,0.0,19.1049731745428,0.0,17.663521732655695,0.0,15.7797338380595,0.0,14.035668847618199,0.0,11.789826122551595,0.0,10.14889156509222,0.0,7.745966692414834,0.0,6.0,0.0,,,,,,,,,,,,,,,,,,,,,11.593665408418126,0.0,,,,,,,,,,,,,,,,,,,,,13.66956097002989,0.0,18.102050524084333,0.0,17.260646973991665,0.0,15.917968541496595,0.0,13.943724480213872,0.0,12.14459133789075,0.0,10.06951711375065,0.0,8.386690809678798,0.0,6.005932750626546,0.0,4.039653891595433,0.0
Wartu,396.71372549019605,0.0,18.388964144475487,0.0,414.4976609892203,0.0,424.0,0.0,391.0,0.0,331.0,0.0,264.0,0.0,208.0,0.0,146.0,0.0,104.0,0.0,60.0,0.0,36.0,0.0,13.966838090999927,0.0,20.591260281974,0.0,19.77371993328519,0.0,18.193405398660254,0.0,16.24807680927192,0.0,14.422205101855956,0.0,12.083045973594572,0.0,10.198039027185569,0.0,7.745966692414834,0.0,6.0,0.0,,,,,,,,,,,,,,,,,,,,,9.87473575181704,0.0,,,,,,,,,,,,,,,,,,,,,13.966662666843485,0.0,18.53956629416462,0.0,17.87700565956036,0.0,16.37917023409032,0.0,14.26758604819912,0.0,12.42047331272417,0.0,10.263984466910575,0.0,8.410825297614812,0.0,6.005932750626546,0.0,4.039653891595433,0.0
Warze,395.5333333333333,0.0,18.408308055316727,0.0,401.8770186251568,0.0,414.0,0.0,374.0,0.0,322.0,0.0,251.0,0.0,201.0,0.0,141.0,0.0,97.0,0.0,60.0,0.0,36.0,0.0,13.586743415964106,0.0,20.346989949375804,0.0,19.339079605813716,0.0,17.944358444926362,0.0,15.84297951775486,0.0,14.177446878757825,0.0,11.874342087037917,0.0,9.848857801796104,0.0,7.745966692414834,0.0,6.0,0.0,,,,,,,,,,,,,,,,,,,,,10.47823781791954,0.0,,,,,,,,,,,,,,,,,,,,,13.586692175485027,0.0,18.4317598018047,0.0,17.52375210392855,0.0,16.078140626012708,0.0,13.925964615038636,0.0,12.189410311362435,0.0,9.998897626475259,0.0,8.082549023652115,0.0,5.999069634309287,0.0,4.039653891595433,0.0
Watte,389.9372549019608,0.0,18.177026029544518,0.0,406.9763893275888,0.0,415.0,0.0,372.0,0.0,317.0,0.0,251.0,0.0,198.0,0.0,139.0,0.0,104.0,0.0,63.0,0.0,36.0,0.0,13.767908161680353,0.0,20.37154878746336,0.0,19.28730152198591,0.0,17.804493814764857,0.0,15.84297951775486,0.0,14.071247279470288,0.0,11.789826122551595,0.0,10.198039027185569,0.0,7.937253933193772,0.0,6.0,0.0,,,,,,,,,,,,,,,,,,,,,11.361931941748994,0.0,,,,,,,,,,,,,,,,,,,,,13.768001542098313,0.0,18.197511495310792,0.0,17.350854785797548,0.0,16.123749759235388,0.0,14.01992581858203,0.0,12.20759309049468,0.0,10.133352732069849,0.0,8.427659323908706,0.0,6.091765071528919,0.0,4.039653891595433,0.0
Wcllz,375.2235294117647,0.0,18.04139032075639,0.0,463.41553644175616,0.0,407.0,0.0,371.0,0.0,334.0,0.0,280.0,0.0,241.0,0.0,195.0,0.0,143.0,0.0,96.0,0.0,47.0,0.0,15.422969194296762,0.0,20.174241001832016,0.0,19.261360284258224,0.0,18.275666882497067,0.0,16.73320053068151,0.0,15.524174696260024,0.0,13.96424004376894,0.0,11.958260743101398,0.0,9.797958971132712,0.0,6.855654600401044,0.0,,,,,,,,,,,,,,,,,,,,,10.953511945935537,0.0,,,,,,,,,,,,,,,,,,,,,15.423242029450703,0.0,18.18450048267886,0.0,17.474904865623138,0.0,16.516020171661705,0.0,14.917888973814268,0.0,13.663546426376637,0.0,12.029454859478747,0.0,10.062514973229387,0.0,8.17613422613901,0.0,4.734756230755381,0.0
Wcrzq,409.6078431372549,0.0,18.739691565888197,0.0,444.2312950679385,0.0,439.0,0.0,403.0,0.0,357.0,0.0,298.0,0.0,237.0,0.0,176.0,0.0,126.0,0.0,79.0,0.0,47.0,0.0,14.80139637485443,0.0,20.952326839756964,0.0,20.074859899884732,0.0,18.894443627691185,0.0,17.26267650163207,0.0,15.394804318340652,0.0,13.2664991614216,0.0,11.224972160321824,0.0,8.888194417315589,0.0,6.855654600401044,0.0,,,,,,,,,,,,,,,,,,,,,7.748390949944633,0.0,,,,,,,,,,,,,,,,,,,,,14.801411953017046,0.0,18.980436267620796,0.0,18.223240954612127,0.0,17.043774610651898,0.0,15.30394704813074,0.0,13.390740141065555,0.0,11.14580300849897,0.0,9.205613087819662,0.0,6.9695856537834,0.0,4.780030624687793,0.0
Wctfn,398.10980392156864,0.0,18.420106694643785,0.0,440.4375821043006,0.0,419.0,0.0,384.0,0.0,348.0,0.0,288.0,0.0,237.0,0.0,173.0,0.0,128.0,0.0,78.0,0.0,43.0,0.0,14.828570672390487,0.0,20.46948949045872,0.0,19.595917942265423,0.0,18.65475810617763,0.0,16.97056274847714,0.0,15.394804318340652,0.0,13.152946437965905,0.0,11.313708498984761,0.0,8.831760866327848,0.0,6.557438524302,0.0,,,,,,,,,,,,,,,,,,,,,8.108169178742292,0.0,,,,,,,,,,,,,,,,,,,,,14.828708823632985,0.0,18.4525054579775,0.0,17.779080171980876,0.0,17.023145934654128,0.0,15.120207759428977,0.0,13.418219373335933,0.0,11.243508858700602,0.0,9.346705888296007,0.0,6.939109117028918,0.0,4.50651637704908,0.0
Wdspr,448.1137254901961,0.0,19.604651897170406,0.0,440.3045630147974,0.0,477.0,0.0,428.0,0.0,379.0,0.0,313.0,0.0,237.0,0.0,177.0,0.0,132.0,0.0,94.0,0.0,62.0,0.0,14.792172002098821,0.0,21.840329667841555,0.0,20.688160865577203,0.0,19.467922333931785,0.0,17.69180601295413,0.0,15.394804318340652,0.0,13.30413469565007,0.0,11.489125293076057,0.0,9.695359714832659,0.0,7.874007874011811,0.0,,,,,,,,,,,,,,,,,,,,,10.225335698967005,0.0,,,,,,,,,,,,,,,,,,,,,14.792004932148865,0.0,19.781842670522217,0.0,18.798053649226475,0.0,17.67634302824194,0.0,15.82283059543482,0.0,13.498254073648662,0.0,11.50549138697063,0.0,9.757390300859305,0.0,7.975109726853149,0.0,5.920411020692652,0.0
Webeh,467.4392156862745,0.0,20.013077231762882,0.0,425.6975265446956,0.0,511.0,0.0,462.0,0.0,404.0,0.0,316.0,0.0,232.0,0.0,160.0,0.0,108.0,0.0,84.0,0.0,43.0,0.0,14.267648881833884,0.0,22.60530911091463,0.0,21.494185260204677,0.0,20.09975124224178,0.0,17.776388834631177,0.0,15.231546211727817,0.0,12.649110640673518,0.0,10.392304845413264,0.0,9.16515138991168,0.0,6.557438524302,0.0,,,,,,,,,,,,,,,,,,,,,5.187852113511876,0.0,,,,,,,,,,,,,,,,,,,,,14.267913089697274,0.0,20.635032886775313,0.0,19.70693932572664,0.0,18.27847029804962,0.0,15.767005920754531,0.0,13.301801573000441,0.0,11.027055200137928,0.0,8.836292493012673,0.0,7.4256661011591225,0.0,4.34882389694613,0.0
Wechs,417.78823529411767,0.0,18.882625372171905,0.0,410.1264310377883,0.0,447.0,0.0,391.0,0.0,341.0,0.0,275.0,0.0,204.0,0.0,146.0,0.0,102.0,0.0,74.0,0.0,38.0,0.0,13.847532826860187,0.0,21.142374511865974,0.0,19.77371993328519,0.0,18.466185312619388,0.0,16.583123951777,0.0,14.2828568570857,0.0,12.083045973594572,0.0,10.099504938362077,0.0,8.602325267042627,0.0,6.164414002968976,0.0,,,,,,,,,,,,,,,,,,,,,8.351337400804002,0.0,,,,,,,,,,,,,,,,,,,,,13.84729131112951,0.0,19.013006764459575,0.0,17.89148556106026,0.0,16.58509081250312,0.0,14.577200781201386,0.0,12.397097942636886,0.0,10.32249880077734,0.0,8.56104091385893,0.0,7.039970468867497,0.0,4.093912988865403,0.0
Wefle,395.68627450980387,0.0,18.45970121675642,0.0,434.92684517012196,0.0,422.0,0.0,373.0,0.0,331.0,0.0,271.0,0.0,224.0,0.0,171.0,0.0,131.0,0.0,88.0,0.0,48.0,0.0,14.672347602651625,0.0,20.54263858417414,0.0,19.313207915827967,0.0,18.193405398660254,0.0,16.46207763315433,0.0,14.966629547095765,0.0,13.076696830622021,0.0,11.445523142259598,0.0,9.38083151964686,0.0,6.928203230275509,0.0,,,,,,,,,,,,,,,,,,,,,10.712494017563678,0.0,,,,,,,,,,,,,,,,,,,,,14.672797770179471,0.0,18.56590586396773,0.0,17.516498127366877,0.0,16.496687599854322,0.0,14.671836743716764,0.0,13.169033315165654,0.0,11.35868552776791,0.0,9.75652509881452,0.0,7.797882581098789,0.0,4.812650172707052,0.0
Wehen,451.41568627450977,0.0,19.739166116369432,0.0,410.5401989131059,0.0,482.0,0.0,428.0,0.0,378.0,0.0,309.0,0.0,226.0,0.0,139.0,0.0,99.0,0.0,75.0,0.0,39.0,0.0,13.902316465981977,0.0,21.95449840010015,0.0,20.688160865577203,0.0,19.44222209522358,0.0,17.578395831246947,0.0,15.033296378372908,0.0,11.789826122551595,0.0,9.9498743710662,0.0,8.660254037844387,0.0,6.244997998398398,0.0,,,,,,,,,,,,,,,,,,,,,6.701672799995638,0.0,,,,,,,,,,,,,,,,,,,,,13.902688129219449,0.0,20.00446388779187,0.0,18.94868736921406,0.0,17.74574772911165,0.0,15.629714882126482,0.0,12.99692313639124,0.0,10.175718724516335,0.0,8.459179254522226,0.0,7.057720369378654,0.0,4.165370481346127,0.0
Weher,422.6039215686274,0.0,19.095328551039024,0.0,415.03095436715296,0.0,452.0,0.0,400.0,0.0,353.0,0.0,293.0,0.0,213.0,0.0,141.0,0.0,103.0,0.0,75.0,0.0,39.0,0.0,13.979212647611797,0.0,21.2602916254693,0.0,20.0,0.0,18.788294228055936,0.0,17.11724276862369,0.0,14.594519519326424,0.0,11.874342087037917,0.0,10.14889156509222,0.0,8.660254037844387,0.0,6.244997998398398,0.0,,,,,,,,,,,,,,,,,,,,,11.438847297901358,0.0,,,,,,,,,,,,,,,,,,,,,13.979278617605157,0.0,19.205805333218688,0.0,18.176875778871565,0.0,16.990599685327073,0.0,15.135960932915093,0.0,12.64022131882628,0.0,10.247499802915682,0.0,8.60341108266711,0.0,7.057720369378654,0.0,4.165370481346127,0.0
Wehre,422.6039215686274,0.0,19.095328551039024,0.0,416.18362557469715,0.0,454.0,0.0,397.0,0.0,353.0,0.0,290.0,0.0,221.0,0.0,143.0,0.0,107.0,0.0,74.0,0.0,39.0,0.0,14.02002994130494,0.0,21.307275752662516,0.0,19.924858845171276,0.0,18.788294228055936,0.0,17.029386365926403,0.0,14.866068747318506,0.0,11.958260743101398,0.0,10.344080432788601,0.0,8.602325267042627,0.0,6.244997998398398,0.0,,,,,,,,,,,,,,,,,,,,,10.418142890726072,0.0,,,,,,,,,,,,,,,,,,,,,14.02045497650366,0.0,19.348900116158656,0.0,18.12744107645068,0.0,17.022799274680803,0.0,15.134116421990438,0.0,12.882281737765151,0.0,10.337021679704105,0.0,8.783838920765795,0.0,7.037817677914668,0.0,4.165370481346127,0.0
Weide,419.1725490196079,0.0,18.963348773188226,0.0,424.2344137489785,0.0,451.0,0.0,400.0,0.0,350.0,0.0,289.0,0.0,215.0,0.0,162.0,0.0,115.0,0.0,78.0,0.0,45.0,0.0,14.257912403200972,0.0,21.236760581595302,0.0,20.0,0.0,18.708286933869708,0.0,17.0,0.0,14.66287829861518,0.0,12.727922061357855,0.0,10.723805294763608,0.0,8.831760866327848,0.0,6.708203932499369,0.0,,,,,,,,,,,,,,,,,,,,,7.204374103427402,0.0,,,,,,,,,,,,,,,,,,,,,14.257777244293255,0.0,19.188603355452248,0.0,18.096269532102834,0.0,16.923326157800986,0.0,15.123511884629313,0.0,12.773396117417935,0.0,10.901066518114964,0.0,9.01722651584265,0.0,7.188100897588687,0.0,4.739237825114279,0.0
Weine,400.7529411764706,0.0,18.551384005507515,0.0,404.6828855898698,0.0,418.0,0.0,376.0,0.0,332.0,0.0,268.0,0.0,200.0,0.0,141.0,0.0,95.0,0.0,62.0,0.0,36.0,0.0,13.733632710255888,0.0,20.445048300260872,0.0,19.390719429665317,0.0,18.2208671582886,0.0,16.3707055437449,0.0,14.142135623730951,0.0,11.874342087037917,0.0,9.746794344808963,0.0,7.874007874011811,0.0,6.0,0.0,,,,,,,,,,,,,,,,,,,,,8.828868800580398,0.0,,,,,,,,,,,,,,,,,,,,,13.733293947243169,0.0,18.48179557875515,0.0,17.581628809293186,0.0,16.453729772881243,0.0,14.435207788682959,0.0,12.218229723122386,0.0,10.046738119733318,0.0,8.002154135613699,0.0,6.204331989209567,0.0,4.039653891595433,0.0
Welle,386.90588235294115,0.0,18.320047193746095,0.0,437.7292927084103,0.0,415.0,0.0,368.0,0.0,325.0,0.0,268.0,0.0,222.0,0.0,171.0,0.0,130.0,0.0,90.0,0.0,46.0,0.0,14.725426340979276,0.0,20.37154878746336,0.0,19.183326093250876,0.0,18.027756377319946,0.0,16.3707055437449,0.0,14.89966442575134,0.0,13.076696830622021,0.0,11.40175425099138,0.0,9.486832980505138,0.0,6.782329983125268,0.0,,,,,,,,,,,,,,,,,,,,,11.218750208695804,0.0,,,,,,,,,,,,,,,,,,,,,14.725881090036934,0.0,18.422054492980696,0.0,17.40307877579957,0.0,16.330488971570094,0.0,14.621190955823128,0.0,13.132140298187478,0.0,11.405164867848706,0.0,9.73817855651497,0.0,8.033474902431362,0.0,4.708759359945317,0.0
Welpe,428.90588235294115,0.0,19.24509434339161,0.0,432.4156951834856,0.0,455.0,0.0,405.0,0.0,359.0,0.0,290.0,0.0,227.0,0.0,168.0,0.0,128.0,0.0,93.0,0.0,57.0,0.0,14.588631796070956,0.0,21.330729007701542,0.0,20.12461179749811,0.0,18.947295321496416,0.0,17.029386365926403,0.0,15.066519173319364,0.0,12.96148139681572,0.0,11.313708498984761,0.0,9.643650760992955,0.0,7.54983443527075,0.0,,,,,,,,,,,,,,,,,,,,,7.115597148770897,0.0,,,,,,,,,,,,,,,,,,,,,14.58838120468621,0.0,19.356605511445128,0.0,18.306439530091925,0.0,17.197843154705286,0.0,15.213194646713038,0.0,13.271009257577541,0.0,11.331684999846065,0.0,9.712848472673304,0.0,8.044184250694315,0.0,5.579680901612185,0.0
Werft,380.25882352941176,0.0,18.033280353490156,0.0,432.248860866115,0.0,399.0,0.0,361.0,0.0,319.0,0.0,264.0,0.0,221.0,0.0,170.0,0.0,129.0,0.0,76.0,0.0,43.0,0.0,14.572105652022172,0.0,19.974984355438178,0.0,19.0,0.0,17.86057109949175,0.0,16.24807680927192,0.0,14.866068747318506,0.0,13.038404810405298,0.0,11.357816691600547,0.0,8.717797887081348,0.0,6.557438524302,0.0,,,,,,,,,,,,,,,,,,,,,12.354468040310199,0.0,,,,,,,,,,,,,,,,,,,,,14.57229725133421,0.0,17.886498806382182,0.0,17.119056315750694,0.0,16.041375738459003,0.0,14.40294431754793,0.0,12.976854776431566,0.0,11.16414969471465,0.0,9.43512486653771,0.0,6.9046368745386175,0.0,4.50651637704908,0.0
Werke,421.94509803921574,0.0,19.080867587234703,0.0,422.46601469171,0.0,452.0,0.0,401.0,0.0,357.0,0.0,291.0,0.0,224.0,0.0,160.0,0.0,114.0,0.0,77.0,0.0,38.0,0.0,14.216101731092083,0.0,21.2602916254693,0.0,20.024984394500787,0.0,18.894443627691185,0.0,17.05872210923198,0.0,14.966629547095765,0.0,12.649110640673518,0.0,10.677078252031311,0.0,8.774964387392123,0.0,6.164414002968976,0.0,,,,,,,,,,,,,,,,,,,,,7.36709461793085,0.0,,,,,,,,,,,,,,,,,,,,,14.215523966080912,0.0,19.283690898288512,0.0,18.20178501104398,0.0,17.023404163295716,0.0,15.139051804451801,0.0,13.042792260319123,0.0,10.88979484661363,0.0,8.927880501686973,0.0,7.113527574238732,0.0,4.093912988865403,0.0
Wernt,395.321568627451,0.0,18.417826895663648,0.0,412.8753664153263,0.0,410.0,0.0,377.0,0.0,332.0,0.0,271.0,0.0,208.0,0.0,151.0,0.0,105.0,0.0,61.0,0.0,36.0,0.0,13.98055075311519,0.0,20.248456731316587,0.0,19.4164878389476,0.0,18.2208671582886,0.0,16.46207763315433,0.0,14.422205101855956,0.0,12.288205727444508,0.0,10.246950765959598,0.0,7.810249675906654,0.0,6.0,0.0,,,,,,,,,,,,,,,,,,,,,10.61091596769629,0.0,,,,,,,,,,,,,,,,,,,,,13.980250976658516,0.0,18.171079080754797,0.0,17.5531917758184,0.0,16.354497491284885,0.0,14.540315519927763,0.0,12.475131789118565,0.0,10.368269276435989,0.0,8.354470882621087,0.0,6.037734413855091,0.0,4.039653891595433,0.0
Werte,381.10980392156864,0.0,18.053947522514658,0.0,407.7097491178776,0.0,402.0,0.0,359.0,0.0,311.0,0.0,253.0,0.0,198.0,0.0,140.0,0.0,104.0,0.0,61.0,0.0,36.0,0.0,13.753741484484067,0.0,20.049937655763422,0.0,18.947295321496416,0.0,17.635192088548397,0.0,15.905973720586866,0.0,14.071247279470288,0.0,11.832159566199232,0.0,10.198039027185569,0.0,7.810249675906654,0.0,6.0,0.0,,,,,,,,,,,,,,,,,,,,,11.55497716811008,0.0,,,,,,,,,,,,,,,,,,,,,13.753854889545488,0.0,17.992171047657084,0.0,17.008433662027418,0.0,15.852258354215403,0.0,14.020057772087474,0.0,12.177654045064978,0.0,10.10477620625913,0.0,8.405059468548028,0.0,6.02425713321715,0.0,4.039653891595433,0.0
Wespe,430.0823529411765,0.0,19.166326760939683,0.0,408.4331351761424,0.0,455.0,0.0,398.0,0.0,344.0,0.0,278.0,0.0,208.0,0.0,144.0,0.0,108.0,0.0,79.0,0.0,52.0,0.0,13.842170744092805,0.0,21.330729007701542,0.0,19.949937343260004,0.0,18.547236990991408,0.0,16.673332000533065,0.0,14.422205101855956,0.0,12.0,0.0,10.392304845413264,0.0,8.888194417315589,0.0,7.211102550927978,0.0,,,,,,,,,,,,,,,,,,,,,6.938005298472706,0.0,,,,,,,,,,,,,,,,,,,,,13.841921764605933,0.0,19.250201919736302,0.0,18.06651369366953,0.0,16.765830354698632,0.0,14.788307140852744,0.0,12.51420294093624,0.0,10.348928895429648,0.0,8.796958632615743,0.0,7.117190539385651,0.0,5.308465288055092,0.0
Weste,387.2549019607843,0.0,18.1319873643898,0.0,399.92313093763005,0.0,413.0,0.0,360.0,0.0,305.0,0.0,249.0,0.0,192.0,0.0,132.0,0.0,97.0,0.0,63.0,0.0,36.0,0.0,13.524866824544413,0.0,20.322401432901575,0.0,18.973665961010276,0.0,17.46424919657298,0.0,15.7797338380595,0.0,13.856406460551018,0.0,11.489125293076057,0.0,9.848857801796104,0.0,7.937253933193772,0.0,6.0,0.0,,,,,,,,,,,,,,,,,,,,,11.15006651797316,0.0,,,,,,,,,,,,,,,,,,,,,13.525120914846275,0.0,18.13794419050324,0.0,17.011150384346777,0.0,15.759289752833013,0.0,13.910683484278756,0.0,11.921103988618562,0.0,9.77487068668772,0.0,8.137568186806957,0.0,6.074970691064929,0.0,4.039653891595433,0.0
Wette,385.25098039215686,0.0,18.10980264778059,0.0,410.77673380793965,0.0,412.0,0.0,366.0,0.0,316.0,0.0,255.0,0.0,199.0,0.0,140.0,0.0,105.0,0.0,64.0,0.0,36.0,0.0,13.85121397711918,0.0,20.29778313018444,0.0,19.131126469708992,0.0,17.776388834631177,0.0,15.968719422671311,0.0,14.106735979665885,0.0,11.832159566199232,0.0,10.246950765959598,0.0,8.0,0.0,6.0,0.0,,,,,,,,,,,,,,,,,,,,,11.319977846729774,0.0,,,,,,,,,,,,,,,,,,,,,13.851607707277989,0.0,18.091717378566095,0.0,17.105897876803,0.0,16.067379529866873,0.0,14.098164178466389,0.0,12.242486515797374,0.0,10.167684911521727,0.0,8.445382844832917,0.0,6.1100415505301395,0.0,4.039653891595433,0.0
Weuns,422.843137254902,0.0,19.013726602324923,0.0,396.08573862148523,0.0,449.0,0.0,409.0,0.0,348.0,0.0,279.0,0.0,194.0,0.0,126.0,0.0,84.0,0.0,58.0,0.0,36.0,0.0,13.420074037517637,0.0,21.18962010041709,0.0,20.223748416156685,0.0,18.65475810617763,0.0,16.703293088490067,0.0,13.92838827718412,0.0,11.224972160321824,0.0,9.16515138991168,0.0,7.615773105863909,0.0,6.0,0.0,,,,,,,,,,,,,,,,,,,,,9.172557659376992,0.0,,,,,,,,,,,,,,,,,,,,,13.420098476295363,0.0,19.117095870826017,0.0,18.316248618160785,0.0,16.797637051801104,0.0,14.579274494452655,0.0,11.84177201197432,0.0,9.469502894218486,0.0,7.5886875787304575,0.0,5.938840238176647,0.0,4.039653891595433,0.0
Whhgp,542.0627450980392,0.0,21.671220531108958,0.0,480.60841844103805,0.0,608.0,0.0,537.0,0.0,477.0,0.0,392.0,0.0,303.0,0.0,211.0,0.0,165.0,0.0,131.0,0.0,83.0,0.0,15.924439714322144,0.0,24.657656011875904,0.0,23.173260452512935,0.0,21.840329667841555,0.0,19.79898987322333,0.0,17.406895185529212,0.0,14.52583904633395,0.0,12.84523257866513,0.0,11.445523142259598,0.0,9.1104335791443,0.0,,,,,,,,,,,,,,,,,,,,,3.555662725852485,0.0,,,,,,,,,,,,,,,,,,,,,15.924529408531418,0.0,22.61950299403818,0.0,21.497284579427387,0.0,20.08014660045681,0.0,17.88229121726034,0.0,15.443841876716021,0.0,12.848774151293558,0.0,11.112488455671665,0.0,9.515648650947176,0.0,6.710257366708152,0.0
Whlzz,426.1294117647059,0.0,19.28782816346517,0.0,455.8809828488746,0.0,463.0,0.0,424.0,0.0,378.0,0.0,302.0,0.0,252.0,0.0,194.0,0.0,135.0,0.0,97.0,0.0,54.0,0.0,15.219274704641146,0.0,21.517434791350013,0.0,20.591260281974,0.0,19.44222209522358,0.0,17.378147196982766,0.0,15.874507866387544,0.0,13.92838827718412,0.0,11.61895003862225,0.0,9.848857801796104,0.0,7.3484692283495345,0.0,,,,,,,,,,,,,,,,,,,,,11.570554709785059,0.0,,,,,,,,,,,,,,,,,,,,,15.21967685132107,0.0,19.619829882961998,0.0,18.812385308796358,0.0,17.583922430472366,0.0,15.449366595170302,0.0,13.939247426296385,0.0,11.969542827883501,0.0,9.840012698732284,0.0,8.166758626764437,0.0,5.342447605389631,0.0
Wichs,398.16078431372546,0.0,18.4403745225969,0.0,431.19914392853434,0.0,432.0,0.0,375.0,0.0,332.0,0.0,277.0,0.0,216.0,0.0,164.0,0.0,118.0,0.0,80.0,0.0,38.0,0.0,14.527890703751126,0.0,20.784609690826528,0.0,19.364916731037084,0.0,18.2208671582886,0.0,16.64331697709324,0.0,14.696938456699069,0.0,12.806248474865697,0.0,10.862780491200215,0.0,8.94427190999916,0.0,6.164414002968976,0.0,,,,,,,,,,,,,,,,,,,,,7.555312282433305,0.0,,,,,,,,,,,,,,,,,,,,,14.528140284864254,0.0,18.621332833416528,0.0,17.472714861312223,0.0,16.32963074504721,0.0,14.668994329238448,0.0,12.776025939724763,0.0,10.947994415593154,0.0,9.110214317662836,0.0,7.307252896923605,0.0,4.093912988865403,0.0
Wicht,396.156862745098,0.0,18.418561254691163,0.0,444.54613984930387,0.0,431.0,0.0,378.0,0.0,341.0,0.0,286.0,0.0,230.0,0.0,175.0,0.0,128.0,0.0,83.0,0.0,38.0,0.0,14.91359740453441,0.0,20.760539492026695,0.0,19.44222209522358,0.0,18.466185312619388,0.0,16.911534525287763,0.0,15.165750888103101,0.0,13.228756555322953,0.0,11.313708498984761,0.0,9.1104335791443,0.0,6.164414002968976,0.0,,,,,,,,,,,,,,,,,,,,,7.967263048651714,0.0,,,,,,,,,,,,,,,,,,,,,14.913771690575944,0.0,18.522773569494632,0.0,17.514588423844057,0.0,16.55959950194468,0.0,14.964707909092548,0.0,13.218073538847973,0.0,11.311709876619977,0.0,9.432131485159005,0.0,7.385929372720524,0.0,4.093912988865403,0.0
Wiese,378.08627450980396,0.0,17.94365310239187,0.0,408.95905246306245,0.0,403.0,0.0,351.0,0.0,298.0,0.0,250.0,0.0,199.0,0.0,137.0,0.0,100.0,0.0,67.0,0.0,36.0,0.0,13.850007815119017,0.0,20.074859899884732,0.0,18.734993995195193,0.0,17.26267650163207,0.0,15.811388300841896,0.0,14.106735979665885,0.0,11.704699910719626,0.0,10.0,0.0,8.18535277187245,0.0,6.0,0.0,,,,,,,,,,,,,,,,,,,,,9.814083660586748,0.0,,,,,,,,,,,,,,,,,,,,,13.85006682059118,0.0,17.897813833615484,0.0,16.828289276019817,0.0,15.466692313139228,0.0,13.929800338180437,0.0,12.106604036538904,0.0,9.98199119046242,0.0,8.24125865094285,0.0,6.321329611120362,0.0,4.039653891595433,0.0
Wilfi,356.43137254901956,0.0,17.542756687237617,0.0,476.3595540653277,0.0,384.0,0.0,346.0,0.0,314.0,0.0,272.0,0.0,246.0,0.0,209.0,0.0,163.0,0.0,104.0,0.0,50.0,0.0,15.912359053718719,0.0,19.595917942265423,0.0,18.601075237738275,0.0,17.72004514666935,0.0,16.492422502470642,0.0,15.684387141358123,0.0,14.45683229480096,0.0,12.767145334803704,0.0,10.198039027185569,0.0,7.0710678118654755,0.0,,,,,,,,,,,,,,,,,,,,,13.191185074663904,0.0,,,,,,,,,,,,,,,,,,,,,15.91249210279597,0.0,17.551325713578585,0.0,16.81373951739488,0.0,16.027130576037692,0.0,14.787199476043384,0.0,13.857947064453027,0.0,12.541440756960391,0.0,10.724184484831097,0.0,8.374678579310755,0.0,4.916355171822162,0.0
Wille,367.278431372549,0.0,17.863874181401272,0.0,458.80200559915636,0.0,400.0,0.0,352.0,0.0,316.0,0.0,270.0,0.0,234.0,0.0,189.0,0.0,146.0,0.0,96.0,0.0,46.0,0.0,15.366965342343105,0.0,20.0,0.0,18.76166303929372,0.0,17.776388834631177,0.0,16.431676725154983,0.0,15.297058540778355,0.0,13.74772708486752,0.0,12.083045973594572,0.0,9.797958971132712,0.0,6.782329983125268,0.0,,,,,,,,,,,,,,,,,,,,,10.533934001890277,0.0,,,,,,,,,,,,,,,,,,,,,15.36727106099884,0.0,18.009106120191223,0.0,17.020065109578134,0.0,16.135928171565048,0.0,14.770419318110221,0.0,13.532178075194642,0.0,12.004430184458537,0.0,10.247829378675263,0.0,8.275190136665149,0.0,4.708759359945317,0.0
Winde,433.3843137254902,0.0,19.310098992664372,0.0,433.078261022157,0.0,467.0,0.0,416.0,0.0,370.0,0.0,312.0,0.0,236.0,0.0,167.0,0.0,120.0,0.0,80.0,0.0,45.0,0.0,14.608832118076737,0.0,21.61018278497431,0.0,20.396078054371138,0.0,19.235384061671343,0.0,17.663521732655695,0.0,15.362291495737216,0.0,12.922847983320086,0.0,10.954451150103322,0.0,8.94427190999916,0.0,6.708203932499369,0.0,,,,,,,,,,,,,,,,,,,,,5.244708346314745,0.0,,,,,,,,,,,,,,,,,,,,,14.609509793969695,0.0,19.614847100036318,0.0,18.58040099167232,0.0,17.482752802985857,0.0,15.814806459173331,0.0,13.356813203009644,0.0,11.034462380532974,0.0,9.193460058238603,0.0,7.234289576598195,0.0,4.739237825114279,0.0
Wirin,366.52549019607847,0.0,17.774024305797155,0.0,439.8253022977065,0.0,384.0,0.0,352.0,0.0,317.0,0.0,272.0,0.0,230.0,0.0,172.0,0.0,124.0,0.0,69.0,0.0,36.0,0.0,14.834892606963663,0.0,19.595917942265423,0.0,18.76166303929372,0.0,17.804493814764857,0.0,16.492422502470642,0.0,15.165750888103101,0.0,13.114877048604,0.0,11.135528725660043,0.0,8.306623862918075,0.0,6.0,0.0,,,,,,,,,,,,,,,,,,,,,10.460412338842968,0.0,,,,,,,,,,,,,,,,,,,,,14.83536067361645,0.0,17.729921200324885,0.0,17.03390315295361,0.0,16.107267028856562,0.0,14.69710957653646,0.0,13.18409686680024,0.0,11.12872419472454,0.0,9.029400574223196,0.0,6.533354929738207,0.0,4.039653891595433,0.0
Wisch,398.16078431372546,0.0,18.4403745225969,0.0,436.4446272134086,0.0,435.0,0.0,378.0,0.0,333.0,0.0,283.0,0.0,227.0,0.0,169.0,0.0,120.0,0.0,82.0,0.0,41.0,0.0,14.684112004366762,0.0,20.85665361461421,0.0,19.44222209522358,0.0,18.24828759089466,0.0,16.822603841260722,0.0,15.066519173319364,0.0,13.0,0.0,10.954451150103322,0.0,9.055385138137417,0.0,6.4031242374328485,0.0,,,,,,,,,,,,,,,,,,,,,7.651972566023163,0.0,,,,,,,,,,,,,,,,,,,,,14.684293858913401,0.0,18.71046098291815,0.0,17.630708477260864,0.0,16.47672774510352,0.0,14.970167871077228,0.0,13.02058019346829,0.0,11.118898858507858,0.0,9.179620049557943,0.0,7.3457452368991705,0.0,4.297358018492208,0.0
Witin,370.6666666666667,0.0,17.830756316514332,0.0,442.89228698776856,0.0,394.0,0.0,359.0,0.0,322.0,0.0,274.0,0.0,231.0,0.0,172.0,0.0,125.0,0.0,72.0,0.0,36.0,0.0,14.925306110028997,0.0,19.849433241279208,0.0,18.947295321496416,0.0,17.944358444926362,0.0,16.55294535724685,0.0,15.198684153570664,0.0,13.114877048604,0.0,11.180339887498949,0.0,8.48528137423857,0.0,6.0,0.0,,,,,,,,,,,,,,,,,,,,,10.119277570472455,0.0,,,,,,,,,,,,,,,,,,,,,14.925905428861311,0.0,17.828045193991166,0.0,17.12775447087641,0.0,16.31570308119912,0.0,14.767908624140178,0.0,13.245273706073995,0.0,11.187117309363215,0.0,9.073735452712501,0.0,6.611396345588211,0.0,4.039653891595433,0.0
Witwe,411.321568627451,0.0,18.706852854340735,0.0,473.7530278364971,0.0,451.0,0.0,406.0,0.0,368.0,0.0,311.0,0.0,258.0,0.0,202.0,0.0,156.0,0.0,101.0,0.0,60.0,0.0,15.764035478495035,0.0,21.236760581595302,0.0,20.149441679609886,0.0,19.183326093250876,0.0,17.635192088548397,0.0,16.06237840420901,0.0,14.212670403551895,0.0,12.489995996796797,0.0,10.04987562112089,0.0,7.745966692414834,0.0,,,,,,,,,,,,,,,,,,,,,6.464166298037641,0.0,,,,,,,,,,,,,,,,,,,,,15.764710562373757,0.0,19.067137813076304,0.0,18.188578409921003,0.0,17.472006231043785,0.0,15.886495527891924,0.0,14.164732431162577,0.0,12.336534384816755,0.0,10.358985146548248,0.0,7.903579181186154,0.0,5.347788914841728,0.0
Witze,375.3607843137255,0.0,17.942694460586438,0.0,429.8170606863159,0.0,406.0,0.0,359.0,0.0,317.0,0.0,259.0,0.0,215.0,0.0,160.0,0.0,115.0,0.0,70.0,0.0,36.0,0.0,14.453255580311755,0.0,20.149441679609886,0.0,18.947295321496416,0.0,17.804493814764857,0.0,16.09347693943108,0.0,14.66287829861518,0.0,12.649110640673518,0.0,10.723805294763608,0.0,8.366600265340756,0.0,6.0,0.0,,,,,,,,,,,,,,,,,,,,,9.416787922405073,0.0,,,,,,,,,,,,,,,,,,,,,14.45382049359948,0.0,18.025903862261362,0.0,16.991042014640726,0.0,16.02694455772298,0.0,14.228477090184368,0.0,12.715500578076046,0.0,10.762309176864525,0.0,8.740918415814946,0.0,6.415986554012239,0.0,4.039653891595433,0.0
Witzi,355.73333333333335,0.0,17.47667462916816,0.0,450.72755464846057,0.0,385.0,0.0,348.0,0.0,309.0,0.0,259.0,0.0,225.0,0.0,179.0,0.0,131.0,0.0,79.0,0.0,38.0,0.0,15.096428231733748,0.0,19.621416870348583,0.0,18.65475810617763,0.0,17.578395831246947,0.0,16.09347693943108,0.0,15.0,0.0,13.379088160259652,0.0,11.445523142259598,0.0,8.888194417315589,0.0,6.164414002968976,0.0,,,,,,,,,,,,,,,,,,,,,13.33907675852893,0.0,,,,,,,,,,,,,,,,,,,,,15.096685924881982,0.0,17.460078599837043,0.0,16.663358768366482,0.0,15.744892805131565,0.0,14.226532425783814,0.0,13.04794069419812,0.0,11.34784075564251,0.0,9.27128324025244,0.0,6.797370223137821,0.0,4.151588314887271,0.0
Wkrfc,410.1333333333333,0.0,18.77316464745437,0.0,456.5618191046219,0.0,436.0,0.0,399.0,0.0,358.0,0.0,300.0,0.0,252.0,0.0,195.0,0.0,146.0,0.0,93.0,0.0,57.0,0.0,15.282224748545987,0.0,20.8806130178211,0.0,19.974984355438178,0.0,18.920887928424502,0.0,17.320508075688775,0.0,15.874507866387544,0.0,13.96424004376894,0.0,12.083045973594572,0.0,9.643650760992955,0.0,7.54983443527075,0.0,,,,,,,,,,,,,,,,,,,,,13.569225596314785,0.0,,,,,,,,,,,,,,,,,,,,,15.282112277917001,0.0,18.94361711919828,0.0,18.213063790286874,0.0,17.093547616374874,0.0,15.47522124286062,0.0,13.945159535676774,0.0,12.030663733414475,0.0,10.167931169948044,0.0,7.901340227679612,0.0,5.457183421035935,0.0
Wnbnn,479.0392156862745,0.0,20.282074289519365,0.0,420.3387081446933,0.0,504.0,0.0,478.0,0.0,433.0,0.0,332.0,0.0,244.0,0.0,160.0,0.0,100.0,0.0,68.0,0.0,38.0,0.0,14.214812528403645,0.0,22.44994432064365,0.0,21.863211109075447,0.0,20.808652046684813,0.0,18.2208671582886,0.0,15.620499351813308,0.0,12.649110640673518,0.0,10.0,0.0,8.246211251235321,0.0,6.164414002968976,0.0,,,,,,,,,,,,,,,,,,,,,5.993352071872464,0.0,,,,,,,,,,,,,,,,,,,,,14.214844928736136,0.0,20.76285452747706,0.0,20.2413983202822,0.0,19.07943147379549,0.0,16.142497155610272,0.0,13.50440192917248,0.0,10.69330875967476,0.0,8.171887536785789,0.0,6.403877787490539,0.0,4.094262961586592,0.0
Wngst,442.92156862745094,0.0,19.42876142405622,0.0,436.63562374970684,0.0,480.0,0.0,432.0,0.0,378.0,0.0,306.0,0.0,238.0,0.0,171.0,0.0,122.0,0.0,86.0,0.0,52.0,0.0,14.648487693133898,0.0,21.908902300206645,0.0,20.784609690826528,0.0,19.44222209522358,0.0,17.4928556845359,0.0,15.427248620541512,0.0,13.076696830622021,0.0,11.045361017187261,0.0,9.273618495495704,0.0,7.211102550927978,0.0,,,,,,,,,,,,,,,,,,,,,11.275255896558566,0.0,,,,,,,,,,,,,,,,,,,,,14.648355128741189,0.0,19.76927982812554,0.0,18.985496701217173,0.0,17.699890280305322,0.0,15.515681461222096,0.0,13.387902410702003,0.0,11.068979918947731,0.0,9.016522226991578,0.0,7.016914225580766,0.0,4.802844831428432,0.0
Wnstr,386.8666666666667,0.0,18.174391657239223,0.0,417.3692745664979,0.0,408.0,0.0,371.0,0.0,326.0,0.0,268.0,0.0,209.0,0.0,150.0,0.0,106.0,0.0,64.0,0.0,36.0,0.0,14.076621300191999,0.0,20.199009876724155,0.0,19.261360284258224,0.0,18.05547008526779,0.0,16.3707055437449,0.0,14.45683229480096,0.0,12.24744871391589,0.0,10.295630140987,0.0,8.0,0.0,6.0,0.0,,,,,,,,,,,,,,,,,,,,,14.477261796013659,0.0,,,,,,,,,,,,,,,,,,,,,14.076222905123002,0.0,18.146084184345202,0.0,17.43417909854557,0.0,16.357386135248344,0.0,14.385178160461978,0.0,12.420446128880627,0.0,10.254003386304017,0.0,8.410428933233364,0.0,6.099670837916564,0.0,4.039653891595433,0.0
Woche,429.7803921568627,0.0,19.15916858501163,0.0,409.1675392062381,0.0,463.0,0.0,405.0,0.0,356.0,0.0,281.0,0.0,207.0,0.0,145.0,0.0,101.0,0.0,73.0,0.0,38.0,0.0,13.784293774643901,0.0,21.517434791350013,0.0,20.12461179749811,0.0,18.867962264113206,0.0,16.76305461424021,0.0,14.38749456993816,0.0,12.041594578792296,0.0,10.04987562112089,0.0,8.54400374531753,0.0,6.164414002968976,0.0,,,,,,,,,,,,,,,,,,,,,7.193781563383249,0.0,,,,,,,,,,,,,,,,,,,,,13.783604951013658,0.0,19.410442254222005,0.0,18.193395551007093,0.0,16.990682374647857,0.0,14.81439934568118,0.0,12.47040148317276,0.0,10.288729993691852,0.0,8.531168352942863,0.0,7.023932532339133,0.0,4.093912988865403,0.0
Wogon,468.9098039215686,0.0,19.98302239802424,0.0,429.2218996093554,0.0,508.0,0.0,459.0,0.0,402.0,0.0,320.0,0.0,238.0,0.0,169.0,0.0,116.0,0.0,79.0,0.0,52.0,0.0,14.391963041760716,0.0,22.538855339169288,0.0,21.42428528562855,0.0,20.049937655763422,0.0,17.88854381999832,0.0,15.427248620541512,0.0,13.0,0.0,10.770329614269007,0.0,8.888194417315589,0.0,7.211102550927978,0.0,,,,,,,,,,,,,,,,,,,,,6.166359710346832,0.0,,,,,,,,,,,,,,,,,,,,,14.391557545453379,0.0,20.521375724341308,0.0,19.53597659662918,0.0,18.251864936231364,0.0,15.955508639668192,0.0,13.357115375754978,0.0,10.96063464861663,0.0,8.756677420087364,0.0,6.85563799570203,0.0,4.802844831428432,0.0
Wohbo,474.51372549019607,0.0,20.093481262213118,0.0,429.9798487094137,0.0,527.0,0.0,469.0,0.0,413.0,0.0,322.0,0.0,241.0,0.0,161.0,0.0,117.0,0.0,83.0,0.0,41.0,0.0,14.357383127860704,0.0,22.956480566497994,0.0,21.656407827707714,0.0,20.322401432901575,0.0,17.944358444926362,0.0,15.524174696260024,0.0,12.68857754044952,0.0,10.816653826391969,0.0,9.1104335791443,0.0,6.4031242374328485,0.0,,,,,,,,,,,,,,,,,,,,,5.9407158304546686,0.0,,,,,,,,,,,,,,,,,,,,,14.357035440460605,0.0,20.898131901410874,0.0,19.7631835459784,0.0,18.44025418376733,0.0,16.008778001086373,0.0,13.609197323526546,0.0,10.966134612682918,0.0,9.041424956766988,0.0,7.394170655019995,0.0,4.217931542929154,0.0
Wohrt,415.6823529411764,0.0,18.8820572941243,0.0,430.01464878392494,0.0,451.0,0.0,400.0,0.0,353.0,0.0,291.0,0.0,230.0,0.0,159.0,0.0,118.0,0.0,76.0,0.0,39.0,0.0,14.433448190888832,0.0,21.236760581595302,0.0,20.0,0.0,18.788294228055936,0.0,17.05872210923198,0.0,15.165750888103101,0.0,12.609520212918492,0.0,10.862780491200215,0.0,8.717797887081348,0.0,6.244997998398398,0.0,,,,,,,,,,,,,,,,,,,,,12.402118224565404,0.0,,,,,,,,,,,,,,,,,,,,,14.43288694648506,0.0,19.100605447517847,0.0,18.123169173080576,0.0,16.976756602664164,0.0,15.21178978761627,0.0,13.202575056986989,0.0,10.806331978258537,0.0,9.124791151473044,0.0,7.104384431599627,0.0,4.165370481346127,0.0
Wolke,430.45098039215685,0.0,19.275408991053737,0.0,438.4245242472597,0.0,470.0,0.0,416.0,0.0,369.0,0.0,298.0,0.0,236.0,0.0,178.0,0.0,127.0,0.0,92.0,0.0,43.0,0.0,14.710766522457936,0.0,21.6794833886788,0.0,20.396078054371138,0.0,19.209372712298546,0.0,17.26267650163207,0.0,15.362291495737216,0.0,13.341664064126334,0.0,11.269427669584644,0.0,9.591663046625438,0.0,6.557438524302,0.0,,,,,,,,,,,,,,,,,,,,,7.364118493204864,0.0,,,,,,,,,,,,,,,,,,,,,14.710496823515095,0.0,19.65316949702784,0.0,18.581700511724005,0.0,17.42603738215683,0.0,15.444172353203646,0.0,13.527756443657019,0.0,11.579136144294381,0.0,9.597397185130205,0.0,8.064242306324212,0.0,4.439520596757323,0.0
Wolle,390.44313725490196,0.0,18.36399993618727,0.0,437.4918604368643,0.0,422.0,0.0,375.0,0.0,328.0,0.0,267.0,0.0,221.0,0.0,173.0,0.0,130.0,0.0,89.0,0.0,46.0,0.0,14.702658929620803,0.0,20.54263858417414,0.0,19.364916731037084,0.0,18.110770276274835,0.0,16.34013463836819,0.0,14.866068747318506,0.0,13.152946437965905,0.0,11.40175425099138,0.0,9.433981132056603,0.0,6.782329983125268,0.0,,,,,,,,,,,,,,,,,,,,,11.335130695327592,0.0,,,,,,,,,,,,,,,,,,,,,14.702695311372265,0.0,18.56236006580991,0.0,17.563046781425736,0.0,16.433148432829487,0.0,14.638558527924719,0.0,13.112166188785004,0.0,11.434990695814562,0.0,9.729914552820741,0.0,8.01996252239091,0.0,4.708759359945317,0.0
Worbt,414.88235294117646,0.0,18.754127368361132,0.0,426.19235690972005,0.0,448.0,0.0,411.0,0.0,357.0,0.0,278.0,0.0,220.0,0.0,164.0,0.0,115.0,0.0,69.0,0.0,38.0,0.0,14.258550682945513,0.0,21.166010488516726,0.0,20.273134932713294,0.0,18.894443627691185,0.0,16.673332000533065,0.0,14.832396974191326,0.0,12.806248474865697,0.0,10.723805294763608,0.0,8.306623862918075,0.0,6.164414002968976,0.0,,,,,,,,,,,,,,,,,,,,,9.225772703448532,0.0,,,,,,,,,,,,,,,,,,,,,14.258096273444535,0.0,19.03338624849686,0.0,18.27875879127683,0.0,16.927528025426227,0.0,14.759303813976468,0.0,12.97667990143641,0.0,10.942701167020175,0.0,8.735070193992678,0.0,6.444224773375211,0.0,4.093912988865403,0.0
Worfo,397.79215686274506,0.0,18.38846862973404,0.0,425.8323236495484,0.0,422.0,0.0,381.0,0.0,334.0,0.0,269.0,0.0,218.0,0.0,166.0,0.0,126.0,0.0,73.0,0.0,43.0,0.0,14.337464109282369,0.0,20.54263858417414,0.0,19.519221295943137,0.0,18.275666882497067,0.0,16.401219466856727,0.0,14.7648230602334,0.0,12.884098726725126,0.0,11.224972160321824,0.0,8.54400374531753,0.0,6.557438524302,0.0,,,,,,,,,,,,,,,,,,,,,10.00060066563582,0.0,,,,,,,,,,,,,,,,,,,,,14.337344266230584,0.0,18.535549320096255,0.0,17.635305913325467,0.0,16.483695412657255,0.0,14.588640997434194,0.0,12.882051581639042,0.0,10.957258930508228,0.0,9.291791420200266,0.0,6.80913529418021,0.0,4.50651637704908,0.0
Worte,384.6470588235294,0.0,18.0985465057533,0.0,407.47231684633164,0.0,409.0,0.0,366.0,0.0,314.0,0.0,252.0,0.0,197.0,0.0,142.0,0.0,104.0,0.0,60.0,0.0,36.0,0.0,13.729362822038391,0.0,20.223748416156685,0.0,19.131126469708992,0.0,17.72004514666935,0.0,15.874507866387544,0.0,14.035668847618199,0.0,11.916375287812984,0.0,10.198039027185569,0.0,7.745966692414834,0.0,6.0,0.0,,,,,,,,,,,,,,,,,,,,,11.675371748464745,0.0,,,,,,,,,,,,,,,,,,,,,13.729019019244134,0.0,18.133105782902412,0.0,17.158223035341848,0.0,15.951801761163374,0.0,14.037652361230688,0.0,12.153156196569448,0.0,10.137932812056896,0.0,8.39527809518123,0.0,6.005932750626546,0.0,4.039653891595433,0.0
Wotan,418.14509803921567,0.0,18.84143878411609,0.0,407.3738105844021,0.0,440.0,0.0,400.0,0.0,346.0,0.0,274.0,0.0,214.0,0.0,152.0,0.0,101.0,0.0,60.0,0.0,36.0,0.0,13.827195269358356,0.0,20.97617696340303,0.0,20.0,0.0,18.601075237738275,0.0,16.55294535724685,0.0,14.628738838327793,0.0,12.328828005937952,0.0,10.04987562112089,0.0,7.745966692414834,0.0,6.0,0.0,,,,,,,,,,,,,,,,,,,,,7.5173935916113175,0.0,,,,,,,,,,,,,,,,,,,,,13.826977529019471,0.0,18.931832686728878,0.0,18.122478544277172,0.0,16.891996876465626,0.0,14.658789089603262,0.0,12.637077515904343,0.0,10.420933995661812,0.0,8.177298576484793,0.0,6.006604899648151,0.0,4.039653891595433,0.0
Wprms,470.60784313725486,0.0,20.092258183392733,0.0,495.4822808594737,0.0,518.0,0.0,464.0,0.0,411.0,0.0,353.0,0.0,295.0,0.0,232.0,0.0,184.0,0.0,126.0,0.0,96.0,0.0,16.354955864442452,0.0,22.759613353482084,0.0,21.540659228538015,0.0,20.273134932713294,0.0,18.788294228055936,0.0,17.175564037317667,0.0,15.231546211727817,0.0,13.564659966250536,0.0,11.224972160321824,0.0,9.797958971132712,0.0,,,,,,,,,,,,,,,,,,,,,7.53640192369609,0.0,,,,,,,,,,,,,,,,,,,,,16.355040043458338,0.0,20.622955198041456,0.0,19.698924131301247,0.0,18.542584854626654,0.0,17.038710485246053,0.0,15.338501170302612,0.0,13.387799695172253,0.0,11.736430451452563,0.0,9.346696803717611,0.0,7.762057840824198,0.0
Wprst,405.0235294117647,0.0,18.598506717846856,0.0,433.914158790324,0.0,430.0,0.0,387.0,0.0,337.0,0.0,280.0,0.0,228.0,0.0,171.0,0.0,129.0,0.0,82.0,0.0,52.0,0.0,14.618420885027817,0.0,20.73644135332772,0.0,19.672315572906,0.0,18.35755975068582,0.0,16.73320053068151,0.0,15.0996688705415,0.0,13.076696830622021,0.0,11.357816691600547,0.0,9.055385138137417,0.0,7.211102550927978,0.0,,,,,,,,,,,,,,,,,,,,,14.367775072929629,0.0,,,,,,,,,,,,,,,,,,,,,14.618352536621723,0.0,18.5362472149889,0.0,17.777629406478045,0.0,16.50334421036201,0.0,14.880000300102923,0.0,13.120986114162886,0.0,11.204625052091352,0.0,9.473153006188872,0.0,7.18817320104985,0.0,5.309046206111366,0.0
Wrack,415.6705882352942,0.0,18.857806210048608,0.0,440.06750168055714,0.0,440.0,0.0,404.0,0.0,358.0,0.0,296.0,0.0,239.0,0.0,179.0,0.0,128.0,0.0,83.0,0.0,41.0,0.0,14.793930713960103,0.0,20.97617696340303,0.0,20.09975124224178,0.0,18.920887928424502,0.0,17.204650534085253,0.0,15.459624833740307,0.0,13.379088160259652,0.0,11.313708498984761,0.0,9.1104335791443,0.0,6.4031242374328485,0.0,,,,,,,,,,,,,,,,,,,,,7.033883819594375,0.0,,,,,,,,,,,,,,,,,,,,,14.794026518489009,0.0,19.054321362829175,0.0,18.31455515704373,0.0,17.070430409558142,0.0,15.233613278396367,0.0,13.45087443924526,0.0,11.437171186720548,0.0,9.369317059956046,0.0,7.286165383620352,0.0,4.297358018492208,0.0
Wrllr,357.70588235294116,0.0,17.668066363128663,0.0,467.47003128939895,0.0,379.0,0.0,350.0,0.0,318.0,0.0,277.0,0.0,239.0,0.0,199.0,0.0,150.0,0.0,97.0,0.0,46.0,0.0,15.57289862903504,0.0,19.467922333931785,0.0,18.708286933869708,0.0,17.832554500127006,0.0,16.64331697709324,0.0,15.459624833740307,0.0,14.106735979665885,0.0,12.24744871391589,0.0,9.848857801796104,0.0,6.782329983125268,0.0,,,,,,,,,,,,,,,,,,,,,13.763747320042501,0.0,,,,,,,,,,,,,,,,,,,,,15.573070844214598,0.0,17.551565030941532,0.0,16.967789526465612,0.0,16.09894729466263,0.0,14.87311568033745,0.0,13.614937131304176,0.0,12.191259712554043,0.0,10.305759456538249,0.0,8.224517643225862,0.0,4.708759359945317,0.0
Wtstv,371.3058823529411,0.0,17.71863176355534,0.0,438.0603707213304,0.0,404.0,0.0,360.0,0.0,314.0,0.0,264.0,0.0,217.0,0.0,169.0,0.0,123.0,0.0,74.0,0.0,39.0,0.0,14.712210719601636,0.0,20.09975124224178,0.0,18.973665961010276,0.0,17.72004514666935,0.0,16.24807680927192,0.0,14.730919862656235,0.0,13.0,0.0,11.090536506409418,0.0,8.602325267042627,0.0,6.244997998398398,0.0,,,,,,,,,,,,,,,,,,,,,11.872523885791962,0.0,,,,,,,,,,,,,,,,,,,,,14.7121579101842,0.0,17.68574441376563,0.0,16.893211990296706,0.0,15.951451963409424,0.0,14.356695370431044,0.0,12.745266466969774,0.0,11.019171832004742,0.0,9.035193398870875,0.0,6.507372930524337,0.0,4.182340550462531,0.0
Wuchs,428.7058823529411,0.0,19.139571540912403,0.0,412.51736926079866,0.0,465.0,0.0,408.0,0.0,357.0,0.0,280.0,0.0,207.0,0.0,146.0,0.0,102.0,0.0,74.0,0.0,38.0,0.0,13.912174644258164,0.0,21.563858652847824,0.0,20.199009876724155,0.0,18.894443627691185,0.0,16.73320053068151,0.0,14.38749456993816,0.0,12.083045973594572,0.0,10.099504938362077,0.0,8.602325267042627,0.0,6.164414002968976,0.0,,,,,,,,,,,,,,,,,,,,,8.716430537268376,0.0,,,,,,,,,,,,,,,,,,,,,13.911890427178909,0.0,19.401904925035748,0.0,18.268915388420286,0.0,16.987927112187506,0.0,14.695548245871956,0.0,12.477889478221343,0.0,10.300017369075174,0.0,8.568044333138964,0.0,7.040972633927765,0.0,4.093912988865403,0.0
Wucht,426.7019607843137,0.0,19.11855603671139,0.0,425.86436518156813,0.0,464.0,0.0,411.0,0.0,366.0,0.0,289.0,0.0,221.0,0.0,157.0,0.0,112.0,0.0,77.0,0.0,38.0,0.0,14.314481568563245,0.0,21.540659228538015,0.0,20.273134932713294,0.0,19.131126469708992,0.0,17.0,0.0,14.866068747318506,0.0,12.529964086141668,0.0,10.583005244258363,0.0,8.774964387392123,0.0,6.164414002968976,0.0,,,,,,,,,,,,,,,,,,,,,9.13541846404535,0.0,,,,,,,,,,,,,,,,,,,,,14.314134716044272,0.0,19.307392595230564,0.0,18.309542503795345,0.0,17.209973426529075,0.0,14.997367584825861,0.0,12.93987154312759,0.0,10.690727763590175,0.0,8.916459307852554,0.0,7.122701268992525,0.0,4.093912988865403,0.0
Wulti,377.3686274509804,0.0,18.02936687665674,0.0,447.2071231301283,0.0,410.0,0.0,373.0,0.0,328.0,0.0,266.0,0.0,224.0,0.0,175.0,0.0,133.0,0.0,86.0,0.0,43.0,0.0,14.998149746612743,0.0,20.248456731316587,0.0,19.313207915827967,0.0,18.110770276274835,0.0,16.30950643030009,0.0,14.966629547095765,0.0,13.228756555322953,0.0,11.532562594670797,0.0,9.273618495495704,0.0,6.557438524302,0.0,,,,,,,,,,,,,,,,,,,,,15.449078205833308,0.0,,,,,,,,,,,,,,,,,,,,,14.998304553719299,0.0,18.111707281811324,0.0,17.385842125975667,0.0,16.37351066374167,0.0,14.495000770403667,0.0,13.138493317536065,0.0,11.393879948811797,0.0,9.647834549225427,0.0,7.484627607923965,0.0,4.4923449813171255,0.0
Wunde,463.9294117647059,0.0,19.97888158387652,0.0,414.39648635442126,0.0,500.0,0.0,449.0,0.0,395.0,0.0,315.0,0.0,227.0,0.0,149.0,0.0,104.0,0.0,74.0,0.0,45.0,0.0,13.996677137319121,0.0,22.360679774997898,0.0,21.18962010041709,0.0,19.87460691435179,0.0,17.74823934929885,0.0,15.066519173319364,0.0,12.206555615733702,0.0,10.198039027185569,0.0,8.602325267042627,0.0,6.708203932499369,0.0,,,,,,,,,,,,,,,,,,,,,6.333156958179003,0.0,,,,,,,,,,,,,,,,,,,,,13.996538974468425,0.0,20.37083114239001,0.0,19.331203480191512,0.0,18.083231799868923,0.0,15.825086967883415,0.0,13.059035348317744,0.0,10.386982774271898,0.0,8.65341229390849,0.0,6.960452313181535,0.0,4.739237825114279,0.0
Wurst,383.5725490196079,0.0,18.07779974227291,0.0,412.6061026475858,0.0,409.0,0.0,365.0,0.0,314.0,0.0,252.0,0.0,201.0,0.0,145.0,0.0,106.0,0.0,63.0,0.0,36.0,0.0,13.922479733549597,0.0,20.223748416156685,0.0,19.1049731745428,0.0,17.72004514666935,0.0,15.874507866387544,0.0,14.177446878757825,0.0,12.041594578792296,0.0,10.295630140987,0.0,7.937253933193772,0.0,6.0,0.0,,,,,,,,,,,,,,,,,,,,,13.574301996184944,0.0,,,,,,,,,,,,,,,,,,,,,13.922140096232477,0.0,17.988756024578255,0.0,17.123273540083062,0.0,15.82065615117545,0.0,13.927255114750535,0.0,12.185646845262953,0.0,10.1641985640597,0.0,8.410371137990671,0.0,6.081215317043422,0.0,4.039653891595433,0.0
Wvnkt,434.8078431372549,0.0,19.34589259168896,0.0,450.0153431440045,0.0,469.0,0.0,425.0,0.0,385.0,0.0,322.0,0.0,263.0,0.0,182.0,0.0,131.0,0.0,87.0,0.0,40.0,0.0,15.123095002672327,0.0,21.656407827707714,0.0,20.615528128088304,0.0,19.621416870348583,0.0,17.944358444926362,0.0,16.217274740226856,0.0,13.490737563232042,0.0,11.445523142259598,0.0,9.327379053088816,0.0,6.324555320336759,0.0,,,,,,,,,,,,,,,,,,,,,7.922997659856569,0.0,,,,,,,,,,,,,,,,,,,,,15.122856045530556,0.0,19.524890824915563,0.0,18.757455714823354,0.0,17.71613235536102,0.0,15.976854442750925,0.0,14.156364680056175,0.0,11.450812992300495,0.0,9.4173742679051,0.0,7.368738727803006,0.0,4.1581414548926015,0.0
Wärkt,427.6,0.0,19.120299464065415,0.0,440.67021324845507,0.0,462.0,0.0,417.0,0.0,368.0,0.0,302.0,0.0,241.0,0.0,181.0,0.0,130.0,0.0,85.0,0.0,43.0,0.0,14.800072404847393,0.0,21.494185260204677,0.0,20.42057785666214,0.0,19.183326093250876,0.0,17.378147196982766,0.0,15.524174696260024,0.0,13.45362404707371,0.0,11.40175425099138,0.0,9.219544457292887,0.0,6.557438524302,0.0,,,,,,,,,,,,,,,,,,,,,9.662473681717822,0.0,,,,,,,,,,,,,,,,,,,,,14.799747982187567,0.0,19.43684271901713,0.0,18.629365876325313,0.0,17.29862075650199,0.0,15.536051130847696,0.0,13.59728101097204,0.0,11.604688679798704,0.0,9.525973731091602,0.0,7.514978876893628,0.0,4.51876535796722,0.0
Wölfe,410.65098039215684,0.0,18.746134190741042,0.0,441.8281628884522,0.0,443.0,0.0,393.0,0.0,346.0,0.0,279.0,0.0,231.0,0.0,182.0,0.0,139.0,0.0,96.0,0.0,51.0,0.0,14.869819859588473,0.0,21.047565179849187,0.0,19.82422760159901,0.0,18.601075237738275,0.0,16.703293088490067,0.0,15.198684153570664,0.0,13.490737563232042,0.0,11.789826122551595,0.0,9.797958971132712,0.0,7.14142842854285,0.0,,,,,,,,,,,,,,,,,,,,,10.664173787674885,0.0,,,,,,,,,,,,,,,,,,,,,14.869883995613463,0.0,19.056800039516506,0.0,18.007750975943065,0.0,16.927408717481992,0.0,14.969666950661363,0.0,13.416201890364984,0.0,11.757581854275083,0.0,10.129631136341448,0.0,8.275516917072855,0.0,5.0004763005888035,0.0
Würfe,413.0627450980392,0.0,18.79993169554125,0.0,428.6642939097719,0.0,444.0,0.0,396.0,0.0,351.0,0.0,280.0,0.0,222.0,0.0,164.0,0.0,124.0,0.0,79.0,0.0,48.0,0.0,14.440283783947951,0.0,21.071307505705477,0.0,19.8997487421324,0.0,18.734993995195193,0.0,16.73320053068151,0.0,14.89966442575134,0.0,12.806248474865697,0.0,11.135528725660043,0.0,8.888194417315589,0.0,6.928203230275509,0.0,,,,,,,,,,,,,,,,,,,,,11.060777005114737,0.0,,,,,,,,,,,,,,,,,,,,,14.44000046896693,0.0,19.13108649916308,0.0,18.060441651625236,0.0,16.95621511105356,0.0,14.877348802516908,0.0,13.026326080340576,0.0,11.08187651486352,0.0,9.374294387437725,0.0,7.178541684307885,0.0,4.895415560669471,0.0
Wüten,432.2666666666667,0.0,19.221719741061715,0.0,414.12447538288427,0.0,464.0,0.0,421.0,0.0,368.0,0.0,291.0,0.0,215.0,0.0,144.0,0.0,101.0,0.0,68.0,0.0,41.0,0.0,13.986860998250544,0.0,21.540659228538015,0.0,20.518284528683193,0.0,19.183326093250876,0.0,17.05872210923198,0.0,14.66287829861518,0.0,12.0,0.0,10.04987562112089,0.0,8.246211251235321,0.0,6.4031242374328485,0.0,,,,,,,,,,,,,,,,,,,,,8.561504046363954,0.0,,,,,,,,,,,,,,,,,,,,,13.986871910241481,0.0,19.475466998722762,0.0,18.595357170235424,0.0,17.48892066187843,0.0,15.134217594058635,0.0,12.72170494522836,0.0,10.319369267506284,0.0,8.336700840921429,0.0,6.450404189197593,0.0,4.469742523292116,0.0
Xbllm,415.9490196078431,0.0,18.985182915081644,0.0,479.29622907403433,0.0,468.0,0.0,420.0,0.0,369.0,0.0,313.0,0.0,273.0,0.0,204.0,0.0,156.0,0.0,98.0,0.0,64.0,0.0,15.845357916241097,0.0,21.633307652783937,0.0,20.493901531919196,0.0,19.209372712298546,0.0,17.69180601295413,0.0,16.522711641858304,0.0,14.2828568570857,0.0,12.489995996796797,0.0,9.899494936611665,0.0,8.0,0.0,,,,,,,,,,,,,,,,,,,,,5.8439173397908375,0.0,,,,,,,,,,,,,,,,,,,,,15.845195585023639,0.0,19.61220260779521,0.0,18.744015663570213,0.0,17.504510964071095,0.0,15.96409138553604,0.0,14.76409189841346,0.0,12.406384571296336,0.0,10.589849481916152,0.0,8.711570167672116,0.0,6.650073342276113,0.0
Xdgzr,408.6156862745098,0.0,18.792541895954045,0.0,399.8100819895633,0.0,436.0,0.0,393.0,0.0,347.0,0.0,275.0,0.0,203.0,0.0,130.0,0.0,78.0,0.0,43.0,0.0,26.0,0.0,13.384082044887325,0.0,20.8806130178211,0.0,19.82422760159901,0.0,18.627936010197157,0.0,16.583123951777,0.0,14.247806848775006,0.0,11.40175425099138,0.0,8.831760866327848,0.0,6.557438524302,0.0,5.0990195135927845,0.0,,,,,,,,,,,,,,,,,,,,,6.856220955168177,0.0,,,,,,,,,,,,,,,,,,,,,13.384099634475321,0.0,18.910193852396183,0.0,17.98115445362996,0.0,16.748909003427197,0.0,14.531225005301394,0.0,12.261496886721991,0.0,9.137794279011123,0.0,6.674262618715014,0.0,5.153734622813445,0.0,3.697050821065971,0.0
Xnprt,371.37254901960785,0.0,17.906820206816782,0.0,377.35922686298863,0.0,376.0,0.0,344.0,0.0,309.0,0.0,243.0,0.0,185.0,0.0,106.0,0.0,67.0,0.0,26.0,0.0,14.0,0.0,12.794670131571875,0.0,19.390719429665317,0.0,18.547236990991408,0.0,17.578395831246947,0.0,15.588457268119896,0.0,13.601470508735444,0.0,10.295630140987,0.0,8.18535277187245,0.0,5.0990195135927845,0.0,3.7416573867739413,0.0,,,,,,,,,,,,,,,,,,,,,6.426230472966695,0.0,,,,,,,,,,,,,,,,,,,,,12.79408936382343,0.0,17.492544329539864,0.0,16.7914153383155,0.0,15.72359568285499,0.0,13.551404051737496,0.0,11.523354904964519,0.0,8.097583501801502,0.0,6.222223229906453,0.0,4.080460950925427,0.0,3.316643297496372,0.0
Zahan,397.8039215686274,0.0,18.504597971792165,0.0,346.95381722563707,0.0,401.0,0.0,359.0,0.0,310.0,0.0,241.0,0.0,168.0,0.0,84.0,0.0,45.0,0.0,22.0,0.0,4.0,0.0,11.831138904385183,0.0,20.024984394500787,0.0,18.947295321496416,0.0,17.60681686165901,0.0,15.524174696260024,0.0,12.96148139681572,0.0,9.16515138991168,0.0,6.708203932499369,0.0,4.69041575982343,0.0,2.0,0.0,,,,,,,,,,,,,,,,,,,,,2.9697707100193416,0.0,,,,,,,,,,,,,,,,,,,,,11.831056138244202,0.0,18.245595318677022,0.0,17.39741925922357,0.0,15.843756714948876,0.0,13.569603323174821,0.0,10.665497591444788,0.0,7.22949356364745,0.0,5.109227750343029,0.0,4.0524543516678735,0.0,1.0401058349015257,0.0
Zahga,425.04705882352937,0.0,19.094116841643192,0.0,371.4560112631032,0.0,447.0,0.0,391.0,0.0,339.0,0.0,264.0,0.0,184.0,0.0,108.0,0.0,67.0,0.0,44.0,0.0,20.0,0.0,12.600856455237833,0.0,21.142374511865974,0.0,19.77371993328519,0.0,18.411952639521967,0.0,16.24807680927192,0.0,13.564659966250536,0.0,10.392304845413264,0.0,8.18535277187245,0.0,6.6332495807108,0.0,4.47213595499958,0.0,,,,,,,,,,,,,,,,,,,,,5.038693979477757,0.0,,,,,,,,,,,,,,,,,,,,,12.600919332712891,0.0,19.204306412150725,0.0,18.153824520926616,0.0,16.59002376726958,0.0,14.294588114639009,0.0,11.440990264480606,0.0,8.49594619349884,0.0,6.468349615674792,0.0,5.344135126556012,0.0,2.809689344529977,0.0
Zahmt,423.5725490196079,0.0,19.107071584740712,0.0,427.53984147424575,0.0,456.0,0.0,401.0,0.0,353.0,0.0,297.0,0.0,233.0,0.0,151.0,0.0,116.0,0.0,74.0,0.0,48.0,0.0,14.421802128830386,0.0,21.354156504062622,0.0,20.024984394500787,0.0,18.788294228055936,0.0,17.233687939614086,0.0,15.264337522473747,0.0,12.288205727444508,0.0,10.770329614269007,0.0,8.602325267042627,0.0,6.928203230275509,0.0,,,,,,,,,,,,,,,,,,,,,5.288413380742342,0.0,,,,,,,,,,,,,,,,,,,,,14.421533038797781,0.0,19.241752327544084,0.0,18.32093825130652,0.0,17.055979310441362,0.0,15.503658345024403,0.0,13.303485126034472,0.0,10.568319000639452,0.0,9.195231077073045,0.0,7.404724364981585,0.0,5.756126538701103,0.0
Zanga,408.2235294117647,0.0,18.67838114873884,0.0,355.1365235561385,0.0,413.0,0.0,373.0,0.0,321.0,0.0,246.0,0.0,172.0,0.0,96.0,0.0,52.0,0.0,28.0,0.0,17.0,0.0,12.093574299263693,0.0,20.322401432901575,0.0,19.313207915827967,0.0,17.916472867168917,0.0,15.684387141358123,0.0,13.114877048604,0.0,9.797958971132712,0.0,7.211102550927978,0.0,5.291502622129181,0.0,4.123105625617661,0.0,,,,,,,,,,,,,,,,,,,,,4.890674215899104,0.0,,,,,,,,,,,,,,,,,,,,,12.093660559007196,0.0,18.48999312864997,0.0,17.70828219571975,0.0,16.097471160891132,0.0,13.709593568567952,0.0,10.938946794473955,0.0,7.6757738922241,0.0,5.292515873003062,0.0,3.7956684828708496,0.0,2.622155596436093,0.0
Zarig,355.0980392156863,0.0,17.46234131182684,0.0,377.12772742857334,0.0,364.0,0.0,333.0,0.0,279.0,0.0,221.0,0.0,167.0,0.0,111.0,0.0,73.0,0.0,33.0,0.0,17.0,0.0,12.75413947113135,0.0,19.078784028338912,0.0,18.24828759089466,0.0,16.703293088490067,0.0,14.866068747318506,0.0,12.922847983320086,0.0,10.535653752852738,0.0,8.54400374531753,0.0,5.744562646538029,0.0,4.123105625617661,0.0,,,,,,,,,,,,,,,,,,,,,5.891646686335563,0.0,,,,,,,,,,,,,,,,,,,,,12.753615225598093,0.0,17.22078753321476,0.0,16.634127272483028,0.0,14.82369489266068,0.0,12.941077192492177,0.0,10.827185005703218,0.0,8.485887515520046,0.0,6.393454547925944,0.0,4.222550897420575,0.0,2.6208505283272463,0.0
Zatat,331.6392156862745,0.0,16.75560858547336,0.0,345.8272692913042,0.0,327.0,0.0,298.0,0.0,246.0,0.0,187.0,0.0,136.0,0.0,85.0,0.0,49.0,0.0,12.0,0.0,1.0,0.0,11.731836821326855,0.0,18.083141320025124,0.0,17.26267650163207,0.0,15.684387141358123,0.0,13.674794331177344,0.0,11.661903789690601,0.0,9.219544457292887,0.0,7.0,0.0,3.4641016151377544,0.0,1.0,0.0,,,,,,,,,,,,,,,,,,,,,3.7338715004890646,0.0,,,,,,,,,,,,,,,,,,,,,11.731854026221916,0.0,15.893765244354583,0.0,15.36579567415762,0.0,13.783150688498115,0.0,11.747767507556116,0.0,9.511344881464716,0.0,7.186939090573352,0.0,4.991172055675734,0.0,2.1226872462823674,0.0,0.25738542780190304,0.0
Zauga,404.9294117647059,0.0,18.58440888886591,0.0,358.0467826453173,0.0,422.0,0.0,381.0,0.0,320.0,0.0,243.0,0.0,161.0,0.0,91.0,0.0,51.0,0.0,28.0,0.0,17.0,0.0,12.076356364151792,0.0,20.54263858417414,0.0,19.519221295943137,0.0,17.88854381999832,0.0,15.588457268119896,0.0,12.68857754044952,0.0,9.539392014169456,0.0,7.14142842854285,0.0,5.291502622129181,0.0,4.123105625617661,0.0,,,,,,,,,,,,,,,,,,,,,4.874328870765803,0.0,,,,,,,,,,,,,,,,,,,,,12.076387244143083,0.0,18.579601887135073,0.0,17.757671730926546,0.0,15.995964003988641,0.0,13.483882453754939,0.0,10.39427478312514,0.0,7.535058264746217,0.0,5.264919595178613,0.0,3.7956684828708496,0.0,2.622155596436093,0.0
Zbgtn,418.62745098039215,0.0,18.932811045966428,0.0,392.68607986220877,0.0,442.0,0.0,408.0,0.0,353.0,0.0,278.0,0.0,208.0,0.0,121.0,0.0,74.0,0.0,41.0,0.0,25.0,0.0,13.212042438471121,0.0,21.02379604162864,0.0,20.199009876724155,0.0,18.788294228055936,0.0,16.673332000533065,0.0,14.422205101855956,0.0,11.0,0.0,8.602325267042627,0.0,6.4031242374328485,0.0,5.0,0.0,,,,,,,,,,,,,,,,,,,,,3.778018367138592,0.0,,,,,,,,,,,,,,,,,,,,,13.212035542848685,0.0,19.1892541450293,0.0,18.523548912061287,0.0,17.020061522367524,0.0,14.731990735051752,0.0,12.25185395192313,0.0,9.047030640233181,0.0,6.485607546160682,0.0,4.689489824821049,0.0,3.3681206251674594,0.0
Zcchc,341.3372549019608,0.0,17.075252399930665,0.0,362.89268384209066,0.0,344.0,0.0,306.0,0.0,273.0,0.0,219.0,0.0,146.0,0.0,87.0,0.0,51.0,0.0,25.0,0.0,3.0,0.0,12.19154196221129,0.0,18.547236990991408,0.0,17.4928556845359,0.0,16.522711641858304,0.0,14.798648586948742,0.0,12.083045973594572,0.0,9.327379053088816,0.0,7.14142842854285,0.0,5.0,0.0,1.7320508075688772,0.0,,,,,,,,,,,,,,,,,,,,,3.8132174367558007,0.0,,,,,,,,,,,,,,,,,,,,,12.191413601362328,0.0,16.56615047934579,0.0,15.658911094747358,0.0,14.490419215006664,0.0,12.671401171191143,0.0,9.837276348972487,0.0,7.218926277787512,0.0,5.4475239340224775,0.0,4.149501053138141,0.0,0.7100271227343528,0.0
Zckhr,379.035294117647,0.0,18.167527465506122,0.0,393.45609333365746,0.0,393.0,0.0,352.0,0.0,322.0,0.0,269.0,0.0,189.0,0.0,122.0,0.0,73.0,0.0,44.0,0.0,6.0,0.0,13.255816568204546,0.0,19.82422760159901,0.0,18.76166303929372,0.0,17.944358444926362,0.0,16.401219466856727,0.0,13.74772708486752,0.0,11.045361017187261,0.0,8.54400374531753,0.0,6.6332495807108,0.0,2.449489742783178,0.0,,,,,,,,,,,,,,,,,,,,,4.376446684987686,0.0,,,,,,,,,,,,,,,,,,,,,13.256004566334298,0.0,17.89223626192369,0.0,17.068013867472118,0.0,16.03094749581751,0.0,14.354351979850982,0.0,11.561674844509177,0.0,8.924945580727517,0.0,6.79585426174269,0.0,5.690026526451717,0.0,1.2324879966223512,0.0
Zebre,358.81960784313725,0.0,17.542052292018653,0.0,351.0367446606905,0.0,362.0,0.0,332.0,0.0,288.0,0.0,214.0,0.0,146.0,0.0,79.0,0.0,44.0,0.0,16.0,0.0,3.0,0.0,11.73614937989418,0.0,19.026297590440446,0.0,18.2208671582886,0.0,16.97056274847714,0.0,14.628738838327793,0.0,12.083045973594572,0.0,8.888194417315589,0.0,6.6332495807108,0.0,4.0,0.0,1.7320508075688772,0.0,,,,,,,,,,,,,,,,,,,,,3.4073874036759144,0.0,,,,,,,,,,,,,,,,,,,,,11.736254523393574,0.0,17.259221052855978,0.0,16.411654586581943,0.0,15.025533220777035,0.0,12.57824285630208,0.0,9.902981912196466,0.0,7.050918641721732,0.0,4.765586253152084,0.0,2.8102550779811164,0.0,0.7165317473001379,0.0
Zefet,331.87450980392157,0.0,16.877138408090055,0.0,355.98346737290603,0.0,328.0,0.0,295.0,0.0,251.0,0.0,198.0,0.0,140.0,0.0,88.0,0.0,57.0,0.0,25.0,0.0,8.0,0.0,12.075886794271636,0.0,18.110770276274835,0.0,17.175564037317667,0.0,15.84297951775486,0.0,14.071247279470288,0.0,11.832159566199232,0.0,9.38083151964686,0.0,7.54983443527075,0.0,5.0,0.0,2.8284271247461903,0.0,,,,,,,,,,,,,,,,,,,,,3.9153144550496295,0.0,,,,,,,,,,,,,,,,,,,,,12.07598007566774,0.0,15.974737192421554,0.0,15.287839888925268,0.0,13.993279762421388,0.0,12.097139580377046,0.0,9.782821747397987,0.0,7.478927852448076,0.0,5.833951458164111,0.0,3.823895080502149,0.0,2.000194446484054,0.0
Zehen,388.43137254901956,0.0,18.3723025073968,0.0,346.7835057084935,0.0,394.0,0.0,350.0,0.0,305.0,0.0,243.0,0.0,158.0,0.0,71.0,0.0,40.0,0.0,24.0,0.0,4.0,0.0,11.723434242440028,0.0,19.849433241279208,0.0,18.708286933869708,0.0,17.46424919657298,0.0,15.588457268119896,0.0,12.569805089976535,0.0,8.426149773176359,0.0,6.324555320336759,0.0,4.898979485566356,0.0,2.0,0.0,,,,,,,,,,,,,,,,,,,,,2.919992657042342,0.0,,,,,,,,,,,,,,,,,,,,,11.723949994359634,0.0,17.994742059711438,0.0,17.01040831691353,0.0,15.6848634887585,0.0,13.574518282158191,0.0,10.309866275139647,0.0,6.625111542552157,0.0,4.865653943734577,0.0,4.111246871093277,0.0,1.0401058349015257,0.0
Zehnt,377.9725490196078,0.0,18.106066666577906,0.0,359.0852699554283,0.0,385.0,0.0,344.0,0.0,303.0,0.0,243.0,0.0,163.0,0.0,86.0,0.0,51.0,0.0,26.0,0.0,4.0,0.0,12.18859606783625,0.0,19.621416870348583,0.0,18.547236990991408,0.0,17.406895185529212,0.0,15.588457268119896,0.0,12.767145334803704,0.0,9.273618495495704,0.0,7.14142842854285,0.0,5.0990195135927845,0.0,2.0,0.0,,,,,,,,,,,,,,,,,,,,,3.7528354952648235,0.0,,,,,,,,,,,,,,,,,,,,,12.188735840526338,0.0,17.608485980314452,0.0,16.820690006632702,0.0,15.533096972666794,0.0,13.639201712653023,0.0,10.602762771736339,0.0,7.342587818089114,0.0,5.482545218278758,0.0,4.210565632946371,0.0,1.0401058349015257,0.0
Zeile,313.92549019607844,0.0,16.51989957268446,0.0,363.65263233201955,0.0,314.0,0.0,277.0,0.0,240.0,0.0,193.0,0.0,143.0,0.0,91.0,0.0,59.0,0.0,27.0,0.0,6.0,0.0,12.313149076266557,0.0,17.72004514666935,0.0,16.64331697709324,0.0,15.491933384829668,0.0,13.892443989449804,0.0,11.958260743101398,0.0,9.539392014169456,0.0,7.681145747868608,0.0,5.196152422706632,0.0,2.449489742783178,0.0,,,,,,,,,,,,,,,,,,,,,4.49491541469587,0.0,,,,,,,,,,,,,,,,,,,,,12.313151994632262,0.0,15.842624912619398,0.0,14.846481357580764,0.0,13.677857808184363,0.0,12.010222125317743,0.0,9.941941321991365,0.0,7.694542087165966,0.0,5.924193310265096,0.0,4.518126543087362,0.0,1.7266779110015995,0.0
Zelle,323.921568627451,0.0,16.838377286269477,0.0,373.97259950379794,0.0,327.0,0.0,290.0,0.0,252.0,0.0,202.0,0.0,154.0,0.0,103.0,0.0,71.0,0.0,39.0,0.0,11.0,0.0,12.688683471507517,0.0,18.083141320025124,0.0,17.029386365926403,0.0,15.874507866387544,0.0,14.212670403551895,0.0,12.409673645990857,0.0,10.14889156509222,0.0,8.426149773176359,0.0,6.244997998398398,0.0,3.3166247903554,0.0,,,,,,,,,,,,,,,,,,,,,4.079441539336029,0.0,,,,,,,,,,,,,,,,,,,,,12.68856394391192,0.0,16.22403505592449,0.0,15.291510189320492,0.0,14.105224831495253,0.0,12.404083820342072,0.0,10.455234480295573,0.0,8.426977169045124,0.0,6.85019697913548,0.0,5.637289485092513,0.0,2.4424095791106963,0.0
Zeugs,387.10196078431375,0.0,18.20971640708052,0.0,358.88410530947925,0.0,409.0,0.0,365.0,0.0,302.0,0.0,234.0,0.0,150.0,0.0,83.0,0.0,50.0,0.0,29.0,0.0,17.0,0.0,12.02285837777312,0.0,20.223748416156685,0.0,19.1049731745428,0.0,17.378147196982766,0.0,15.297058540778355,0.0,12.24744871391589,0.0,9.1104335791443,0.0,7.0710678118654755,0.0,5.385164807134504,0.0,4.123105625617661,0.0,,,,,,,,,,,,,,,,,,,,,4.403938043664659,0.0,,,,,,,,,,,,,,,,,,,,,12.022892222688787,0.0,18.116346819555996,0.0,17.196278299914542,0.0,15.44025136539313,0.0,13.12325714163431,0.0,9.997585105664788,0.0,7.186993355559386,0.0,5.238224119313686,0.0,3.825424442938277,0.0,2.622155596436093,0.0
Zfllm,378.19607843137254,0.0,18.189768175603536,0.0,487.3695564140569,0.0,413.0,0.0,372.0,0.0,333.0,0.0,295.0,0.0,260.0,0.0,213.0,0.0,172.0,0.0,109.0,0.0,66.0,0.0,16.184035589156164,0.0,20.322401432901575,0.0,19.28730152198591,0.0,18.24828759089466,0.0,17.175564037317667,0.0,16.1245154965971,0.0,14.594519519326424,0.0,13.114877048604,0.0,10.44030650891055,0.0,8.12403840463596,0.0,,,,,,,,,,,,,,,,,,,,,8.290788687264934,0.0,,,,,,,,,,,,,,,,,,,,,16.1836756775805,0.0,18.26777413478411,0.0,17.558847386924242,0.0,16.65982094831703,0.0,15.550646908684408,0.0,14.315034204082178,0.0,12.757741959882301,0.0,11.255129393237885,0.0,9.145492679142361,0.0,6.799065291633107,0.0
Zicke,342.97254901960787,0.0,17.213657480171815,0.0,374.69058024421474,0.0,353.0,0.0,308.0,0.0,278.0,0.0,224.0,0.0,165.0,0.0,101.0,0.0,65.0,0.0,32.0,0.0,3.0,0.0,12.695029293536098,0.0,18.788294228055936,0.0,17.549928774784245,0.0,16.673332000533065,0.0,14.966629547095765,0.0,12.84523257866513,0.0,10.04987562112089,0.0,8.06225774829855,0.0,5.656854249492381,0.0,1.7320508075688772,0.0,,,,,,,,,,,,,,,,,,,,,4.699927307606368,0.0,,,,,,,,,,,,,,,,,,,,,12.695303304889961,0.0,16.822174701384338,0.0,15.769008285626413,0.0,14.729515455357378,0.0,12.993351919433534,0.0,10.720559638207606,0.0,8.158934404600407,0.0,6.147935136042767,0.0,4.628975403714884,0.0,0.7100271227343528,0.0
Zidim,391.6862745098039,0.0,18.414446128534095,0.0,463.74520413700407,0.0,431.0,0.0,386.0,0.0,341.0,0.0,303.0,0.0,246.0,0.0,181.0,0.0,146.0,0.0,88.0,0.0,56.0,0.0,15.47488947271364,0.0,20.760539492026695,0.0,19.6468827043885,0.0,18.466185312619388,0.0,17.406895185529212,0.0,15.684387141358123,0.0,13.45362404707371,0.0,12.083045973594572,0.0,9.38083151964686,0.0,7.483314773547883,0.0,,,,,,,,,,,,,,,,,,,,,8.578983105787147,0.0,,,,,,,,,,,,,,,,,,,,,15.474403711199614,0.0,18.6464490622485,0.0,17.793276409494116,0.0,16.77675027267957,0.0,15.72894766027071,0.0,13.759571462777155,0.0,11.532626252672975,0.0,10.107307020282901,0.0,7.923163127283195,0.0,6.346862031811935,0.0
Zihlt,334.5019607843137,0.0,17.092979103729192,0.0,402.88442279293645,0.0,354.0,0.0,307.0,0.0,275.0,0.0,236.0,0.0,186.0,0.0,122.0,0.0,90.0,0.0,48.0,0.0,9.0,0.0,13.663959252416298,0.0,18.81488772222678,0.0,17.52141546793523,0.0,16.583123951777,0.0,15.362291495737216,0.0,13.638181696985855,0.0,11.045361017187261,0.0,9.486832980505138,0.0,6.928203230275509,0.0,3.0,0.0,,,,,,,,,,,,,,,,,,,,,4.709666735490122,0.0,,,,,,,,,,,,,,,,,,,,,13.663495939191549,0.0,16.73562730435866,0.0,15.812850996150472,0.0,14.797724703278279,0.0,13.580631365429891,0.0,11.598167286784589,0.0,9.213831575301837,0.0,7.653223781427831,0.0,6.011772402552043,0.0,1.9994357640449965,0.0
Zilti,283.83921568627454,0.0,15.706339617832535,0.0,402.1322045932517,0.0,289.0,0.0,262.0,0.0,230.0,0.0,197.0,0.0,165.0,0.0,125.0,0.0,90.0,0.0,41.0,0.0,8.0,0.0,13.660893386090102,0.0,17.0,0.0,16.186414056238647,0.0,15.165750888103101,0.0,14.035668847618199,0.0,12.84523257866513,0.0,11.180339887498949,0.0,9.486832980505138,0.0,6.4031242374328485,0.0,2.8284271247461903,0.0,,,,,,,,,,,,,,,,,,,,,6.1398728394975945,0.0,,,,,,,,,,,,,,,,,,,,,13.66098150010754,0.0,14.890499271617776,0.0,14.307283592215757,0.0,13.382489548887296,0.0,12.231035216711607,0.0,10.826201256607554,0.0,9.202768047894663,0.0,7.43415311307296,0.0,5.199470165051453,0.0,1.9954384600603234,0.0
Zitat,307.3254901960784,0.0,16.180388355050734,0.0,370.70032666240127,0.0,309.0,0.0,276.0,0.0,236.0,0.0,193.0,0.0,149.0,0.0,104.0,0.0,66.0,0.0,19.0,0.0,1.0,0.0,12.619123250166224,0.0,17.578395831246947,0.0,16.61324772583615,0.0,15.362291495737216,0.0,13.892443989449804,0.0,12.206555615733702,0.0,10.198039027185569,0.0,8.12403840463596,0.0,4.358898943540674,0.0,1.0,0.0,,,,,,,,,,,,,,,,,,,,,3.4078730185630426,0.0,,,,,,,,,,,,,,,,,,,,,12.619830127309976,0.0,15.289288679479172,0.0,14.634647450583381,0.0,13.463012474242444,0.0,11.956873912463262,0.0,10.077410944168298,0.0,8.104049638558758,0.0,5.904517486183798,0.0,2.921680762473678,0.0,0.25738542780190304,0.0
Zjgst,355.5294117647059,0.0,17.43388278976484,0.0,404.9565817074457,0.0,380.0,0.0,339.0,0.0,290.0,0.0,240.0,0.0,183.0,0.0,127.0,0.0,86.0,0.0,49.0,0.0,24.0,0.0,13.621247012363556,0.0,19.493588689617926,0.0,18.411952639521967,0.0,17.029386365926403,0.0,15.491933384829668,0.0,13.527749258468683,0.0,11.269427669584644,0.0,9.273618495495704,0.0,7.0,0.0,4.898979485566356,0.0,,,,,,,,,,,,,,,,,,,,,4.985535622253522,0.0,,,,,,,,,,,,,,,,,,,,,13.621556108383528,0.0,17.23372670665277,0.0,16.543690207207916,0.0,15.200376763999754,0.0,13.608037936926388,0.0,11.4223061510449,0.0,9.246186005240213,0.0,7.004936225857815,0.0,5.161141819318125,0.0,3.303059631490994,0.0
Zlbqr,378.9098039215686,0.0,18.096764129874664,0.0,409.3183303501769,0.0,398.0,0.0,375.0,0.0,328.0,0.0,265.0,0.0,188.0,0.0,133.0,0.0,90.0,0.0,47.0,0.0,21.0,0.0,13.71693660313603,0.0,19.949937343260004,0.0,19.364916731037084,0.0,18.110770276274835,0.0,16.278820596099706,0.0,13.711309200802088,0.0,11.532562594670797,0.0,9.486832980505138,0.0,6.855654600401044,0.0,4.58257569495584,0.0,,,,,,,,,,,,,,,,,,,,,4.319945396675775,0.0,,,,,,,,,,,,,,,,,,,,,13.717382566945544,0.0,18.071878337416447,0.0,17.479075451201354,0.0,16.172286434241716,0.0,14.288882886199884,0.0,11.586251028839111,0.0,9.546945380142638,0.0,7.566645126785685,0.0,5.722935430425337,0.0,3.463926128771157,0.0
Zobel,367.3254901960785,0.0,17.753463957964037,0.0,368.80659453096973,0.0,379.0,0.0,351.0,0.0,298.0,0.0,223.0,0.0,151.0,0.0,98.0,0.0,61.0,0.0,37.0,0.0,11.0,0.0,12.421649459002408,0.0,19.467922333931785,0.0,18.734993995195193,0.0,17.26267650163207,0.0,14.933184523068078,0.0,12.288205727444508,0.0,9.899494936611665,0.0,7.810249675906654,0.0,6.082762530298219,0.0,3.3166247903554,0.0,,,,,,,,,,,,,,,,,,,,,4.162540365992798,0.0,,,,,,,,,,,,,,,,,,,,,12.422009645954171,0.0,17.549119815978464,0.0,16.888021506593617,0.0,15.343565239123091,0.0,12.969223458008441,0.0,10.27971678779785,0.0,8.132266032389706,0.0,6.093105907277589,0.0,4.8901779880911445,0.0,2.253280791883292,0.0
Zogig,410.00392156862745,0.0,18.74232279070357,0.0,402.45110214814326,0.0,443.0,0.0,398.0,0.0,337.0,0.0,268.0,0.0,197.0,0.0,134.0,0.0,88.0,0.0,55.0,0.0,33.0,0.0,13.500852915752224,0.0,21.047565179849187,0.0,19.949937343260004,0.0,18.35755975068582,0.0,16.3707055437449,0.0,14.035668847618199,0.0,11.575836902790225,0.0,9.38083151964686,0.0,7.416198487095663,0.0,5.744562646538029,0.0,,,,,,,,,,,,,,,,,,,,,5.589460289774609,0.0,,,,,,,,,,,,,,,,,,,,,13.500472237223908,0.0,19.026863369500365,0.0,18.23683172207217,0.0,16.5708892885276,0.0,14.495438606009651,0.0,12.059201069722436,0.0,9.496120203343564,0.0,7.148694334979451,0.0,5.478844089211457,0.0,3.701783766118912,0.0
Zokel,367.46666666666664,0.0,17.87311422852959,0.0,379.2655989395622,0.0,379.0,0.0,342.0,0.0,295.0,0.0,237.0,0.0,169.0,0.0,110.0,0.0,72.0,0.0,47.0,0.0,12.0,0.0,12.860378654799542,0.0,19.467922333931785,0.0,18.49324200890693,0.0,17.175564037317667,0.0,15.394804318340652,0.0,13.0,0.0,10.488088481701515,0.0,8.48528137423857,0.0,6.855654600401044,0.0,3.4641016151377544,0.0,,,,,,,,,,,,,,,,,,,,,4.238962599901707,0.0,,,,,,,,,,,,,,,,,,,,,12.860822717764982,0.0,17.480587836434317,0.0,16.73828138540798,0.0,15.33687270542698,0.0,13.500334829950253,0.0,10.998801553085615,0.0,8.630210675264395,0.0,6.834323742907073,0.0,5.807201656873338,0.0,2.3754698188150707,0.0
Zonen,375.14509803921567,0.0,17.984729307769435,0.0,330.22658572998284,0.0,367.0,0.0,339.0,0.0,290.0,0.0,224.0,0.0,145.0,0.0,61.0,0.0,25.0,0.0,7.0,0.0,1.0,0.0,11.146383496016535,0.0,19.157244060668017,0.0,18.411952639521967,0.0,17.029386365926403,0.0,14.966629547095765,0.0,12.041594578792296,0.0,7.810249675906654,0.0,5.0,0.0,2.6457513110645907,0.0,1.0,0.0,,,,,,,,,,,,,,,,,,,,,2.2701805800403796,0.0,,,,,,,,,,,,,,,,,,,,,11.146892667483998,0.0,17.37031474933665,0.0,16.675386763509618,0.0,15.245318502665087,0.0,12.969742239122052,0.0,9.73031981040044,0.0,5.5896709627658,0.0,3.111854719010739,0.0,1.5906532620715712,0.0,0.25738542780190304,0.0
Zoten,350.4745098039216,0.0,17.33399297830963,0.0,339.6464613822953,0.0,348.0,0.0,319.0,0.0,269.0,0.0,206.0,0.0,135.0,0.0,70.0,0.0,36.0,0.0,10.0,0.0,1.0,0.0,11.42445033705996,0.0,18.65475810617763,0.0,17.86057109949175,0.0,16.401219466856727,0.0,14.352700094407323,0.0,11.61895003862225,0.0,8.366600265340756,0.0,6.0,0.0,3.1622776601683795,0.0,1.0,0.0,,,,,,,,,,,,,,,,,,,,,3.247581684396477,0.0,,,,,,,,,,,,,,,,,,,,,11.42478308824851,0.0,16.635459973778577,0.0,15.927508078599613,0.0,14.610546538871883,0.0,12.370504769151768,0.0,9.410959686803876,0.0,6.333146963503393,0.0,4.073002671152312,0.0,1.9097779270257458,0.0,0.25738542780190304,0.0
Zotis,308.18039215686275,0.0,16.1796793014916,0.0,350.2515168204141,0.0,308.0,0.0,278.0,0.0,227.0,0.0,178.0,0.0,126.0,0.0,81.0,0.0,48.0,0.0,14.0,0.0,1.0,0.0,11.811394386589575,0.0,17.549928774784245,0.0,16.673332000533065,0.0,15.066519173319364,0.0,13.341664064126334,0.0,11.224972160321824,0.0,9.0,0.0,6.928203230275509,0.0,3.7416573867739413,0.0,1.0,0.0,,,,,,,,,,,,,,,,,,,,,6.180358695585562,0.0,,,,,,,,,,,,,,,,,,,,,11.811381807008171,0.0,15.377026610679925,0.0,14.653429773937871,0.0,13.219079561578667,0.0,11.411272220319551,0.0,9.175617662361429,0.0,6.954217728610217,0.0,4.8946697592516815,0.0,2.614099820720061,0.0,0.25738542780190304,0.0
Ztltt,302.1764705882353,0.0,16.133123145799267,0.0,395.2295084135816,0.0,312.0,0.0,283.0,0.0,245.0,0.0,203.0,0.0,166.0,0.0,120.0,0.0,83.0,0.0,37.0,0.0,9.0,0.0,13.378525841799831,0.0,17.663521732655695,0.0,16.822603841260722,0.0,15.652475842498529,0.0,14.247806848775006,0.0,12.884098726725126,0.0,10.954451150103322,0.0,9.1104335791443,0.0,6.082762530298219,0.0,3.0,0.0,,,,,,,,,,,,,,,,,,,,,4.904046493497724,0.0,,,,,,,,,,,,,,,,,,,,,13.378428494551539,0.0,15.349440571116043,0.0,14.811273433734693,0.0,13.839678428524426,0.0,12.4280362865868,0.0,10.900091846210623,0.0,9.073299470888411,0.0,7.188583254432807,0.0,4.8648950287802855,0.0,2.055960002082635,0.0
Zuber,369.7372549019608,0.0,17.8183404513392,0.0,352.2750116761566,0.0,378.0,0.0,352.0,0.0,304.0,0.0,222.0,0.0,141.0,0.0,77.0,0.0,40.0,0.0,17.0,0.0,3.0,0.0,11.763876355208026,0.0,19.44222209522358,0.0,18.76166303929372,0.0,17.435595774162696,0.0,14.89966442575134,0.0,11.874342087037917,0.0,8.774964387392123,0.0,6.324555320336759,0.0,4.123105625617661,0.0,1.7320508075688772,0.0,,,,,,,,,,,,,,,,,,,,,5.108745931799868,0.0,,,,,,,,,,,,,,,,,,,,,11.763947749975761,0.0,17.54797962514112,0.0,16.882969382931933,0.0,15.445037179114031,0.0,12.730506005407044,0.0,9.707307263525955,0.0,6.88636715497366,0.0,4.444535444211801,0.0,2.8558322219350023,0.0,0.7165317473001379,0.0
Zucht,363.7176470588235,0.0,17.703841543081694,0.0,362.10767197695577,0.0,376.0,0.0,333.0,0.0,293.0,0.0,223.0,0.0,153.0,0.0,89.0,0.0,53.0,0.0,26.0,0.0,3.0,0.0,12.209377129617984,0.0,19.390719429665317,0.0,18.24828759089466,0.0,17.11724276862369,0.0,14.933184523068078,0.0,12.36931687685298,0.0,9.433981132056603,0.0,7.280109889280518,0.0,5.0990195135927845,0.0,1.7320508075688772,0.0,,,,,,,,,,,,,,,,,,,,,3.2252164243998136,0.0,,,,,,,,,,,,,,,,,,,,,12.209222883993712,0.0,17.243841437436156,0.0,16.32095253828928,0.0,15.082428979313663,0.0,12.884761967384803,0.0,10.250174570549573,0.0,7.433107939969508,0.0,5.647937750689721,0.0,4.208465774350626,0.0,0.7100271227343528,0.0
Zuhun,410.26666666666665,0.0,18.896582100240416,0.0,358.08848312559246,0.0,432.0,0.0,389.0,0.0,340.0,0.0,258.0,0.0,170.0,0.0,79.0,0.0,41.0,0.0,23.0,0.0,4.0,0.0,12.076361399147348,0.0,20.784609690826528,0.0,19.72308292331602,0.0,18.439088914585774,0.0,16.06237840420901,0.0,13.038404810405298,0.0,8.888194417315589,0.0,6.4031242374328485,0.0,4.795831523312719,0.0,2.0,0.0,,,,,,,,,,,,,,,,,,,,,2.8493922056732206,0.0,,,,,,,,,,,,,,,,,,,,,12.076561014289256,0.0,18.851291893122937,0.0,17.912694904511195,0.0,16.56278189021936,0.0,13.885950799095648,0.0,10.746761961075046,0.0,6.902798881267544,0.0,4.924428116571413,0.0,4.080913284021104,0.0,1.0401058349015257,0.0
Zunft,357.00392156862745,0.0,17.546475004474846,0.0,364.53021492226264,0.0,358.0,0.0,327.0,0.0,288.0,0.0,223.0,0.0,167.0,0.0,93.0,0.0,60.0,0.0,25.0,0.0,8.0,0.0,12.438638661276874,0.0,18.920887928424502,0.0,18.083141320025124,0.0,16.97056274847714,0.0,14.933184523068078,0.0,12.922847983320086,0.0,9.643650760992955,0.0,7.745966692414834,0.0,5.0,0.0,2.8284271247461903,0.0,,,,,,,,,,,,,,,,,,,,,4.227279911901732,0.0,,,,,,,,,,,,,,,,,,,,,12.43800343328212,0.0,16.984357705155563,0.0,16.3166686936514,0.0,15.129063623115774,0.0,13.006148507686975,0.0,10.794291678340807,0.0,7.609822188456377,0.0,5.954819070292981,0.0,3.8520868256671057,0.0,2.0114113695350144,0.0
Zunge,409.76862745098043,0.0,18.808852529782893,0.0,357.6433248833066,0.0,427.0,0.0,381.0,0.0,331.0,0.0,249.0,0.0,168.0,0.0,85.0,0.0,50.0,0.0,29.0,0.0,17.0,0.0,12.069892651086194,0.0,20.663978319771825,0.0,19.519221295943137,0.0,18.193405398660254,0.0,15.7797338380595,0.0,12.96148139681572,0.0,9.219544457292887,0.0,7.0710678118654755,0.0,5.385164807134504,0.0,4.123105625617661,0.0,,,,,,,,,,,,,,,,,,,,,4.342649317962339,0.0,,,,,,,,,,,,,,,,,,,,,12.07016009360609,0.0,18.74286854135563,0.0,17.759209571945842,0.0,16.333402607424883,0.0,13.746029925220027,0.0,10.795904641185558,0.0,7.226713138016123,0.0,5.247738724167929,0.0,3.8268861461141848,0.0,2.622155596436093,0.0
Zutar,333.7294117647059,0.0,16.91333269230156,0.0,350.73624332839313,0.0,333.0,0.0,304.0,0.0,261.0,0.0,198.0,0.0,137.0,0.0,84.0,0.0,46.0,0.0,10.0,0.0,1.0,0.0,11.830649125239121,0.0,18.24828759089466,0.0,17.435595774162696,0.0,16.15549442140351,0.0,14.071247279470288,0.0,11.704699910719626,0.0,9.16515138991168,0.0,6.782329983125268,0.0,3.1622776601683795,0.0,1.0,0.0,,,,,,,,,,,,,,,,,,,,,4.853450352372053,0.0,,,,,,,,,,,,,,,,,,,,,11.830727307172738,0.0,16.16750604024546,0.0,15.479107639508284,0.0,14.208405683378318,0.0,11.967251337586129,0.0,9.522341201041135,0.0,7.036209227923812,0.0,4.712390065557071,0.0,1.906864493020382,0.0,0.25738542780190304,0.0
Zvhlg,400.55294117647054,0.0,18.673970806922895,0.0,421.8045854222182,0.0,438.0,0.0,384.0,0.0,339.0,0.0,282.0,0.0,220.0,0.0,143.0,0.0,107.0,0.0,68.0,0.0,27.0,0.0,14.187526028459231,0.0,20.92844953645635,0.0,19.595917942265423,0.0,18.411952639521967,0.0,16.792855623746664,0.0,14.832396974191326,0.0,11.958260743101398,0.0,10.344080432788601,0.0,8.246211251235321,0.0,5.196152422706632,0.0,,,,,,,,,,,,,,,,,,,,,6.03679883939824,0.0,,,,,,,,,,,,,,,,,,,,,14.187333637420977,0.0,18.913061832975945,0.0,17.944499865697463,0.0,16.65220466224851,0.0,14.919129968966534,0.0,12.76190450093433,0.0,10.017898630131333,0.0,8.352826997932736,0.0,6.77693001741276,0.0,3.364219711559195,0.0
Zwack,402.52549019607847,0.0,18.54807608593979,0.0,416.21382483876187,0.0,419.0,0.0,389.0,0.0,344.0,0.0,282.0,0.0,214.0,0.0,150.0,0.0,97.0,0.0,60.0,0.0,31.0,0.0,14.063709641864545,0.0,20.46948949045872,0.0,19.72308292331602,0.0,18.547236990991408,0.0,16.792855623746664,0.0,14.628738838327793,0.0,12.24744871391589,0.0,9.848857801796104,0.0,7.745966692414834,0.0,5.5677643628300215,0.0,,,,,,,,,,,,,,,,,,,,,3.6194087241992325,0.0,,,,,,,,,,,,,,,,,,,,,14.063568990684056,0.0,18.59288896855076,0.0,17.969940390782536,0.0,16.680066758047694,0.0,14.935163463574657,0.0,12.461883131123415,0.0,10.184166401610945,0.0,7.7392761951989835,0.0,6.417389218441562,0.0,3.9103806753246433,0.0
Zwerg,405.27843137254905,0.0,18.648749021355687,0.0,425.28514145021995,0.0,431.0,0.0,399.0,0.0,344.0,0.0,287.0,0.0,220.0,0.0,151.0,0.0,101.0,0.0,65.0,0.0,42.0,0.0,14.24870116214063,0.0,20.760539492026695,0.0,19.974984355438178,0.0,18.547236990991408,0.0,16.941074346097416,0.0,14.832396974191326,0.0,12.288205727444508,0.0,10.04987562112089,0.0,8.06225774829855,0.0,6.48074069840786,0.0,,,,,,,,,,,,,,,,,,,,,4.469222577921449,0.0,,,,,,,,,,,,,,,,,,,,,14.248670899477727,0.0,18.781953159316163,0.0,18.215865344898376,0.0,16.677939651079072,0.0,15.082468998888968,0.0,12.682120764044376,0.0,10.219580257760544,0.0,7.8426510752026335,0.0,6.227496800412112,0.0,4.463947619946037,0.0
Zwest,359.5098039215686,0.0,17.47716959727382,0.0,395.0557099777821,0.0,370.0,0.0,339.0,0.0,286.0,0.0,241.0,0.0,182.0,0.0,120.0,0.0,77.0,0.0,48.0,0.0,26.0,0.0,13.374932343308231,0.0,19.235384061671343,0.0,18.411952639521967,0.0,16.911534525287763,0.0,15.524174696260024,0.0,13.490737563232042,0.0,10.954451150103322,0.0,8.774964387392123,0.0,6.928203230275509,0.0,5.0990195135927845,0.0,,,,,,,,,,,,,,,,,,,,,6.799926052836608,0.0,,,,,,,,,,,,,,,,,,,,,13.374342567722257,0.0,17.037911663914972,0.0,16.536224876706235,0.0,15.041607426357093,0.0,13.676669670396626,0.0,11.297907325784502,0.0,8.967801266124955,0.0,6.681147563980537,0.0,5.328117906036314,0.0,3.6236309146683454,0.0
Zwoig,403.78823529411767,0.0,18.563778069378827,0.0,432.9125162993747,0.0,434.0,0.0,402.0,0.0,347.0,0.0,289.0,0.0,221.0,0.0,160.0,0.0,110.0,0.0,69.0,0.0,42.0,0.0,14.494089765861892,0.0,20.83266665599966,0.0,20.049937655763422,0.0,18.627936010197157,0.0,17.0,0.0,14.866068747318506,0.0,12.649110640673518,0.0,10.488088481701515,0.0,8.306623862918075,0.0,6.48074069840786,0.0,,,,,,,,,,,,,,,,,,,,,4.683449831300294,0.0,,,,,,,,,,,,,,,,,,,,,14.493611328700492,0.0,18.826645889938206,0.0,18.234961645150655,0.0,16.785535757027628,0.0,15.153782564509042,0.0,12.776498305191968,0.0,10.504612050830836,0.0,8.125346618501485,0.0,6.476574612189846,0.0,4.463947619946037,0.0
Zwong,437.6274509803922,0.0,19.349194066787835,0.0,421.26222918742116,0.0,466.0,0.0,434.0,0.0,378.0,0.0,308.0,0.0,221.0,0.0,153.0,0.0,99.0,0.0,64.0,0.0,42.0,0.0,14.172326933602434,0.0,21.587033144922902,0.0,20.83266665599966,0.0,19.44222209522358,0.0,17.549928774784245,0.0,14.866068747318506,0.0,12.36931687685298,0.0,9.9498743710662,0.0,8.0,0.0,6.48074069840786,0.0,,,,,,,,,,,,,,,,,,,,,4.9704374632731705,0.0,,,,,,,,,,,,,,,,,,,,,14.17270137713108,0.0,19.60788252486861,0.0,19.043556966090506,0.0,17.565034564902025,0.0,15.647250087467942,0.0,12.712216389732616,0.0,10.185576206361196,0.0,7.679526847328676,0.0,6.206979136646769,0.0,4.463947619946037,0.0
Zwöck,412.8039215686275,0.0,18.76829191050654,0.0,428.0312702307971,0.0,439.0,0.0,408.0,0.0,360.0,0.0,298.0,0.0,223.0,0.0,157.0,0.0,106.0,0.0,68.0,0.0,35.0,0.0,14.363240004884126,0.0,20.952326839756964,0.0,20.199009876724155,0.0,18.973665961010276,0.0,17.26267650163207,0.0,14.933184523068078,0.0,12.529964086141668,0.0,10.295630140987,0.0,8.246211251235321,0.0,5.916079783099616,0.0,,,,,,,,,,,,,,,,,,,,,3.5852342604059104,0.0,,,,,,,,,,,,,,,,,,,,,14.363081244671521,0.0,19.01688898760792,0.0,18.371239179572665,0.0,17.068837020323976,0.0,15.381127347332528,0.0,12.774990056091909,0.0,10.489238933750105,0.0,8.245693290012413,0.0,6.973634996785881,0.0,4.2681846108564985,0.0
Zwölf,382.90588235294115,0.0,18.113531915304403,0.0,446.5271513148839,0.0,404.0,0.0,376.0,0.0,332.0,0.0,281.0,0.0,225.0,0.0,175.0,0.0,131.0,0.0,86.0,0.0,44.0,0.0,15.00168755055367,0.0,20.09975124224178,0.0,19.390719429665317,0.0,18.2208671582886,0.0,16.76305461424021,0.0,15.0,0.0,13.228756555322953,0.0,11.445523142259598,0.0,9.273618495495704,0.0,6.6332495807108,0.0,,,,,,,,,,,,,,,,,,,,,5.724300691752927,0.0,,,,,,,,,,,,,,,,,,,,,15.001114879821708,0.0,18.145026686804144,0.0,17.591539310730095,0.0,16.41780268804084,0.0,15.003384616531429,0.0,12.989269584786447,0.0,11.241558324671171,0.0,9.363373662099663,0.0,7.871838439369102,0.0,4.924546656771039,0.0
Zyste,334.8941176470588,0.0,16.86966934900138,0.0,371.78580476387225,0.0,347.0,0.0,306.0,0.0,257.0,0.0,209.0,0.0,158.0,0.0,97.0,0.0,68.0,0.0,28.0,0.0,13.0,0.0,12.562006424491765,0.0,18.627936010197157,0.0,17.4928556845359,0.0,16.0312195418814,0.0,14.45683229480096,0.0,12.569805089976535,0.0,9.848857801796104,0.0,8.246211251235321,0.0,5.291502622129181,0.0,3.605551275463989,0.0,,,,,,,,,,,,,,,,,,,,,4.257314750485938,0.0,,,,,,,,,,,,,,,,,,,,,12.562028001644086,0.0,16.421235701789097,0.0,15.499629977464593,0.0,14.212816198668174,0.0,12.529836394937442,0.0,10.390972664673825,0.0,7.859721154167071,0.0,6.217864107198604,0.0,3.626598969946216,0.0,2.659075484322901,0.0
Zähne,404.54509803921565,0.0,18.675108899976728,0.0,349.15255755062583,0.0,415.0,0.0,368.0,0.0,320.0,0.0,250.0,0.0,160.0,0.0,79.0,0.0,45.0,0.0,28.0,0.0,9.0,0.0,11.859177541936598,0.0,20.37154878746336,0.0,19.183326093250876,0.0,17.88854381999832,0.0,15.811388300841896,0.0,12.649110640673518,0.0,8.888194417315589,0.0,6.708203932499369,0.0,5.291502622129181,0.0,3.0,0.0,,,,,,,,,,,,,,,,,,,,,3.345735271936478,0.0,,,,,,,,,,,,,,,,,,,,,11.859742277012979,0.0,18.55728885727336,0.0,17.567713199884466,0.0,16.063797798110766,0.0,13.930208828018849,0.0,10.452952499716728,0.0,7.164640231948741,0.0,5.3145827438762705,0.0,4.621377492415672,0.0,2.176589898401351,0.0
Zätzä,364.2313725490196,0.0,17.57241074460652,0.0,361.7453574793541,0.0,371.0,0.0,334.0,0.0,285.0,0.0,219.0,0.0,158.0,0.0,101.0,0.0,54.0,0.0,24.0,0.0,12.0,0.0,12.270523223932358,0.0,19.261360284258224,0.0,18.275666882497067,0.0,16.881943016134134,0.0,14.798648586948742,0.0,12.569805089976535,0.0,10.04987562112089,0.0,7.3484692283495345,0.0,4.898979485566356,0.0,3.4641016151377544,0.0,,,,,,,,,,,,,,,,,,,,,3.102247162227716,0.0,,,,,,,,,,,,,,,,,,,,,12.270570322371226,0.0,17.34400820077456,0.0,16.49261745235911,0.0,15.014638841208559,0.0,12.832241279427159,0.0,10.418495311726447,0.0,7.984387045468077,0.0,5.424896390696421,0.0,3.766591484906341,0.0,2.932882566835988,0.0
Zöhlö,394.5176470588235,0.0,18.431002916610662,0.0,392.1328077038331,0.0,425.0,0.0,371.0,0.0,323.0,0.0,260.0,0.0,187.0,0.0,116.0,0.0,87.0,0.0,55.0,0.0,16.0,0.0,13.238621003649927,0.0,20.615528128088304,0.0,19.261360284258224,0.0,17.97220075561143,0.0,16.1245154965971,0.0,13.674794331177344,0.0,10.770329614269007,0.0,9.327379053088816,0.0,7.416198487095663,0.0,4.0,0.0,,,,,,,,,,,,,,,,,,,,,3.2343354344571975,0.0,,,,,,,,,,,,,,,,,,,,,13.237493293577222,0.0,18.67444936200244,0.0,17.53812614691851,0.0,16.229701782683815,0.0,14.341785243643367,0.0,11.693480915846123,0.0,9.027638020221673,0.0,7.813984327315895,0.0,6.7870893401481425,0.0,2.895927060074455,0.0
Zügel,397.35294117647055,0.0,18.530409351712184,0.0,392.7119688023912,0.0,423.0,0.0,381.0,0.0,328.0,0.0,258.0,0.0,177.0,0.0,117.0,0.0,80.0,0.0,57.0,0.0,30.0,0.0,13.25130931232085,0.0,20.566963801203133,0.0,19.519221295943137,0.0,18.110770276274835,0.0,16.06237840420901,0.0,13.30413469565007,0.0,10.816653826391969,0.0,8.94427190999916,0.0,7.54983443527075,0.0,5.477225575051661,0.0,,,,,,,,,,,,,,,,,,,,,5.468207656472262,0.0,,,,,,,,,,,,,,,,,,,,,13.251543192482723,0.0,18.553742227691103,0.0,17.708006452237846,0.0,16.296623392908007,0.0,14.113635503324234,0.0,11.337029066136923,0.0,9.020423225256113,0.0,7.128982624253431,0.0,5.988350084538144,0.0,3.886301760695159,0.0
Ädarn,395.8196078431373,0.0,18.429128774564077,0.0,380.66652007353963,0.0,397.0,0.0,369.0,0.0,329.0,0.0,262.0,0.0,192.0,0.0,117.0,0.0,69.0,0.0,33.0,0.0,16.0,0.0,12.919569420800993,0.0,19.924858845171276,0.0,19.209372712298546,0.0,18.138357147217054,0.0,16.186414056238647,0.0,13.856406460551018,0.0,10.816653826391969,0.0,8.306623862918075,0.0,5.744562646538029,0.0,4.0,0.0,,,,,,,,,,,,,,,,,,,,,5.146726234321701,0.0,,,,,,,,,,,,,,,,,,,,,12.919625174712817,0.0,18.238901814316936,0.0,17.53137247231469,0.0,16.426703155498537,0.0,14.263844382770987,0.0,11.797743352308222,0.0,8.829566794602608,0.0,6.544672047010695,0.0,4.8630738576422745,0.0,3.0791972437242623,0.0
Ämter,388.9568627450981,0.0,18.26380987772046,0.0,449.5864024750753,0.0,417.0,0.0,385.0,0.0,335.0,0.0,297.0,0.0,228.0,0.0,167.0,0.0,125.0,0.0,72.0,0.0,54.0,0.0,14.990541668368138,0.0,20.42057785666214,0.0,19.621416870348583,0.0,18.303005217723125,0.0,17.233687939614086,0.0,15.0996688705415,0.0,12.922847983320086,0.0,11.180339887498949,0.0,8.48528137423857,0.0,7.3484692283495345,0.0,,,,,,,,,,,,,,,,,,,,,9.915974420195996,0.0,,,,,,,,,,,,,,,,,,,,,14.990614402184654,0.0,18.20113873179099,0.0,17.54625352151175,0.0,16.579929046474046,0.0,15.376521264675333,0.0,13.27298117351227,0.0,11.121172191337298,0.0,9.379653009977043,0.0,7.12103801444457,0.0,6.234100470797988,0.0
Äpfel,380.77647058823527,0.0,18.142960840671194,0.0,417.03327178041866,0.0,393.0,0.0,359.0,0.0,320.0,0.0,264.0,0.0,202.0,0.0,151.0,0.0,109.0,0.0,73.0,0.0,37.0,0.0,14.147151856355134,0.0,19.82422760159901,0.0,18.947295321496416,0.0,17.88854381999832,0.0,16.24807680927192,0.0,14.212670403551895,0.0,12.288205727444508,0.0,10.44030650891055,0.0,8.54400374531753,0.0,6.082762530298219,0.0,,,,,,,,,,,,,,,,,,,,,7.695322921267455,0.0,,,,,,,,,,,,,,,,,,,,,14.14722953215431,0.0,17.86326570044513,0.0,17.21811161017779,0.0,16.136871491731686,0.0,14.374075043808828,0.0,12.35590218172107,0.0,10.495734248839723,0.0,8.801753369475101,0.0,7.231051645934514,0.0,4.7997838628083205,0.0
Ärger,371.14509803921567,0.0,17.85779273162489,0.0,399.4958840537455,0.0,382.0,0.0,353.0,0.0,311.0,0.0,262.0,0.0,183.0,0.0,126.0,0.0,78.0,0.0,48.0,0.0,22.0,0.0,13.404397744112579,0.0,19.544820285692065,0.0,18.788294228055936,0.0,17.635192088548397,0.0,16.186414056238647,0.0,13.527749258468683,0.0,11.224972160321824,0.0,8.831760866327848,0.0,6.928203230275509,0.0,4.69041575982343,0.0,,,,,,,,,,,,,,,,,,,,,5.8780426719467584,0.0,,,,,,,,,,,,,,,,,,,,,13.404154441865368,0.0,17.597907125313274,0.0,16.99395173792663,0.0,15.776554832036531,0.0,14.120525740559133,0.0,11.481620881245389,0.0,9.191982432630194,0.0,6.752581891048769,0.0,5.11907377677455,0.0,3.084398347437569,0.0
Ärmel,389.78431372549016,0.0,18.368351582798088,0.0,460.8247925963723,0.0,415.0,0.0,377.0,0.0,338.0,0.0,299.0,0.0,239.0,0.0,188.0,0.0,142.0,0.0,96.0,0.0,58.0,0.0,15.37685082404891,0.0,20.37154878746336,0.0,19.4164878389476,0.0,18.384776310850235,0.0,17.291616465790582,0.0,15.459624833740307,0.0,13.711309200802088,0.0,11.916375287812984,0.0,9.797958971132712,0.0,7.615773105863909,0.0,,,,,,,,,,,,,,,,,,,,,5.375945820553273,0.0,,,,,,,,,,,,,,,,,,,,,15.376610630885045,0.0,18.33882150572185,0.0,17.649796089609353,0.0,16.664673920246315,0.0,15.472276414728295,0.0,13.647448114967457,0.0,11.875178495637332,0.0,10.127362634464742,0.0,8.202559441039837,0.0,6.266465932020946,0.0
Ärzte,333.10980392156864,0.0,16.919037367762662,0.0,381.3802498832388,0.0,341.0,0.0,310.0,0.0,271.0,0.0,222.0,0.0,165.0,0.0,107.0,0.0,66.0,0.0,31.0,0.0,6.0,0.0,12.841784164802545,0.0,18.466185312619388,0.0,17.60681686165901,0.0,16.46207763315433,0.0,14.89966442575134,0.0,12.84523257866513,0.0,10.344080432788601,0.0,8.12403840463596,0.0,5.5677643628300215,0.0,2.449489742783178,0.0,,,,,,,,,,,,,,,,,,,,,4.72952755602506,0.0,,,,,,,,,,,,,,,,,,,,,12.84205972434881,0.0,16.50645393700337,0.0,15.721210157954665,0.0,14.618619579851435,0.0,12.90624788520867,0.0,10.799282109555605,0.0,8.275796821591305,0.0,6.132205807211256,0.0,3.9829649344524274,0.0,1.6214216406787294,0.0
Ödlor,379.46274509803925,0.0,18.009279935165658,0.0,399.06782132376486,0.0,398.0,0.0,357.0,0.0,316.0,0.0,253.0,0.0,182.0,0.0,141.0,0.0,93.0,0.0,55.0,0.0,19.0,0.0,13.442403191619324,0.0,19.949937343260004,0.0,18.894443627691185,0.0,17.776388834631177,0.0,15.905973720586866,0.0,13.490737563232042,0.0,11.874342087037917,0.0,9.643650760992955,0.0,7.416198487095663,0.0,4.358898943540674,0.0,,,,,,,,,,,,,,,,,,,,,9.111144553847273,0.0,,,,,,,,,,,,,,,,,,,,,13.442716554228195,0.0,17.948342427217185,0.0,17.011826248077142,0.0,15.937969613204377,0.0,14.001093752999438,0.0,11.620601393306933,0.0,9.972543428256284,0.0,7.992410577881293,0.0,6.409403749986642,0.0,3.4931554779991596,0.0
Öktie,367.81568627450974,0.0,17.71480807745511,0.0,397.15296520370487,0.0,388.0,0.0,347.0,0.0,302.0,0.0,244.0,0.0,190.0,0.0,133.0,0.0,88.0,0.0,52.0,0.0,18.0,0.0,13.444429254792137,0.0,19.697715603592208,0.0,18.627936010197157,0.0,17.378147196982766,0.0,15.620499351813308,0.0,13.784048752090222,0.0,11.532562594670797,0.0,9.38083151964686,0.0,7.211102550927978,0.0,4.242640687119285,0.0,,,,,,,,,,,,,,,,,,,,,9.327880079166137,0.0,,,,,,,,,,,,,,,,,,,,,13.444740838148014,0.0,17.632098050693134,0.0,16.72345508900676,0.0,15.524930800874895,0.0,13.72990086320617,0.0,11.915691673408505,0.0,9.65802686378648,0.0,7.632344764809806,0.0,5.8395688628908795,0.0,3.4366604291859426,0.0
Öllau,363.8666666666667,0.0,17.665056617457026,0.0,407.63510216973964,0.0,389.0,0.0,351.0,0.0,299.0,0.0,242.0,0.0,191.0,0.0,148.0,0.0,96.0,0.0,56.0,0.0,16.0,0.0,13.807012352305435,0.0,19.72308292331602,0.0,18.734993995195193,0.0,17.291616465790582,0.0,15.556349186104045,0.0,13.820274961085254,0.0,12.165525060596439,0.0,9.797958971132712,0.0,7.483314773547883,0.0,4.0,0.0,,,,,,,,,,,,,,,,,,,,,4.691737683376155,0.0,,,,,,,,,,,,,,,,,,,,,13.807543401230353,0.0,17.694826603635935,0.0,16.91319323117096,0.0,15.467392540145914,0.0,13.534654769237932,0.0,11.821000968594774,0.0,10.28749519943407,0.0,8.162953657227517,0.0,6.447884989870234,0.0,3.2161821081945634,0.0
Öteme,412.19215686274504,0.0,18.707764528977393,0.0,435.4104864030145,0.0,452.0,0.0,395.0,0.0,342.0,0.0,289.0,0.0,232.0,0.0,164.0,0.0,120.0,0.0,82.0,0.0,51.0,0.0,14.598503704182143,0.0,21.2602916254693,0.0,19.87460691435179,0.0,18.49324200890693,0.0,17.0,0.0,15.231546211727817,0.0,12.806248474865697,0.0,10.954451150103322,0.0,9.055385138137417,0.0,7.14142842854285,0.0,,,,,,,,,,,,,,,,,,,,,4.4646116139100895,0.0,,,,,,,,,,,,,,,,,,,,,14.597864462074414,0.0,19.06335084340213,0.0,17.98381959947803,0.0,16.754387579960632,0.0,15.242405703193757,0.0,13.42072197441255,0.0,11.109049271294866,0.0,9.422627592358841,0.0,7.44069669343455,0.0,5.9614314265740935,0.0
Übles,376.42352941176466,0.0,17.897352670237158,0.0,369.93399826679956,0.0,391.0,0.0,357.0,0.0,289.0,0.0,228.0,0.0,160.0,0.0,109.0,0.0,58.0,0.0,37.0,0.0,21.0,0.0,12.482656274155248,0.0,19.77371993328519,0.0,18.894443627691185,0.0,17.0,0.0,15.0996688705415,0.0,12.649110640673518,0.0,10.44030650891055,0.0,7.615773105863909,0.0,6.082762530298219,0.0,4.58257569495584,0.0,,,,,,,,,,,,,,,,,,,,,8.202865868659412,0.0,,,,,,,,,,,,,,,,,,,,,12.48292005369662,0.0,17.78745975826327,0.0,17.083124077628927,0.0,15.174453675479706,0.0,13.196336184912184,0.0,10.916808718956966,0.0,8.781885961081494,0.0,6.250754866427714,0.0,5.37045083656249,0.0,3.8415623604757765,0.0
